x,y,u,v,p,d,F,N
0.012,0.0089284947632225,0.1712727183480916,0.0702630295198759,20.82672557842936,0.0084,0.7,10
0.012,0.0089635009642077,0.1096219662940365,0.0318297793810222,32.640538064923966,0.0084,0.7,10
0.0119477701472305,0.0089413205342335,0.1071952245641038,0.0226944335339979,17.412912573446047,0.0084,0.7,10
0.012,0.0054674439939008,0.1629852384797223,-0.0646585654659793,22.305339076235715,0.0084,0.7,10
0.0119363479436229,0.0054529581563818,0.0894084122228897,-0.0143185084134449,16.57052628936854,0.0084,0.7,10
0.012,0.0054332695939891,0.1027449380713724,-0.0286388860239513,34.09428805335769,0.0084,0.7,10
0.0119390235976287,0.008907134737875,0.1616583775285573,0.0344846098932068,13.80145889491106,0.0084,0.7,10
0.012,0.0088763135380307,0.2458424507571176,0.1077283542887298,13.300944876481315,0.0084,0.7,10
0.012,0.0055172266679867,0.2349231120931504,-0.0994869162884741,14.327688407822524,0.0084,0.7,10
0.0119166381125123,0.005490252299562,0.1450913929590209,-0.0203328005978518,13.313356151664204,0.0084,0.7,10
0.012,0.0088241323128389,0.3145820994570628,0.1336879246633762,8.818355306182307,0.0084,0.7,10
0.0119318066443351,0.0088476994036748,0.2518023859436614,0.0570225053408216,10.608005703078788,0.0084,0.7,10
0.012,0.0055670093420726,0.3010733792827461,-0.1271272638130104,9.945097623737832,0.0084,0.7,10
0.011927936609935,0.0055538207593713,0.2503735983454281,-0.0555420721106951,10.241012522880483,0.0084,0.7,10
0.0119278062866279,0.0087728941558629,0.3527034552075666,0.0820978823553038,7.367662644990818,0.0084,0.7,10
0.012,0.008727032615002,0.4300554428779147,0.1650975156710066,5.447660590483831,0.0084,0.7,10
0.012,0.0056581586435185,0.410038799299513,-0.1596689672431666,6.005403269783296,0.0084,0.7,10
0.0119262241097314,0.005630439013674,0.3536265978895518,-0.0817363217207489,7.069773170702419,0.0084,0.7,10
0.0119229774067392,0.0086640788225387,0.4832544238453662,0.1065366868653391,4.474218000820032,0.0084,0.7,10
0.012,0.0086070818755822,0.5566249256090907,0.1843891769701503,2.689674979724677,0.0084,0.7,10
0.0119203017291082,0.0057485522867928,0.4923109678251219,-0.1060295399913082,4.177679768060812,0.0084,0.7,10
0.012,0.005800413457985,0.5602873077590029,-0.1844446319398873,2.71122646081858,0.0084,0.7,10
0.0119152372040722,0.0085277135924972,0.6250989071240382,0.1202335421652993,2.1936299346930634,0.0084,0.7,10
0.012,0.0084705604410535,0.6834882068849449,0.1912503496659008,0.708494572383124,0.0084,0.7,10
0.0119142657014203,0.0058839724475148,0.6325998260295799,-0.1196809439226525,1.997637966003379,0.0084,0.7,10
0.012,0.0059300961782339,0.6802383403673987,-0.1902554346145753,0.6381694159457105,0.0084,0.7,10
0.011910810624779,0.0084008908134422,0.7403529458796091,0.1245242848955655,0.7357452874517821,0.0084,0.7,10
0.012,0.0083479297430176,0.7827006524976688,0.18751935590127,-0.6348152694710152,0.0084,0.7,10
0.0119062165970518,0.0082908988924662,0.8275001258562821,0.1222449208998324,-0.1983912104071668,0.0084,0.7,10
0.0119999999999999,0.0082355413192999,0.8623553485028795,0.1789266638590702,-1.4833098973697776,0.0084,0.7,10
0.0119016072782519,0.0081755703111922,0.9077563692223533,0.1159758894462405,-0.8768651401506699,0.0084,0.7,10
0.0119999999999999,0.0081175559206926,0.9358182243571644,0.1659289026147317,-2.0923720709348643,0.0084,0.7,10
0.0118971028191588,0.0080546151174921,0.9807367262746856,0.1062945377432972,-1.4229387547656849,0.0084,0.7,10
0.012,0.0079936985223495,1.0021593017937207,0.1488434920781719,-2.580142251635426,0.0084,0.7,10
0.0119103966305659,0.0059996905064359,0.7369391756497645,-0.1232952849754397,0.6674761759638158,0.0084,0.7,10
0.012,0.0060520646796155,0.778696520186077,-0.1866029877201066,-0.6498998360462863,0.0084,0.7,10
0.0118917041451459,0.0079276386705528,1.045813732754607,0.0932874590963016,-1.8375037118419828,0.0084,0.7,10
0.012,0.0078636788115213,1.060466012579705,0.1281583813898507,-2.9516738909795763,0.0084,0.7,10
0.011905952688572,0.0061091387653548,0.8237738661780779,-0.1209983087196651,-0.2155246242266215,0.0084,0.7,10
0.012,0.0061644557077317,0.8586175296441274,-0.1779442994149015,-1.49973966771739,0.0084,0.7,10
0.0118864636445871,0.0077940216631648,1.1021167000913736,0.0778761922954196,-2.150596657568881,0.0084,0.7,10
0.012,0.0077271921687299,1.1097420947467849,0.1042348701353399,-3.229712072962847,0.0084,0.7,10
0.0118819925000284,0.0076537066833542,1.1483324283035696,0.0605842884707907,-2.3826959122362577,0.0084,0.7,10
0.012,0.0075839592799645,1.148799675914414,0.077387379756534,-3.4242753458265347,0.0084,0.7,10
0.0118783693087291,0.0075072455205362,1.18295431334416,0.0417460812169512,-2.544244796891152,0.0084,0.7,10
0.012,0.0074331120117872,1.1763167991126886,0.0478437202803905,-3.548783594539888,0.0084,0.7,10
0.0119012571135592,0.0062241457576145,0.9041029424515002,-0.1145394248670744,-0.8970686047932038,0.0084,0.7,10
0.012,0.0062824424283827,0.9323674111243104,-0.1648359709156972,-2.1122214380257045,0.0084,0.7,10
0.011896285107508,0.0063448734629821,0.977348867441014,-0.1045104317701626,-1.4375322963114898,0.0084,0.7,10
0.0119999999999999,0.0064062981658226,0.9990619920851618,-0.1476596385715411,-2.598710985662253,0.0084,0.7,10
0.0118911855916043,0.006472138911169,1.0429970789395169,-0.0914866870953475,-1.8545529959261888,0.0084,0.7,10
0.012,0.0065363172605464,1.0578063542940592,-0.1268692584800176,-2.970725091738498,0.0084,0.7,10
0.0118765551662798,0.0073547807949258,1.204496686400309,0.0217303622190184,-2.644098211684008,0.0084,0.7,10
0.012,0.0072777057420782,1.1903552269747155,0.0166029261979522,-3.617195171559026,0.0084,0.7,10
0.0118864887674598,0.0066061241456825,1.0998842966813298,-0.0760645346928719,-2.172380920795693,0.0084,0.7,10
0.012,0.0066728064940523,1.1075938951211275,-0.1028251362180508,-3.2471396661644305,0.0084,0.7,10
0.0118760752005468,0.0071998925942458,1.2115784906348173,0.001100592917712,-2.680712621625217,0.0084,0.7,10
0.012,0.0071222942579217,1.1900283831170162,-0.0149314543654711,-3.620079093317892,0.0084,0.7,10
0.0118767114259198,0.007044670181838,1.203824147784899,-0.0196226296137741,-2.653820725163909,0.0084,0.7,10
0.012,0.0069668879882127,1.1753544376974592,-0.0462126321540736,-3.558808728504038,0.0084,0.7,10
0.0118791871593208,0.0068930509244005,1.1817189668458403,-0.0397359771924735,-2.565299405453045,0.0084,0.7,10
0.012,0.0068160407200354,1.1472208481196369,-0.0758655005391133,-3.4396037895740803,0.0084,0.7,10
0.0118824131586045,0.0067466841394071,1.1466387520138428,-0.0586661122378679,-2.406204978281774,0.0084,0.7,10
0.0077503955093895,0.0127750395509389,0.00031343751319800266,-0.0039010029222923,20.190538305529977,0.0084,0.7,10
0.0077740761584294,0.0127133864440494,0.0002754807055414596,-0.0028638206057747,20.17621135655529,0.0084,0.7,10
0.0077875428615147,0.0127787542861514,0.00017116060104857005,-0.0018839065132226,20.178977014605653,0.0084,0.7,10
0.0077132481572644,0.0127713248157264,0.0004043326707187857,-0.0058250355418834,20.19801944062883,0.0084,0.7,10
0.0077398628996004,0.0126924446727969,0.0004182925071373415,-0.0046728684843506,20.17795285319929,0.0084,0.7,10
0.007651175303402,0.0127651175303402,0.0004944802299838587,-0.008961255756617,20.209658155334328,0.0084,0.7,10
0.0076760310498881,0.0126936688816297,0.0005546411225639984,-0.0077915645490489,20.19714747930796,0.0084,0.7,10
0.0075586955586645,0.0127558695558664,0.0004632896774965536,-0.013146645060151,20.204362991133934,0.0084,0.7,10
0.007595626049132,0.0126831734102913,0.000607596818661709,-0.0114660659694329,20.20023782391087,0.0084,0.7,10
0.0042416411201779,0.0124241641120177,0.0002850710246827025,-0.003435766196198,19.60923277167416,0.0084,0.7,10
0.0042108124266713,0.0124210812426671,0.00016113479129845624,-0.0017685953917207,19.620546297708216,0.0084,0.7,10
0.0042373940542502,0.0123777102503875,0.00022426859157076727,-0.0030475108305053,19.617925122424307,0.0084,0.7,10
0.0074766702768785,0.0126667522434465,0.000565563564307559,-0.0164838740197877,20.21082292597317,0.0084,0.7,10
0.0074150824594006,0.01274150824594,0.00026784289865366777,-0.0191362552286996,20.22251481644348,0.0084,0.7,10
0.0042835083457785,0.0124283508345778,0.00039802323368351146,-0.0056280425509831,19.60181852283297,0.0084,0.7,10
0.0042760778828424,0.0123569881182653,0.0003023468918028647,-0.0050821819987058,19.59441254722697,0.0084,0.7,10
0.007340662514529,0.0126475225237023,0.0003451950791949786,-0.0216568575152881,20.213150016510586,0.0084,0.7,10
0.0072852120849938,0.0127285212084993,-1.8547777361749885e-05,-0.0238427717052881,20.21591253691731,0.0084,0.7,10
0.0043511011659914,0.0124351101165991,0.0004849075515247206,-0.0089998532335852,19.586999202076797,0.0084,0.7,10
0.0043362939390099,0.0123633636375238,0.0003773845634405735,-0.0082090801271246,19.58396190851912,0.0084,0.7,10
0.0072236863378006,0.0126323451196405,0.00010872947636986056,-0.025582754026092,20.20161812018293,0.0084,0.7,10
0.0071608181800763,0.0127160818180076,-0.0003072745603946132,-0.027782129853325,20.204011527253964,0.0084,0.7,10
0.0071126051943608,0.0126164215232159,-0.0001091082694830883,-0.0288954289326133,20.186228972860743,0.0084,0.7,10
0.0070466409047426,0.0127046640904742,-0.0005547432277358667,-0.0309421553362342,20.18685360786898,0.0084,0.7,10
0.0044153209426023,0.0123689641800341,0.0003624910410801464,-0.0120072106957424,19.571918707718822,0.0084,0.7,10
0.0044566511627104,0.012445665116271,0.0004462057530855884,-0.0138165589585732,19.57631881244225,0.0084,0.7,10
0.0069960239895466,0.0125996203973981,-0.0003155964226866312,-0.0319610117667802,20.164137540052177,0.0084,0.7,10
0.0069266884887495,0.0126926688488749,-0.0007780387820563098,-0.0338444550649678,20.163188973175888,0.0084,0.7,10
0.0045326412155318,0.012373709637819,0.0001897807453089698,-0.0170837817482893,19.56171649793424,0.0084,0.7,10
0.0045851251372236,0.0124585125137223,0.0002450049863010015,-0.0190044994146325,19.568053675751933,0.0084,0.7,10
0.0068734335161175,0.0125818608960398,-0.0004987609342335764,-0.034762230704702,20.13705273336996,0.0084,0.7,10
0.0068006743132096,0.0126800674313209,-0.0009675396117378276,-0.0364536044917534,20.134431328485206,0.0084,0.7,10
0.0067443582956779,0.0125635115309697,-0.0006544805416284705,-0.0372676356331241,20.104609162771396,0.0084,0.7,10
0.0066682897311223,0.0126668289731122,-0.0011173558350414,-0.0387369658489944,20.10044819624277,0.0084,0.7,10
0.006608634195469,0.0125450236964273,-0.0007839715457501496,-0.0394328045046932,20.067180368652227,0.0084,0.7,10
0.0065292126527282,0.0126529212652728,-0.0012272102737777,-0.0406563413262859,20.061480305415625,0.0084,0.7,10
0.006466544710992,0.0125264869074658,-0.0008910428752378106,-0.0412048437677689,20.02516125536057,0.0084,0.7,10
0.006383465522391,0.0126383465522391,-0.0013010531467544,-0.0421625203652396,20.018000133246183,0.0084,0.7,10
0.0046691837411052,0.0123828812426958,-0.00012272071877744402,-0.0222758248242242,19.5606275510582,0.0084,0.7,10
0.0047136556612148,0.0124713655661214,-4.569976735084528e-05,-0.0236236929770453,19.57322878649178,0.0084,0.7,10
0.0047925109484789,0.0123886007644304,-0.0004378477412436915,-0.0263692267622466,19.57036768926312,0.0084,0.7,10
0.0048376849644384,0.0124837684964438,-0.00033738719324805745,-0.0275388229640198,19.588677278599068,0.0084,0.7,10
0.0049045788173039,0.0123949051310606,-0.0006959247968311473,-0.0296280071370935,19.58593473889243,0.0084,0.7,10
0.0049517871221991,0.0124951787122199,-0.0005879613806896624,-0.0306960274677808,19.608388846640665,0.0084,0.7,10
0.0063180419593124,0.0125088049653018,-0.000986734542270662,-0.0425364480630101,19.97936570977596,0.0084,0.7,10
0.0062314984277597,0.0126231498427759,-0.0013456448254372,-0.0432022431785226,19.9708526508956,0.0084,0.7,10
0.0050222556616183,0.0124017772852354,-0.0009245853589492704,-0.0326208315524647,19.60575987425818,0.0084,0.7,10
0.0050716602995175,0.0125071660299517,-0.0008132579285863394,-0.0336048507665302,19.63167566810324,0.0084,0.7,10
0.0051457455403551,0.0124090358045798,-0.0011086311828656,-0.03532670560081,19.63140008437858,0.0084,0.7,10
0.0051975934303816,0.0125197593430381,-0.0010031542511064,-0.0362295814547092,19.66049536477905,0.0084,0.7,10
0.0061655962192922,0.0124917813727597,-0.0010742923435464,-0.0433679189121054,19.93095922787128,0.0084,0.7,10
0.0060764719397416,0.0126076471939741,-0.0013684475666071,-0.0437177581192441,19.921683345464245,0.0084,0.7,10
0.0060108563622347,0.0124760689026194,-0.0011588395139877,-0.0436716473562743,19.881291177921643,0.0084,0.7,10
0.0059214450600272,0.0125921445060027,-0.0013737032000807,-0.043691360265259,19.87200315539155,0.0084,0.7,10
0.0052754796544586,0.0124168784136673,-0.0012375454933186,-0.0377224359782352,19.66225121609728,0.0084,0.7,10
0.0053298913572283,0.0125329891357228,-0.0011513154765302,-0.0385372808605021,19.6943623541843,0.0084,0.7,10
0.0054117639341721,0.0124256686817315,-0.0013080811066358,-0.0397765748643615,19.69817053594954,0.0084,0.7,10
0.0054688729135857,0.0125468872913585,-0.001257167603908,-0.0404893709480286,19.733008270423195,0.0084,0.7,10
0.0058560858345163,0.0124607820087756,-0.0012340219072743,-0.0434382545405689,19.83165620883599,0.0084,0.7,10
0.0057664200461561,0.0125766420046156,-0.0013608868970771,-0.0431236276470332,19.82284414068268,0.0084,0.7,10
0.0055544574181956,0.0124356338729976,-0.0013235113632411,-0.0414462763636645,19.738819072890724,0.0084,0.7,10
0.0056145330697626,0.0125614533069762,-0.0013246983545535,-0.0420366257179116,19.77603086256777,0.0084,0.7,10
0.005703147347274,0.0124468277106156,-0.0012930926205541,-0.0426838858126207,19.78362020542723,0.0084,0.7,10
0.0077528755137709,0.0007752875513770902,0.000308226341370215,-0.0037716716631462,20.21546472015226,0.0084,0.7,10
0.0077891908968072,0.0007789190896807253,0.00016251915502500647,-0.0017907362330133,20.203340951340312,0.0084,0.7,10
0.0077621584169537,0.0008221713481731261,0.00023150358079785017,-0.0031013360124781,20.21094840928096,0.0084,0.7,10
0.0077237747426915,0.0008403101814379472,0.000315857979069599,-0.0051331359158544,20.234939118883435,0.0084,0.7,10
0.007700983575882,0.0007700983575882038,0.00042636171930563626,-0.00645060639242,20.22772111208764,0.0084,0.7,10
0.0076490916379931,0.0007649091637993175,0.0004977082915721438,-0.0090666986474532,20.23917635650217,0.0084,0.7,10
0.00766247595827,0.0008357952172495992,0.0003910270334410425,-0.008330192572919,20.245830927166683,0.0084,0.7,10
0.0075751329836695,0.0008313124341184033,0.0003700347740078791,-0.0124750483068177,20.267115374985423,0.0084,0.7,10
0.0075436106421996,0.0007543610642199622,0.0004485660848176454,-0.0137953221817303,20.270255483899348,0.0084,0.7,10
0.0074668173091942,0.0008242570799325758,0.0001736195879461851,-0.0171681136381377,20.272028846868437,0.0084,0.7,10
0.0074150834464558,0.0007415083446455858,0.0002658581393913424,-0.0191297934220183,20.258698715010432,0.0084,0.7,10
0.0073295658540971,0.0008171001189988226,-0.00012383697210883746,-0.022482742108961,20.26608694012766,0.0084,0.7,10
0.0072866203439717,0.0007286620343971719,-1.4839004613925518e-05,-0.023795876810246,20.25280176621732,0.0084,0.7,10
0.0072064280924358,0.0008101343874380144,-0.0004234407655924286,-0.0265887024453366,20.25609259362084,0.0084,0.7,10
0.0071623151889099,0.000716231518890993,-0.0003040831203357106,-0.0277376476007262,20.237221888455995,0.0084,0.7,10
0.0070955072238982,0.0008036924850948392,-0.0006726450740485395,-0.0298233404949144,20.24030317318568,0.0084,0.7,10
0.0070482129907372,0.0007048212990737265,-0.0005514639255426094,-0.0309016116112028,20.217347316705197,0.0084,0.7,10
0.0069781374208832,0.0007969987335212235,-0.0008967694230445873,-0.0328120861687533,20.220334907265585,0.0084,0.7,10
0.0069283397803405,0.0006928339780340525,-0.0007752442737489414,-0.0338074640179346,20.19390180858372,0.0084,0.7,10
0.0042437683122546,0.0004243768312254661,0.0002913290084094467,-0.0035504378941654,19.633526479170943,0.0084,0.7,10
0.0042264255434592,0.0004860845060588693,0.0002767266784496032,-0.0028606938259145,19.64808769763224,0.0084,0.7,10
0.0042125517954941,0.00042125517954941705,0.0001694920017667848,-0.0018642552276634,19.64700908717205,0.0084,0.7,10
0.0068545380709025,0.0007900805727652945,-0.00107908153468,-0.0355161134758707,20.194553087792244,0.0084,0.7,10
0.0068024066240466,0.000680240662404666,-0.0009652340213011614,-0.03642087239936,20.16494931140837,0.0084,0.7,10
0.0042840696487153,0.0004284069648715363,0.0003981665366334685,-0.0056531017264226,19.627886967190705,0.0084,0.7,10
0.0042620778251651,0.0005099994033212202,0.000428873758813432,-0.0047400717383468,19.645383780439897,0.0084,0.7,10
0.0067244374885928,0.0007825109491316363,-0.0012081231957597,-0.0379050924371809,20.16343703962096,0.0084,0.7,10
0.0066701086784271,0.0006670108678427166,-0.0011156039914363,-0.038708844883409,20.13096958347245,0.0084,0.7,10
0.0043499984919849,0.00043499984919849656,0.000486114210927087,-0.0089564649808321,19.618705971001305,0.0084,0.7,10
0.0043244571744633,0.0005066104829052361,0.0005586743158637505,-0.0077611849730938,19.626625933725645,0.0084,0.7,10
0.0065878780668569,0.0007737988063191758,-0.0012806580703395,-0.03994036510062,20.127240312955013,0.0084,0.7,10
0.0065311270864142,0.0006531127086414282,-0.0012259668777193,-0.0406333372426089,20.09225642399578,0.0084,0.7,10
0.0044081109103365,0.0005178639414022313,0.0006143010486820312,-0.0115862441687509,19.61514228988805,0.0084,0.7,10
0.0044660084540283,0.0004466008454028316,0.0004367249462964626,-0.0142164361754835,19.60243401902251,0.0084,0.7,10
0.0064453970828655,0.000763986165637227,-0.0013004206158234,-0.0415769326695434,20.086422177055173,0.0084,0.7,10
0.0063854669302373,0.0006385466930237398,-0.0013002659002572,-0.0421453876583675,20.049083453912115,0.0084,0.7,10
0.0062962204405837,0.0007525280934091058,-0.0012773172660937,-0.0427805499014303,20.041342558539995,0.0084,0.7,10
0.0062335799538438,0.000623357995384384,-0.0013452039456553,-0.0431916913760701,20.00219562503461,0.0084,0.7,10
0.0045235000609152,0.0005339304521857214,0.0005232096277447696,-0.0164124370560033,19.606114114908237,0.0084,0.7,10
0.0045850197791847,0.0004585019779184788,0.0002436132193955864,-0.0189948523327388,19.60031842100309,0.0084,0.7,10
0.0061435049344986,0.0007391300811835212,-0.0012261707867745,-0.0434898550390541,19.993247992312984,0.0084,0.7,10
0.0060785549399727,0.0006078554939972767,-0.0013682653391766,-0.0437144560351953,19.952950014065447,0.0084,0.7,10
0.0046586154840462,0.0005541727625633623,0.0003017851975748499,-0.0214652263545806,19.612381290568973,0.0084,0.7,10
0.0047148227934536,0.0004714822793453681,-4.796448605060604e-05,-0.0236653806036662,19.609576591911612,0.0084,0.7,10
0.0059888233029144,0.000723864383612369,-0.0011615440061232,-0.0436773653436052,19.94352705254042,0.0084,0.7,10
0.0059235280602583,0.0005923528060258369,-0.001373744475616,-0.0436952750447156,19.903242473175272,0.0084,0.7,10
0.0058342167788425,0.000708105145619888,-0.0010884429117757,-0.0433277819697006,19.89376370529501,0.0084,0.7,10
0.0057685015722402,0.0005768501572240244,-0.0013611990122183,-0.0431347679111295,19.85403102251096,0.0084,0.7,10
0.0056818774818904,0.0006910251103070751,-0.0010120836667853,-0.0424532385045175,19.845280032070917,0.0084,0.7,10
0.0056165344776089,0.0005616534477608952,-0.0013253807632795,-0.0420542643152604,19.806845342570647,0.0084,0.7,10
0.0047766478911594,0.0005692725328137435,6.420762192862126e-05,-0.0253992542250921,19.622995162450497,0.0084,0.7,10
0.0048391817389056,0.00048391817389056944,-0.0003408737201651792,-0.0275824131988745,19.621238666443038,0.0084,0.7,10
0.0048878724290905,0.0005848215026413483,-0.00015613150473772804,-0.0287036412050765,19.63867528153328,0.0084,0.7,10
0.0049533590148713,0.0004953359014871377,-0.0005912078316165442,-0.0307367340727044,19.638372681843425,0.0084,0.7,10
0.0050040725174723,0.0006014161095138825,-0.0003622980867836569,-0.0317572903299288,19.66068380755232,0.0084,0.7,10
0.0050733114410035,0.0005073311441003569,-0.0008160789230384696,-0.0336418812112035,19.66189137816269,0.0084,0.7,10
0.0051265701016135,0.0006190777080105677,-0.0005442129615607427,-0.0345645430310959,19.68772728217093,0.0084,0.7,10
0.0051993256532887,0.0005199325653288776,-0.001005445814187,-0.0362625283872488,19.69057483392944,0.0084,0.7,10
0.0052558659502269,0.0006373322192370686,-0.0006975539503559371,-0.0370910188221064,19.72019693229984,0.0084,0.7,10
0.0053317102688776,0.0005331710268877632,-0.0011530289170315,-0.0385657107178811,19.72449749875458,0.0084,0.7,10
0.0053918511488667,0.0006554792516889008,-0.0008236859853581504,-0.0392848302630285,19.75764607060835,0.0084,0.7,10
0.0054707873472717,0.0005470787347271776,-0.0012583297255002,-0.0405128007002551,19.7634083403126,0.0084,0.7,10
0.0055338817891332,0.0006733741192686768,-0.000926270476791848,-0.041087800379417,19.799523071251382,0.0084,0.7,10
0.0,0.0077370719240429,0.0995072107473792,-1.5299719879402536e-05,39.59160714718102,0.0084,0.7,10
6.281703964274219e-05,0.0077468506268243,0.0847084354917077,0.0011748285383663,39.35102433668963,0.0084,0.7,10
0.0,0.0077673171687952,0.0525569937579103,9.544267906696909e-06,39.52058073117472,0.0084,0.7,10
0.0,0.0076962097666797,0.1606776429051194,6.090788248659335e-06,39.568248805419856,0.0084,0.7,10
8.30369720146339e-05,0.0077104811052262,0.1400466308144437,0.0024554454338219,39.13504431498279,0.0084,0.7,10
0.0,0.007633310124721,0.2503570647336452,-1.0180016513324515e-05,39.38196650240547,0.0084,0.7,10
7.215308722579574e-05,0.0076493962622495,0.2276808096855108,0.0031528940823038,39.29150629332812,0.0084,0.7,10
7.274126537034924e-05,0.007570080088502,0.3331301205999058,0.0045313036673766,39.1840325445587,0.0084,0.7,10
0.0,0.007518526936418,0.3980954431797431,1.969875153069715e-06,39.40131237864684,0.0084,0.7,10
7.803308512875324e-05,0.0074516648462473,0.4762053791858944,0.0063930064652118,39.236843007688606,0.0084,0.7,10
0.0,0.0073999956921215,0.5339917278311463,-1.1010681782957518e-06,39.45380135400576,0.0084,0.7,10
8.415149237023635e-05,0.0073162813652646,0.6205067175816915,0.00789321151125,39.21966603740859,0.0084,0.7,10
0.0,0.0072700366659627,0.6666135802570259,7.898306296234418e-07,39.46146371543495,0.0084,0.7,10
8.88354113892368e-05,0.0071999282345674,0.7294918774168967,0.0087443874165384,39.2208887468564,0.0084,0.7,10
0.0,0.0071479347707546,0.7749761944473014,1.2799426339033945e-06,39.51764477480787,0.0084,0.7,10
9.377730746715408e-05,0.0070901826879324,0.8201422224722927,0.0092118538819854,39.220011203185294,0.0084,0.7,10
0.0,0.0070355438801093,0.8622658143772289,-4.843917153587478e-07,39.55325414895079,0.0084,0.7,10
9.884595508409613e-05,0.0069750179322339,0.9036499572419762,0.0093855928409393,39.19290227450728,0.0084,0.7,10
0.0,0.0069175572844335,0.9424289729578162,7.328264907662771e-08,39.553073765927245,0.0084,0.7,10
0.00010377207754931576,0.0068542550331928,0.9794270028299332,0.0092236075132615,39.1777350311152,0.0084,0.7,10
0.0,0.0067937017197133,1.0145509206989516,4.148242211715604e-08,39.558421966057296,0.0084,0.7,10
0.00010890756883476716,0.0067270997778762,1.0469628751538174,0.0087045053252295,39.16200127320426,0.0084,0.7,10
0.0,0.0066636827394535,1.077793776670644,2.242683410062916e-08,39.56142038447977,0.0084,0.7,10
0.00011363751464357352,0.0065932551036227,1.1052577295271184,0.007774902321078,39.1466004839717,0.0084,0.7,10
0.0,0.0065271935059476,1.131179735162063,6.526284892793244e-08,39.56086652521004,0.0084,0.7,10
0.00011774519676666632,0.006452810284808,1.152999544659414,0.0064343996155457,39.13410817355025,0.0084,0.7,10
0.0,0.0063839592799645,1.1735112966367642,-2.2566063934821714e-09,39.555382752384354,0.0084,0.7,10
0.00012106861205056947,0.0063063816143782,1.188696314954937,0.0047126366009819,39.1241153657796,0.0084,0.7,10
0.0,0.0062331120117872,1.2034212530620938,-1.1087477353341716e-08,39.54965786285518,0.0084,0.7,10
0.0001231302239074286,0.0061544643180947,1.2110300773360032,0.0026655217018017,39.11769482338759,0.0084,0.7,10
0.0,0.0060777057420782,1.2188854553424755,8.68336389407212e-08,39.549119742674215,0.0084,0.7,10
0.0001237167945550012,0.0059995785686626,1.2186954447274283,0.0004249349607237882,39.11594130796925,0.0084,0.7,10
0.0,0.0059222942579217,1.2190108701857911,-5.407301095373166e-08,39.54860935607077,0.0084,0.7,10
0.00012373340612334242,0.0058448505531287,1.211184546891124,-0.001841506332254,39.11301630966656,0.0084,0.7,10
0.0,0.0057668879882127,1.2037874850031167,3.9029698030682064e-08,39.54939288258251,0.0084,0.7,10
0.00012173042499383372,0.0056927087284103,1.1889751178399222,-0.0039578682605685,39.11729966842207,0.0084,0.7,10
0.0,0.0056160407200354,1.174133109604602,1.5140768469911306e-08,39.55495100713842,0.0084,0.7,10
0.00011799932363008036,0.005546157773558,1.1534104011317523,-0.0057520695295956,39.12782995274586,0.0084,0.7,10
0.0,0.0054728078272364,1.1320556337878271,-3.9054001370824067e-08,39.56021809086346,0.0084,0.7,10
0.0001134975535595249,0.0054057746208621,1.1058448741340718,-0.0071606894517212,39.14227065632625,0.0084,0.7,10
0.0,0.005336321170593,1.0789032959464289,-2.935537101260745e-08,39.56051697502236,0.0084,0.7,10
0.00010838875325968884,0.0052719935426243,1.0477100948235858,-0.0081535745815265,39.15819602232256,0.0084,0.7,10
0.0,0.0052063014307377,1.0158584292413646,1.9028577076354642e-08,39.55796738025268,0.0084,0.7,10
0.0001035247485448146,0.0051450616965637,0.9803852251997413,-0.0087843378597336,39.17233391075536,0.0084,0.7,10
0.0,0.0050824439669673,0.9439033370648257,-9.319543887482994e-08,39.553932716058206,0.0084,0.7,10
9.848140197935554e-05,0.0050240596797458,0.9045555801127972,-0.0090325045547983,39.1862718136812,0.0084,0.7,10
0.0,0.0049644584282643,0.8639209361318452,3.806854668229219e-07,39.5523202956154,0.0084,0.7,10
9.328255331464517e-05,0.0049090588627605,0.8212284249102165,-0.0089379211558288,39.20818859070085,0.0084,0.7,10
0.0,0.00485206970702,0.7767575658272129,-1.5871479301991167e-06,39.50390979765546,0.0084,0.7,10
8.935543533097126e-05,0.0047994493342813,0.7306338586830834,-0.0086558580536125,39.19637895982039,0.0084,0.7,10
0.0,0.004728915281685,0.6672032762538102,-1.724600488882992e-06,39.44022020427815,0.0084,0.7,10
8.514321689539342e-05,0.0046731669248853,0.6114465957928729,-0.0078484879587128,39.17500572010824,0.0084,0.7,10
0.0,0.0045911682823066,0.5260659827717746,9.735517865778805e-07,39.42321867522004,0.0084,0.7,10
7.987116969507606e-05,0.0045332393756921,0.4605344181654833,-0.0063304631217301,39.18497282909589,0.0084,0.7,10
0.0,0.00447026076536,0.3863070112273792,1.1549149384350729e-06,39.36473921051502,0.0084,0.7,10
7.499338823940702e-05,0.0044304484101412,0.3353533545644969,-0.0047833933490561,39.180138303031534,0.0084,0.7,10
0.0,0.0043705071725878,0.2560997056937102,7.603782850427621e-06,39.481834275743815,0.0084,0.7,10
0.0,0.0043179517551613,0.1819191664578154,-7.077703872316662e-07,39.59015701638124,0.0084,0.7,10
6.89572870525875e-05,0.004347324873432,0.2238973386999016,-0.0031191425048698,39.25839566548725,0.0084,0.7,10
0.0,0.0042653963377349,0.1038208945682837,7.312828244462716e-06,39.56934352899116,0.0084,0.7,10
6.143880727669974e-05,0.0042900275276472,0.1409593091216896,-0.0018324548710027,39.32110734169246,0.0084,0.7,10
0.0,0.0042349668272427,0.0564223581513888,-8.321208486635024e-06,39.57694829935066,0.0084,0.7,10
5.2352789483690224e-05,0.0042569353191372,0.0907882721581206,-0.0010002621883092,39.438984512595816,0.0084,0.7,10
0.0119190651552564,0.0089643564043925,0.0511735900619507,0.0031400463445962,15.20996163657738,0.0084,0.7,10
0.0119189542806292,0.005432493715106,0.045399790719329,-0.0025984990549993,14.424688591452798,0.0084,0.7,10
0.0118777563266864,0.0089328871332192,0.0991307523553845,0.0032334817905811,15.892410462323111,0.0084,0.7,10
0.0118381690364864,0.0089666875638045,0.0469221713981832,-0.0022552686468011,16.178966332115934,0.0084,0.7,10
0.0117954120822197,0.0089398153809675,0.0830729539100497,-0.0035218710570587,12.050696811257394,0.0084,0.7,10
0.0117573267964509,0.0089704425507264,0.0443018547426807,-0.0020822989275471,10.326606773733396,0.0084,0.7,10
0.0118545078337023,0.0054544302249005,0.0767299133277768,0.0008665074555981085,16.016906599843086,0.0084,0.7,10
0.011837895931128,0.0054310764624652,0.0436601456324,0.0021578967719347,16.017978143403404,0.0084,0.7,10
0.0118672854457629,0.0088822131865464,0.1770460534628837,0.0128871323627096,12.76453556132514,0.0084,0.7,10
0.0118143722534533,0.0089081336026927,0.1294770907642424,-0.0008377699848242732,12.063974438445898,0.0084,0.7,10
0.0117389623075499,0.0089448367502524,0.079227257300825,-0.0043556135345552,10.458740440237692,0.0084,0.7,10
0.011676559245018,0.0089756643427992,0.0454048365939015,-0.00393264383257,10.00179606551414,0.0084,0.7,10
0.0117490760888322,0.0089104262997326,0.1248696386699138,-0.0058929975230098,10.748771071659291,0.0084,0.7,10
0.0117724302425482,0.0054555125224246,0.0765395869508304,0.0035276765480499,10.96554037349184,0.0084,0.7,10
0.0117568323420616,0.0054280362281754,0.04196528948583,0.0019622021389652,10.008747827586484,0.0084,0.7,10
0.0118236820981661,0.0054942784654406,0.132510927992593,0.00016638404816847065,12.140297347115396,0.0084,0.7,10
0.0118628491637068,0.0055339826530596,0.1991598212464616,-0.0165654330753019,11.80727874489966,0.0084,0.7,10
0.0116846386427455,0.0054508552823045,0.0774745725313768,0.0061523881181512,9.83494751291314,0.0084,0.7,10
0.0116758268409814,0.0054232759189271,0.0437953017542818,0.0037196513305101,9.76839249332922,0.0084,0.7,10
0.0116615394782946,0.0089501423585156,0.0791709740376063,-0.0069511335705545,9.316286740917477,0.0084,0.7,10
0.0115958955206075,0.0089824051125966,0.046148158784326,-0.0045940087199965,8.56721262941753,0.0084,0.7,10
0.011856724535991,0.0088235084908949,0.2622917619863774,0.0242167979034381,9.671479390291877,0.0084,0.7,10
0.0117821284297443,0.0088551132294862,0.2036230798209824,-0.001328380725308,9.85130391477118,0.0084,0.7,10
0.0116706444428704,0.0089175274964713,0.1204093107667881,-0.0096652486852616,9.273711985261643,0.0084,0.7,10
0.0117084125574513,0.0088720646087811,0.1788477703148637,-0.0099365921631883,9.42202436617661,0.0084,0.7,10
0.0115800031084481,0.0089555842394511,0.0820430352843558,-0.0085376034210679,8.503521817088227,0.0084,0.7,10
0.0115153697249347,0.0089907052175377,0.0471657483220098,-0.0056647805146073,8.534913797886956,0.0084,0.7,10
0.0116020144660457,0.0054449603116602,0.0789570710509178,0.0078908807619623,8.650858018489402,0.0084,0.7,10
0.0115949269395691,0.0054168135869276,0.0448229095052625,0.004425524965931,8.35984613341593,0.0084,0.7,10
0.0117416977246851,0.0054944397572914,0.1305238375368236,0.0064249987350784,10.145454826966322,0.0084,0.7,10
0.0118545957652965,0.0055989507482116,0.2912429777873985,-0.0291703961062095,8.826302128330767,0.0084,0.7,10
0.0117839311871103,0.0055533736968581,0.2138836053008715,0.0005124030809034043,9.976942901920852,0.0084,0.7,10
0.0116558129777631,0.0054889108510194,0.1288935460361588,0.0108795923329196,8.998981913817039,0.0084,0.7,10
0.0118448305095351,0.008723477233429,0.3950226559305205,0.0425960344891063,6.857445177754492,0.0084,0.7,10
0.0115891748478113,0.0089210891017409,0.1244636290561378,-0.0126653137765042,8.684883630080975,0.0084,0.7,10
0.0117718390459715,0.0087782742243947,0.3101851846872114,0.0052516117766276,8.185155781081983,0.0084,0.7,10
0.0117071890807477,0.0088111721933607,0.2609953650130276,-0.010383220387802,8.609372093218468,0.0084,0.7,10
0.0116306792028783,0.0088604633838157,0.1980848616501286,-0.0167392863249933,8.581950443373175,0.0084,0.7,10
0.0114974762071031,0.0089652270576741,0.0819081137030739,-0.0101830344849124,8.397162032131318,0.0084,0.7,10
0.0114350172300641,0.0090005836876285,0.0478006771138004,-0.0065724575506868,8.430088039923973,0.0084,0.7,10
0.0115087171902864,0.0089281763985988,0.1265384293300643,-0.0152910895643046,8.452300454358145,0.0084,0.7,10
0.011418311828028,0.0089763875455079,0.0811753683543428,-0.011497330423122,8.406460496174956,0.0084,0.7,10
0.0113548720492727,0.0090120398792358,0.0482646381805828,-0.0075441154002563,8.729352451941166,0.0084,0.7,10
0.0115219821992261,0.0054324035042653,0.0745289833481167,0.0088700119504411,8.407427613136953,0.0084,0.7,10
0.0115141696400267,0.0054086884771164,0.0461632776468562,0.0055443176776507,8.254917393087716,0.0084,0.7,10
0.0115854583703054,0.0054761198451457,0.1203748808949339,0.0124960189048864,8.446468453264123,0.0084,0.7,10
0.0118474829139394,0.0056895308808669,0.4085682061307881,-0.0465350218000427,6.345535147717775,0.0084,0.7,10
0.01169669874228,0.0055399017615117,0.1933286438927567,0.0113059994020014,8.952511906465176,0.0084,0.7,10
0.011779150607356,0.00563255748544,0.323550418905722,-0.0086360761626448,7.917341465320874,0.0084,0.7,10
0.0117211908509887,0.0056011621043033,0.2759112156334284,0.0073959511976892,8.488678875871592,0.0084,0.7,10
0.0116149921914444,0.0055366264658675,0.1941275854610147,0.0173922073329251,8.380699839997588,0.0084,0.7,10
0.0113389498545279,0.0089880578487456,0.0814730311997644,-0.012979831525512,8.685234346180989,0.0084,0.7,10
0.0112749654708169,0.0090250592781296,0.0484167035630491,-0.0084524112529923,9.1020779056054,0.0084,0.7,10
0.011835025626358,0.0086036198237852,0.5359362556666073,0.0587067662753167,4.418188433076224,0.0084,0.7,10
0.011756232330189,0.0086618080840509,0.4577402088380061,0.0146531084562125,5.949787064028347,0.0084,0.7,10
0.0115396773583326,0.008871136620805,0.1936757306617429,-0.0213721996537718,8.331208825410942,0.0084,0.7,10
0.0116853768185582,0.0087178215752494,0.3820578455290711,-0.0105645979580191,7.163654270864661,0.0084,0.7,10
0.0116355727433996,0.0087807098703856,0.3012287762865547,-0.0197544050810619,7.865231869437636,0.0084,0.7,10
0.0115652748442175,0.0087958592072632,0.2855326118053884,-0.0268821857303293,8.115532444384135,0.0084,0.7,10
0.0114291758080158,0.0089369134521,0.128316745576973,-0.0178241043611836,8.441903419007891,0.0084,0.7,10
0.0114564102202138,0.0088802473796836,0.1937141780241223,-0.0253518135749714,8.287001948033295,0.0084,0.7,10
0.0113458764313905,0.008951274010607,0.1255464961843292,-0.0196547039728768,8.698383471137438,0.0084,0.7,10
0.0114432756500496,0.005426909269407,0.0802921198640371,0.0109598610648124,8.282221195471164,0.0084,0.7,10
0.0114335885233367,0.0053989238935254,0.0470813581280739,0.0064712963984652,8.172582506643808,0.0084,0.7,10
0.0114996562921388,0.005468939544428,0.123322012036961,0.0153191269672951,8.252293597473864,0.0084,0.7,10
0.0115344595029224,0.0055310264169807,0.1955991053645346,0.022005936711394,8.178534179909745,0.0084,0.7,10
0.0118349353841601,0.0058215450912872,0.5594542870566569,-0.0614913992223041,4.024037011588823,0.0084,0.7,10
0.0117615997413725,0.005742584204098,0.4596630896553701,-0.0168746076276606,5.805719101029482,0.0084,0.7,10
0.0116492297541393,0.0056019404317521,0.2765148471104768,0.0179602260649861,7.936952468691615,0.0084,0.7,10
0.011696943964058,0.0056780371459546,0.374525107339985,0.0082666734151172,7.046224621213443,0.0084,0.7,10
0.0115652627182535,0.0055993385269127,0.2775016036379934,0.0266539204126773,7.961245412058576,0.0084,0.7,10
0.0112568748710291,0.0089997345362186,0.0838928602857528,-0.0148667057577995,9.089423452727331,0.0084,0.7,10
0.0111953261187965,0.0090396217284209,0.0482917868430028,-0.0093199961597615,9.652469462673965,0.0084,0.7,10
0.0112621246692154,0.0089625591387131,0.1282140583954843,-0.0223085066490654,9.078461818163207,0.0084,0.7,10
0.0118268364334359,0.0084657481345527,0.6772898534356101,0.0696783282959884,2.6816674719930567,0.0084,0.7,10
0.0117415397407366,0.0085252263948128,0.6095116382403076,0.0233998008069376,4.213789007175273,0.0084,0.7,10
0.0116627814052758,0.0086006890520622,0.5203879593884381,-0.0095390863834253,5.684309274317923,0.0084,0.7,10
0.0114871851384915,0.0088089034658108,0.2767993125231749,-0.0325059082734783,7.976371188368954,0.0084,0.7,10
0.0115887188947185,0.0086945826734773,0.4089344099353291,-0.0282456621718636,6.954601004892176,0.0084,0.7,10
0.0115092121040988,0.0087322190486726,0.3671358907310843,-0.0371813656447429,7.463547141274826,0.0084,0.7,10
0.0113745800623067,0.0088907879581677,0.1938424896430814,-0.0287590105234015,8.47374835408833,0.0084,0.7,10
0.0114062556200274,0.0088122029410571,0.2827693554144472,-0.0384007486877203,8.111672065008934,0.0084,0.7,10
0.0112929634039019,0.0089068022658499,0.1890286084740823,-0.0311666544590589,8.808027404677107,0.0084,0.7,10
0.0113613535199208,0.0054146219212244,0.0799203951254437,0.0123418779856469,8.51001106752365,0.0084,0.7,10
0.0113532165573179,0.0053875363804669,0.0477325523758379,0.0074548543931055,8.451671784275472,0.0084,0.7,10
0.0114187739700282,0.0054598439197789,0.1252300051072848,0.0178128327794148,8.237258973453459,0.0084,0.7,10
0.0114557225884353,0.0055164556491573,0.1885265857981269,0.0249096736394885,8.124648335905256,0.0084,0.7,10
0.0118247255556609,0.0059454841305522,0.6839726095855858,-0.0683509221645972,2.511318787267565,0.0084,0.7,10
0.0114856648569568,0.0055886784703732,0.2722617056003045,0.0324622489168088,7.807625533087429,0.0084,0.7,10
0.0117411979141936,0.0058783328337796,0.609971861410751,-0.0227302944619318,4.166100765186713,0.0084,0.7,10
0.0116650515183812,0.0058081665801144,0.5273102025540849,0.008999678894758,5.580631139959976,0.0084,0.7,10
0.0115894310455121,0.0057088241547832,0.4103754794285663,0.0284604221267008,6.840873638588591,0.0084,0.7,10
0.0115110847706948,0.0056626222866252,0.358518951068132,0.0369499393814737,7.327526768545029,0.0084,0.7,10
0.0111758844691284,0.0090162798788485,0.0816772208915104,-0.01595762835758,9.64002915575746,0.0084,0.7,10
0.0111159812893875,0.0090557096664373,0.047921650221693,-0.0101593491136876,10.206758108981244,0.0084,0.7,10
0.0111816050128688,0.0089774060952271,0.1273556805931403,-0.0243136540260866,9.589941652500114,0.0084,0.7,10
0.0118171376392713,0.0083489261019572,0.7805560532657725,0.0714429001457545,1.5362447135300286,0.0084,0.7,10
0.0118076656332569,0.0082365281416981,0.8675856990000615,0.0696064256497193,0.7586986583979115,0.0084,0.7,10
0.0117975947716573,0.0081183961708986,0.9473939222274396,0.0648390138526269,0.1736882969227734,0.0084,0.7,10
0.0112104275314182,0.0089157053948097,0.1941027895103166,-0.0350948207766436,9.244587736894628,0.0084,0.7,10
0.0117284783851966,0.0084099399447978,0.7220708384153204,0.0269201594494533,3.0841798322481613,0.0084,0.7,10
0.0116437758782137,0.0084738587337593,0.6551004661320263,-0.0075372481853694,4.5415692291294265,0.0084,0.7,10
0.0115638477779844,0.008554347995601,0.5680694019350082,-0.0314831749304715,5.797297636698462,0.0084,0.7,10
0.0114362012969302,0.0087246718713149,0.3815725890614864,-0.0454743973164779,7.579915919283114,0.0084,0.7,10
0.0114872277722958,0.0086265587641223,0.4887177864500063,-0.044655457711993,6.81088200620846,0.0084,0.7,10
0.0113206144217289,0.0088223569112039,0.2830292266011012,-0.0433191367539739,8.436818170121045,0.0084,0.7,10
0.0113502352535185,0.0087242163856926,0.3901811822564826,-0.0534915315655617,7.956491321912748,0.0084,0.7,10
0.0112355221657801,0.0088352116891941,0.2817342574527605,-0.0476767928083632,8.88724165833469,0.0084,0.7,10
0.011787765699473,0.0079946703181795,1.0190877106794576,0.0580284134682875,-0.2840943345348432,0.0084,0.7,10
0.011280707583075,0.0054028065797905,0.0814909293250697,0.0140445830106478,8.827826296340861,0.0084,0.7,10
0.0112730866185317,0.0053745391169703,0.0480369270849817,0.0083887052209824,8.800150161100229,0.0084,0.7,10
0.0113436822521269,0.0054450620948041,0.1207318822242651,0.0190928099312413,8.470423112057988,0.0084,0.7,10
0.0113750797632439,0.0055068540585696,0.1897818207614179,0.0282902099888057,8.28854003407733,0.0084,0.7,10
0.0114057451769753,0.0055824753089639,0.2749245245700993,0.0377524596818577,7.9969020550891665,0.0084,0.7,10
0.0112001791195846,0.0053894985050632,0.0827961262591508,0.0157539000123307,9.308818495984411,0.0084,0.7,10
0.0111932307496513,0.00535994791244,0.0480361954005669,0.0092860802609296,9.311051975522336,0.0084,0.7,10
0.0118158981277606,0.0060514575405728,0.7771515132606268,-0.0696322087454342,1.4947615592212675,0.0084,0.7,10
0.0117264212418706,0.0059917510244044,0.7200902389778739,-0.0249872639308071,3.060466939264185,0.0084,0.7,10
0.0114348926684239,0.005671494519145,0.375144976357759,0.0455395425716506,7.497630156717654,0.0084,0.7,10
0.0116403786364942,0.0059304967628794,0.6560134281366085,0.0095178430648985,4.466993779513253,0.0084,0.7,10
0.0115496003476786,0.0058572947787246,0.5772926504561519,0.0351211765944844,5.699746359607308,0.0084,0.7,10
0.0114847755585067,0.0057633961143799,0.4750606371708081,0.0454017497972874,6.731875809863777,0.0084,0.7,10
0.0117771660806511,0.0078641648230706,1.0823539143682257,0.0492512726817551,-0.6267333695810028,0.0084,0.7,10
0.011097769986003,0.009032945467472,0.0802730128910719,-0.0171466513485563,10.170718427162395,0.0084,0.7,10
0.0110369586600987,0.0090733126846065,0.0473812387614647,-0.0109474188401673,10.837148931739296,0.0084,0.7,10
0.0111026871705922,0.0089973534017983,0.1215378433799258,-0.0253597979303301,10.111810598410369,0.0084,0.7,10
0.0111301719025553,0.0089366751343673,0.1860762394766054,-0.0367484071157237,9.748765064771735,0.0084,0.7,10
0.011714387730069,0.0083004068288556,0.8157488947119723,0.0272963703962315,2.2851938309134208,0.0084,0.7,10
0.0117004349835903,0.0081852178742377,0.9021646393578684,0.0261370342699091,1.6638534428728209,0.0084,0.7,10
0.0116853181942747,0.0080645595023876,0.9804505034722716,0.0232812303488101,1.1801277397819752,0.0084,0.7,10
0.0111526214133066,0.0088500881197576,0.2791443721845689,-0.0515778267877555,9.342516467129714,0.0084,0.7,10
0.0116244674349285,0.0083675271855408,0.7541929339650225,-0.0076385360338249,3.713696954633949,0.0084,0.7,10
0.0115393409751302,0.0084374601974791,0.6859313097299937,-0.0336215752043401,4.9706936204065615,0.0084,0.7,10
0.0114608086688926,0.0085090548480383,0.6138847859885873,-0.0506678507221997,6.08707126035009,0.0084,0.7,10
0.0113736289485603,0.0085961686632461,0.5265008932952244,-0.0611356082283116,7.134070169137169,0.0084,0.7,10
0.0112583353868703,0.0087330387464314,0.3910182997369085,-0.0604828815615286,8.381248805876863,0.0084,0.7,10
0.011273697847911,0.0086172583239405,0.510960293892536,-0.0704370947194216,7.711559849673764,0.0084,0.7,10
0.0111776179617108,0.0087508653527923,0.3823896133079887,-0.0649606130258845,8.867552058947242,0.0084,0.7,10
0.0116701972820439,0.0079367151751033,1.050729220294195,0.0195652573636682,0.8062125209069174,0.0084,0.7,10
0.0112619734613606,0.0054367476423649,0.126743399225827,0.0222029176314604,8.801733708150046,0.0084,0.7,10
0.011293618527736,0.0054919220259912,0.1864298781509885,0.0309146995289431,8.599573367746503,0.0084,0.7,10
0.0113224391550426,0.0055756166733971,0.2790192371427374,0.0430293328541168,8.250958535514592,0.0084,0.7,10
0.0113563563667109,0.0056640821721159,0.3747649306423625,0.0520778918326614,7.843799153417383,0.0084,0.7,10
0.0111212648297485,0.0053737321441232,0.0822775286596476,0.0171427562457421,9.829275965454425,0.0084,0.7,10
0.0111136791717654,0.005343783205825,0.0477492085902719,0.0101332242094906,9.862756278344646,0.0084,0.7,10
0.0111807005679138,0.0054232698126985,0.1278456167985553,0.0245966958554814,9.274199601788654,0.0084,0.7,10
0.0118069592157104,0.0061634240653393,0.8640711489353335,-0.0678742853534002,0.7380956583536085,0.0084,0.7,10
0.0117128706445715,0.0061000699740848,0.8126824483810465,-0.0252713847102995,2.253336644956004,0.0084,0.7,10
0.0116209806549795,0.0060341423058818,0.7522633725075675,0.0100680024462028,3.660087121116252,0.0084,0.7,10
0.0113857468457891,0.0057856909293027,0.5042662918863435,0.0593844808309311,7.055163668990338,0.0084,0.7,10
0.0115311355167314,0.0059630670149375,0.6831574783966147,0.0368303911442228,4.9422902189229925,0.0084,0.7,10
0.0114371933385978,0.005885635178862,0.6064747796601667,0.0558352495531088,6.090751811085857,0.0084,0.7,10
0.0117675630211476,0.0077264535530698,1.135993606915776,0.0394424970442075,-0.8834808212559745,0.0084,0.7,10
0.0116559956696235,0.0078016483008275,1.111638700815959,0.0155735683720289,0.5235031518085488,0.0084,0.7,10
0.0117598445151229,0.0075819531040389,1.1783489676035324,0.0290129053514323,-1.0676425434369905,0.0084,0.7,10
0.0117545346370986,0.0074320584430909,1.2076700101613334,0.0182023263895176,-1.189864657495014,0.0084,0.7,10
0.0117973091819621,0.0062807885477584,0.9437035690385676,-0.0631050353379237,0.1474720293072671,0.0084,0.7,10
0.0117867437510975,0.006404625078163,1.015934876467475,-0.0558019054147099,-0.3043834639911316,0.0084,0.7,10
0.0117768439021019,0.0065358780327567,1.080011647489581,-0.0470047591632199,-0.6532714998943875,0.0084,0.7,10
0.0117520399463817,0.0072780162148583,1.2226279230177008,0.0070943665420474,-1.2592077578727576,0.0084,0.7,10
0.0117678352934851,0.0066746011035966,1.1344446862449444,-0.0370436413135397,-0.913497076218256,0.0084,0.7,10
0.0117522069168413,0.0071225995287304,1.222376996935245,-0.0041766162827483,-1.264412896249256,0.0084,0.7,10
0.0117550626531973,0.0069689899888718,1.2069638446731863,-0.0153951115417282,-1.2087744317979512,0.0084,0.7,10
0.0117604320121131,0.0068191735894452,1.1772157407207384,-0.0264243326669849,-1.094735421135432,0.0084,0.7,10
0.0110194822530931,0.009049332291585,0.0807791378677588,-0.0187008720105398,10.781131776231092,0.0084,0.7,10
0.0109582871496963,0.0090924264798278,0.0466297091239127,-0.011672333204427,11.485525548239307,0.0084,0.7,10
0.0110226153794503,0.0090142734391158,0.1210259980573931,-0.0273629205981462,10.708480322362416,0.0084,0.7,10
0.0109388065004332,0.0090675579091098,0.0812574803408032,-0.0203383046153761,11.428214091879658,0.0084,0.7,10
0.0108799964031267,0.0091130480737095,0.0457111716252456,-0.0123407575540434,12.141035064029785,0.0084,0.7,10
0.0108587596583003,0.0090888748992917,0.0796023388226877,-0.0214688642573772,12.076605286691176,0.0084,0.7,10
0.0108021158430721,0.0091351714821892,0.0446479907171656,-0.012932734907105,12.802241975988933,0.0084,0.7,10
0.0110485073508789,0.00895011279607,0.1882068831617519,-0.0402258469124329,10.300948526551895,0.0084,0.7,10
0.0110706636021178,0.0088657876037635,0.2766772690446393,-0.0553459879222398,9.87548955215661,0.0084,0.7,10
0.0116050985889106,0.0082554378668816,0.8464785431622569,-0.0079836359862899,3.084532595878334,0.0084,0.7,10
0.0115856636807808,0.0081372917437738,0.9313561771346324,-0.008568951217785,2.58152934457732,0.0084,0.7,10
0.011566500994747,0.0080131674536379,1.0078044930609769,-0.0090595564629281,2.1874444831301045,0.0084,0.7,10
0.0110940269812951,0.0087664951643447,0.3776759632121507,-0.0696646834523099,9.369847676327696,0.0084,0.7,10
0.0115157243427156,0.0083281744507204,0.7832358957389532,-0.0348413298032111,4.362624002540076,0.0084,0.7,10
0.0114329012157271,0.0084034913158965,0.7144617266010628,-0.0541746779595541,5.50910084344541,0.0084,0.7,10
0.0113591217340717,0.0084807691867292,0.64239185445649,-0.0660310872834259,6.404773442600424,0.0084,0.7,10
0.0113018214714064,0.008539069771501,0.587051467732037,-0.0718096100072347,7.207978419411473,0.0084,0.7,10
0.0111926235086084,0.008635233312922,0.4994519770774584,-0.0765568693004483,8.228437177088578,0.0084,0.7,10
0.0112256059099687,0.0085448029741696,0.5850750666036225,-0.0795831762932001,7.6846962899633136,0.0084,0.7,10
0.011114683698118,0.0086536996877164,0.4884996693363357,-0.0816216434072483,8.770421635172665,0.0084,0.7,10
0.0115474993887443,0.0078806269555461,1.0759363330418077,-0.0091514843768729,1.886526649953485,0.0084,0.7,10
0.0110400493087687,0.0053558111244813,0.0813556874080736,0.0184862910180431,10.417265554607818,0.0084,0.7,10
0.0110344599348332,0.005326068237419,0.0472383519756098,0.0109309995429497,10.459757657470735,0.0084,0.7,10
0.0109596271187349,0.0053363937606842,0.0801201686726881,0.0197314489234532,11.038493438209995,0.0084,0.7,10
0.0109555997906988,0.0053068241021794,0.0465285228213769,0.0116717241873822,11.086997840835023,0.0084,0.7,10
0.0112109931753339,0.0054836756188152,0.1925112082604765,0.0350209166785192,9.006736903322135,0.0084,0.7,10
0.0112372085015197,0.0055643709384514,0.2799022270621596,0.0477725845569233,8.658391081171294,0.0084,0.7,10
0.0112654721414654,0.0056586157662093,0.3796034642590387,0.059398904149651,8.22276386166174,0.0084,0.7,10
0.011295570186904,0.0057792996363706,0.504104970579358,0.0691293060107652,7.494576173871308,0.0084,0.7,10
0.0110998648654327,0.0054068962006573,0.1268519491757209,0.0266578510001087,9.794190170492769,0.0084,0.7,10
0.0111286827787828,0.0054679477966575,0.1911439746609075,0.0379814154112833,9.484435217069468,0.0084,0.7,10
0.0116985447723939,0.0062147686839973,0.8989705363312391,-0.0236890895731594,1.6367167683753798,0.0084,0.7,10
0.0116028631527672,0.0061458806944124,0.8444014184886183,0.0103960598736142,3.0368775237555243,0.0084,0.7,10
0.0115122367597129,0.0060737405609365,0.781937144642019,0.0373131539854982,4.304719698332733,0.0084,0.7,10
0.0113313594971904,0.0058640983149463,0.58733400413931,0.0699209118036712,6.803313854286805,0.0084,0.7,10
0.011430118190159,0.0059984009966669,0.7138656529154147,0.0561604824396567,5.358144729600308,0.0084,0.7,10
0.0113587954557485,0.0059440860589874,0.6632522456518765,0.06786254494825,6.230345642487123,0.0084,0.7,10
0.0116433905013386,0.0076595930367466,1.1616291231953066,0.0116548732340705,0.3192203589045694,0.0084,0.7,10
0.0115297949748401,0.0077410000825588,1.133501718015009,-0.0084405929006429,1.664950686234979,0.0084,0.7,10
0.0116333382526776,0.0075112452690654,1.1990456422274185,0.0080580482696046,0.1850825192720371,0.0084,0.7,10
0.0116277702607036,0.007357597804444,1.2222962496687115,0.0049275804802986,0.0913695111600101,0.0084,0.7,10
0.011684723415336,0.0063349828237786,0.977370045982839,-0.0209780746882623,1.1442194118946654,0.0084,0.7,10
0.0116698400131183,0.0064635654589274,1.0484749493002494,-0.0170111386875016,0.7701706254881439,0.0084,0.7,10
0.0116560966543519,0.0065996100560872,1.1101946231945012,-0.0127700240134307,0.485228198972889,0.0084,0.7,10
0.0116264275228966,0.0072011217422208,1.2301055146754718,0.0018578310682231,0.0470892293493484,0.0084,0.7,10
0.0116437974602562,0.006742581648024,1.1608034211676268,-0.0085407371523609,0.2834351767161367,0.0084,0.7,10
0.0116281889381024,0.0070448754916092,1.2220664608756688,-0.0012791569202579,0.0769112590147506,0.0084,0.7,10
0.011634032693306,0.0068914188457978,1.1985951054813533,-0.0046780763066497,0.1540366193069442,0.0084,0.7,10
0.0107818512692811,0.0091109727019185,0.0777418204189845,-0.0224341185845546,12.71124152244064,0.0084,0.7,10
0.0107246749354927,0.0091587865100998,0.0434479619041012,-0.0134607552238169,13.445366491267922,0.0084,0.7,10
0.0109432119110591,0.0090317649575462,0.1210544928569637,-0.0294978150379708,11.318193680403992,0.0084,0.7,10
0.0109676940432002,0.008967188935587,0.1872032151348257,-0.0430973736072615,10.888174498274068,0.0084,0.7,10
0.0108635613828575,0.00905124925692,0.1202503809117412,-0.0314784347680785,11.939012609015174,0.0084,0.7,10
0.0107844853297607,0.0090736135455405,0.1175167047981684,-0.0329462402952928,12.574443038733564,0.0084,0.7,10
0.0109879537330953,0.0088810977171085,0.2757435615221235,-0.0593307990885393,10.416524568781812,0.0084,0.7,10
0.0110096091071623,0.0087833032166223,0.372930122541709,-0.074147670144466,9.909923975868528,0.0084,0.7,10
0.0114908477808966,0.0082130318783565,0.8735428081968005,-0.0354548656972595,3.87908575580014,0.0084,0.7,10
0.0114663675209073,0.0080915018414518,0.9561600705811508,-0.0349447982402974,3.488674988371446,0.0084,0.7,10
0.0114423904670885,0.0079634856700378,1.029950888903043,-0.0331343370978276,3.184130678197173,0.0084,0.7,10
0.0110306472821626,0.0086733409193271,0.4781369310313987,-0.0865356990545552,9.31269964667613,0.0084,0.7,10
0.0114021987270412,0.0082918814300345,0.8088412837401581,-0.0564189029089813,5.060448448430943,0.0084,0.7,10
0.0113202475239896,0.0083735807733915,0.7390195044480956,-0.0712180539403275,6.118955982846607,0.0084,0.7,10
0.0112601708685926,0.0084549937435833,0.6673610747270508,-0.0788645146761007,6.9106277840207975,0.0084,0.7,10
0.0111382144607838,0.0085546053798315,0.5807168754809444,-0.0872272439958018,8.196020911911468,0.0084,0.7,10
0.0111684855778845,0.0084661826326072,0.6593249615942347,-0.0882118283056642,7.63301466475671,0.0084,0.7,10
0.0110502233002091,0.008568332769667,0.5738047471458256,-0.0939303666772275,8.756825425682576,0.0084,0.7,10
0.0114199110985521,0.0078264289640145,1.0948422992017706,-0.0295462214452561,2.9513654452973523,0.0084,0.7,10
0.0108818220918604,0.0053159501613915,0.0785850121039689,0.0208340946441402,11.649299802515012,0.0084,0.7,10
0.0108771255156448,0.0052860663721541,0.0456658646190887,0.0123552684776051,11.719830544258938,0.0084,0.7,10
0.0110193939398659,0.0053888352669134,0.1252542623480845,0.0285570389899525,10.36413328288566,0.0084,0.7,10
0.0109392393248154,0.0053691973183774,0.123232444505501,0.0303296892052111,10.961866397299282,0.0084,0.7,10
0.0111533316158362,0.0055506711634642,0.2791470488893194,0.0520738276975176,9.099846700493035,0.0084,0.7,10
0.0111777019230884,0.0056483821851488,0.3805310763949092,0.0655782001516741,8.634528806086514,0.0084,0.7,10
0.0112058561750321,0.0057579077983065,0.4901632592261434,0.0760033304802251,7.993273723293094,0.0084,0.7,10
0.0112337634848602,0.0058647708209817,0.592503336058218,0.0809645545862917,7.343797448936804,0.0084,0.7,10
0.0110468094049847,0.0054504643809711,0.1889674452876672,0.0407272057876154,10.02681957445988,0.0084,0.7,10
0.0110696352137287,0.0055348188454652,0.2771184738846944,0.0560488176125328,9.624112172324796,0.0084,0.7,10
0.0115840938406479,0.0062637709029189,0.9293179294647312,0.0111922240770608,2.5330543538550216,0.0084,0.7,10
0.0114881815147128,0.0061894274672941,0.8727430239409198,0.038212396441481,3.809529864509227,0.0084,0.7,10
0.0113999007123864,0.0061116366258072,0.809369161300448,0.0588778094024218,4.937601262170212,0.0084,0.7,10
0.0112713591900211,0.0059466066859264,0.6670669946797539,0.0796416328264126,6.767655587120479,0.0084,0.7,10
0.0113265930236764,0.006029936727769,0.7400885415023543,0.072538918687985,5.904819496790894,0.0084,0.7,10
0.0115137540235237,0.0075942075901396,1.17905726505757,-0.0067281342708111,1.521357803931961,0.0084,0.7,10
0.0113982025464725,0.0076820295559993,1.1481792018685912,-0.0242798612080559,2.795555839446193,0.0084,0.7,10
0.0115007987301027,0.0074411565896457,1.2108731528317995,-0.0038492896567206,1.4407542904331307,0.0084,0.7,10
0.0114996449574394,0.007281570938261,1.2275928384412682,0.0002816735816376828,1.341936029201854,0.0084,0.7,10
0.0115653280753598,0.0063888619249853,1.0065993026393676,0.0119997577141157,2.13807874827028,0.0084,0.7,10
0.0115469348182961,0.0065220702638065,1.075262803497561,0.0124075435861266,1.8367591292159888,0.0084,0.7,10
0.0115297156864587,0.0066629318995164,1.1334587768913469,0.0120486883325449,1.6202438666521226,0.0084,0.7,10
0.0114989999640769,0.0071221114762158,1.227598651241573,0.0042446168357915,1.3390352937284178,0.0084,0.7,10
0.0115142772418499,0.0068108446439217,1.1793313537948331,0.0106689827023184,1.4768326588627476,0.0084,0.7,10
0.0115029918625783,0.0069640346916493,1.2111375392877266,0.0079885735272773,1.4031826667585692,0.0084,0.7,10
0.0107039788556701,0.0091348652567944,0.0757380622317595,-0.0233359046018817,13.343706559970984,0.0084,0.7,10
0.0106477011221882,0.009183882000388,0.0421476697936623,-0.0139194434588466,14.074030741398492,0.0084,0.7,10
0.0106251752963339,0.0091608340771087,0.0734064456717386,-0.0241041559677482,13.97771856345196,0.0084,0.7,10
0.0105712219505391,0.0092104479028418,0.0407699885488084,-0.0143077820319018,14.681033719644216,0.0084,0.7,10
0.0105480729408967,0.0091880742199232,0.070815287918929,-0.024694358589291,14.57670355926014,0.0084,0.7,10
0.0104952654703909,0.0092384747958466,0.0393241496501537,-0.0146193202158718,15.277850013762684,0.0084,0.7,10
0.0104730488503611,0.0092160111804415,0.068353347621738,-0.0252023967809148,15.1511127513795,0.0084,0.7,10
0.0104198595081536,0.0092679518016584,0.0378089711477968,-0.0148623840216047,15.839928999454491,0.0084,0.7,10
0.0103972793297983,0.009245795457603,0.0658203021446783,-0.0256330067965633,15.70574496221586,0.0084,0.7,10
0.0103450309459117,0.0092988655961843,0.0362568263298206,-0.0150377677582018,16.3766356209933,0.0084,0.7,10
0.0107050414475073,0.0090988519138311,0.1133128793885637,-0.0339459652439661,13.208288998431245,0.0084,0.7,10
0.0108869858255745,0.0089863149474649,0.1850826465814982,-0.0457297434512932,11.48955360119951,0.0084,0.7,10
0.0109086152207038,0.0088989505901921,0.2724010491958979,-0.0626660324227623,10.986907389287332,0.0084,0.7,10
0.0108064265830295,0.0090069135492025,0.1825310223447513,-0.0482318118831174,12.101765521613428,0.0084,0.7,10
0.010726497763314,0.0090304107612464,0.1780273568284154,-0.0501874730927402,12.717813409164473,0.0084,0.7,10
0.0109274176353902,0.0088003606699249,0.3684362009106114,-0.0783324249836558,10.470657145902289,0.0084,0.7,10
0.0109475557750568,0.00869031171241,0.4711756547416053,-0.0912947523982598,9.889017860736836,0.0084,0.7,10
0.0113717236599095,0.0081732156024117,0.8966958137465856,-0.0566566248141968,4.6928740137782325,0.0084,0.7,10
0.0113423404714232,0.0080476221264431,0.97660473587999,-0.0546204775517901,4.398320580564607,0.0084,0.7,10
0.0113143173175616,0.0079153062423797,1.047029013124405,-0.0501378586901023,4.166008113694556,0.0084,0.7,10
0.0109670187931407,0.0085831917027142,0.5663790554933429,-0.0995573158248877,9.313860729805157,0.0084,0.7,10
0.0112819632559795,0.0082597316158598,0.8297504404887183,-0.0738040161425346,5.820861018902613,0.0084,0.7,10
0.0111961355902434,0.0083566095084203,0.7521169445144809,-0.0864254268360584,6.834849113871668,0.0084,0.7,10
0.011074020581878,0.0084785499789143,0.6515513188872434,-0.0964634566540376,8.211327765646582,0.0084,0.7,10
0.0111042423022364,0.0084060250927871,0.711535724028203,-0.0953351244787841,7.6784100315104435,0.0084,0.7,10
0.0109909994914707,0.0084901408403529,0.6447891771741591,-0.1027215772022631,8.780721471025617,0.0084,0.7,10
0.0112878101739576,0.0077754767365643,1.1070669317657815,-0.0431008864690955,3.995720198897104,0.0084,0.7,10
0.0108044814853809,0.0052942042324542,0.0769884493495773,0.0218831773763666,12.271867680599955,0.0084,0.7,10
0.0107990646009323,0.005263805540108,0.0446641939997237,0.0129693670848297,12.364398344435047,0.0084,0.7,10
0.0108596946845722,0.0053480375790923,0.1208073499045675,0.0319635605350593,11.572094730170006,0.0084,0.7,10
0.010965568108754,0.0054313884721059,0.1861593468359113,0.0433026019266069,10.59525914616343,0.0084,0.7,10
0.0108847078610255,0.005410747295291,0.1828382940858232,0.0457062999235646,11.188879014030167,0.0084,0.7,10
0.0110943038381207,0.0056417777219701,0.3855419759539749,0.0717474950567154,9.119587593506653,0.0084,0.7,10
0.0111201714084912,0.0057514239103653,0.4922062092988493,0.0830371581791436,8.537924799501296,0.0084,0.7,10
0.0111432935530757,0.0058570110423732,0.5905381212936689,0.0896407133122499,7.929840851324498,0.0084,0.7,10
0.0111741895913693,0.0059514145910132,0.673593888889087,0.0906647984811309,7.338082312363338,0.0084,0.7,10
0.0109866164644183,0.0055165649879393,0.2735172679534191,0.0596785585122513,10.170697462502291,0.0084,0.7,10
0.0110085290676898,0.0056248421790245,0.3811617924317798,0.0766616373075897,9.646531958678295,0.0084,0.7,10
0.0114639742863651,0.0063115061199269,0.9558362651734774,0.0382118764705418,3.430549321824469,0.0084,0.7,10
0.0113671722143664,0.0062309355078761,0.897581811021662,0.0602708920106192,4.625771730740841,0.0084,0.7,10
0.0112753021317383,0.0061476073245604,0.8336854488634277,0.0776174342335667,5.74848389331931,0.0084,0.7,10
0.0112165447856319,0.0060504944062037,0.7565867919417874,0.0870034890539809,6.581667041805818,0.0084,0.7,10
0.0113769796289985,0.0075295791609363,1.188512604276318,-0.017276240395753,2.7509085023094024,0.0084,0.7,10
0.0112611572497443,0.0076247098919955,1.1559366185025857,-0.0333566436363235,3.901309699988608,0.0084,0.7,10
0.0113670512935292,0.0073689057023313,1.214464241074495,-0.0076469722498607,2.6664838420031,0.0084,0.7,10
0.0113694553535374,0.00720175418332,1.2239566550342766,0.0027782591282154,2.566085715117436,0.0084,0.7,10
0.011440952015486,0.0064408678215904,1.0304280378956052,0.036740290890033,3.1238263761147,0.0084,0.7,10
0.0114187017740755,0.0065797256807357,1.0960455380309648,0.0336303262023821,2.897501548335232,0.0084,0.7,10
0.011397981935668,0.0067257329865135,1.149713744168739,0.0286959194773752,2.7450579640631143,0.0084,0.7,10
0.0113672911309884,0.0070393118609674,1.2151259905380367,0.0128391418534873,2.647420180740946,0.0084,0.7,10
0.0113773862736677,0.0068802004198813,1.1899778666108416,0.0220169594504472,2.702745779447364,0.0084,0.7,10
0.0077963545486741,0.0126983945613786,0.00018819602777818845,-0.0017722565737076,20.165722924810595,0.0084,0.7,10
0.0103208481484242,0.009277636703495,0.0630999217283396,-0.0259267616375997,16.248188688922344,0.0084,0.7,10
0.0102708060995224,0.0093312021935243,0.0346845815340518,-0.0151482190336392,16.8819771532694,0.0084,0.7,10
0.0106268571678693,0.0091243926105629,0.109936527815405,-0.0350442121196222,13.821975544689368,0.0084,0.7,10
0.0105495560365165,0.0091507709922407,0.1068784278124892,-0.0361372006013521,14.410104251849132,0.0084,0.7,10
0.0104728148016433,0.0091785998449038,0.103624333179923,-0.037066056931706,14.986925983238416,0.0084,0.7,10
0.010395604200123,0.0092098589378157,0.0987568091075909,-0.0373511034891416,15.546992462547594,0.0084,0.7,10
0.0103197166189407,0.0092412615995661,0.0947896116499229,-0.0377814790150962,16.07764173707977,0.0084,0.7,10
0.0106469420187621,0.00905558093986,0.1730241418508635,-0.0518948901902156,13.324664433998874,0.0084,0.7,10
0.0108268119462262,0.0089192967196913,0.267912726132176,-0.0658305702522821,11.572058552925926,0.0084,0.7,10
0.0108441920125321,0.0088207733955232,0.3616442414665954,-0.0821002832510667,11.05108054639464,0.0084,0.7,10
0.0107448495833743,0.0089414814915871,0.2626268197888932,-0.0687587258013161,12.16836082150958,0.0084,0.7,10
0.0106635530066119,0.0089664974209514,0.2555055515962436,-0.0711460148932632,12.76655265186608,0.0084,0.7,10
0.0108629557109281,0.0087112773246048,0.4614267954927798,-0.0955947341161853,10.4633603563911,0.0084,0.7,10
0.0108848943543455,0.0086061481507689,0.5524207292568014,-0.1039238429562926,9.942582314196931,0.0084,0.7,10
0.0112472795039141,0.0081350692916091,0.9162970391715768,-0.0728460017605929,5.532797443186859,0.0084,0.7,10
0.0112132621679652,0.0080060390405345,0.9922203415686351,-0.0688658896244851,5.313310916046118,0.0084,0.7,10
0.0111816776179032,0.0078715011622485,1.0576494994825505,-0.0616694900162063,5.145560617254433,0.0084,0.7,10
0.0109015384454753,0.0085058174613107,0.6354005755242643,-0.1086422411232649,9.354307423520096,0.0084,0.7,10
0.0111582817241703,0.0082251135082824,0.8508601044444472,-0.0871714676772608,6.551111650941008,0.0084,0.7,10
0.0110811483120498,0.0083096900664293,0.7868869336112138,-0.0969116474815571,7.46697740451365,0.0084,0.7,10
0.0110217725812639,0.00839844266167,0.7184729670477122,-0.1024448542866504,8.234713686055011,0.0084,0.7,10
0.0109205298169278,0.0084103054164266,0.7101986409099658,-0.1097627048616991,8.943638637610803,0.0084,0.7,10
0.0111524234152091,0.0077320301630972,1.1114693234538306,-0.0514623151381818,5.043801544640318,0.0084,0.7,10
0.0111242591210695,0.0075926664722869,1.1514383046612966,-0.0390720692225119,4.999530006326679,0.0084,0.7,10
0.0107255462276621,0.0052684027598945,0.0730384137151228,0.0222560136142665,12.886089148330573,0.0084,0.7,10
0.0107214451148777,0.0052400500337737,0.043554197797784,0.0135391765591738,12.973480472042644,0.0084,0.7,10
0.0107797364903495,0.0053243181985025,0.1171760875580662,0.0332502250907486,12.209099236726772,0.0084,0.7,10
0.010804539149006,0.0053886409691429,0.1790702646104292,0.0479596527554724,11.792664879490305,0.0084,0.7,10
0.0109035807261982,0.0054965154992337,0.2691391051878368,0.0630951590103154,10.747029286794604,0.0084,0.7,10
0.0108213996168435,0.0054734274835242,0.2626194683988129,0.065958295313369,11.337123665526365,0.0084,0.7,10
0.0110306247933142,0.0057383753584544,0.4890880165007528,0.0895490786987683,9.06219504134448,0.0084,0.7,10
0.0110563456567511,0.0058325828532463,0.5740427553568868,0.0958307561063853,8.583526899755897,0.0084,0.7,10
0.0110737179390868,0.0059408657567997,0.6677291300971457,0.1001764916855975,7.96852646948897,0.0084,0.7,10
0.0111064557442423,0.0060487558141792,0.7550270253588428,0.0989181836771916,7.309388925056322,0.0084,0.7,10
0.0110242553563453,0.0060190824854028,0.7322914845187789,0.1065725077793536,7.939580480584472,0.0084,0.7,10
0.010923320116147,0.0056054299911344,0.3752331573549749,0.0811525434374987,10.213222825782957,0.0084,0.7,10
0.0109426985039367,0.0057199688497153,0.4817481582705893,0.0951647757271188,9.622421321973418,0.0084,0.7,10
0.0113380802637571,0.0063560868308547,0.9770871274383514,0.058927222047775,4.341172734839545,0.0084,0.7,10
0.0112376165932538,0.0062695184832902,0.9176571405026344,0.0780030137943961,5.509394518316619,0.0084,0.7,10
0.0111348940018705,0.0061641977232908,0.8420046950493554,0.0945437789505726,6.659155516417032,0.0084,0.7,10
0.0112209126977501,0.0074662892565983,1.189181228716672,-0.0216336051017227,3.966991115572715,0.0084,0.7,10
0.0112355135248089,0.0072891699783057,1.2110682021122792,-0.0045847862383721,3.7633923868799255,0.0084,0.7,10
0.011237054608362,0.0071179448795522,1.2115331203908095,0.0111010190133524,3.73399851593128,0.0084,0.7,10
0.0113108437752615,0.0064928443049455,1.049701115017017,0.0547972654371427,4.111199993609364,0.0084,0.7,10
0.0112854708726459,0.0066357067678131,1.1104077569242674,0.048052576795466,3.939194986709172,0.0084,0.7,10
0.0112622671081371,0.0067859694756404,1.1585547107959997,0.0386517845673176,3.838090685167213,0.0084,0.7,10
0.0112195082975052,0.0069553093163611,1.1925371872108188,0.0268251174125365,3.920181065567186,0.0084,0.7,10
0.0077814253316099,0.0126330295203137,0.0003258306730322491,-0.0028455356809128,20.14299560711078,0.0084,0.7,10
0.007805861683312,0.0126180958314482,0.0002171345160639709,-0.001718914378958,20.132336918469537,0.0084,0.7,10
0.0077887205321164,0.0125525604565718,0.00038144174123070826,-0.0028877003071985,20.13081291679548,0.0084,0.7,10
0.0078169215215706,0.0125379488730578,0.00023989162187575868,-0.0016592902109712,20.12197000558296,0.0084,0.7,10
0.010246124436177,0.0093106528847424,0.0602260168912921,-0.0260490596211825,16.74751818867937,0.0084,0.7,10
0.0101972119227739,0.0093649495374384,0.0331004577043845,-0.0151910131562025,17.368902375134336,0.0084,0.7,10
0.0102447669625464,0.0092734186718116,0.0912056645313783,-0.0382238205091467,16.572838072882107,0.0084,0.7,10
0.0105678925081743,0.0090823117138156,0.1676563127911282,-0.0533734346125647,13.915384597076493,0.0084,0.7,10
0.0104894462590399,0.009110480633173,0.1620752843439037,-0.05462557774723,14.492910095224332,0.0084,0.7,10
0.0104116262169514,0.0091400879873365,0.1563074336997728,-0.0556326542907327,15.053288498629344,0.0084,0.7,10
0.0103344338331943,0.0091711971396657,0.1503348734051371,-0.0563956347740391,15.587404982525827,0.0084,0.7,10
0.0102578799793342,0.0092037987467749,0.1442080971312811,-0.0569166381853498,16.098483754716025,0.0084,0.7,10
0.0105826943323442,0.0089929741851165,0.2480255987949991,-0.073268719409736,13.360591146610782,0.0084,0.7,10
0.0107608155140683,0.0088439602487138,0.3531116228588893,-0.085414984106919,11.640232615301937,0.0084,0.7,10
0.0107779117118967,0.0087331485134067,0.4517869264524594,-0.0996732664080191,11.047637908899496,0.0084,0.7,10
0.0106775766820407,0.0088689141993283,0.3438329607198282,-0.0884021605095869,12.23346931833179,0.0084,0.7,10
0.0105947000749094,0.0088953475984846,0.334115532584835,-0.0911225230571874,12.815405759904658,0.0084,0.7,10
0.0107951919738474,0.0086281803295423,0.5407590112454567,-0.1088388893081542,10.48576341934754,0.0084,0.7,10
0.0108248870490994,0.0085487292102616,0.604159617915951,-0.1118655723442024,10.036087000388568,0.0084,0.7,10
0.0110717018424571,0.0074813547466459,1.1698560801383926,-0.0288091872310489,5.23620009696317,0.0084,0.7,10
0.0111164283649708,0.0080984252503274,0.931937078036102,-0.0849599451813624,6.376346204556328,0.0084,0.7,10
0.011044808943382,0.007831783436665,1.0622739472303535,-0.0688515498121452,6.132932472356708,0.0084,0.7,10
0.0110783671237941,0.0079676215882712,1.0024136441098153,-0.0787955048147678,6.24160944892411,0.0084,0.7,10
0.0108033973320969,0.0084464628253559,0.6845926903779055,-0.1170537651951503,9.721573219387563,0.0084,0.7,10
0.0110267345396157,0.0081911496419479,0.8683713392032611,-0.0977306311717601,7.395441468839761,0.0084,0.7,10
0.0109598541252251,0.0082988479606837,0.7925829802145125,-0.1065218120698359,8.211529960737364,0.0084,0.7,10
0.010845614804457,0.0083221111175927,0.7741316079342219,-0.1143167122554335,9.075108018325697,0.0084,0.7,10
0.0110102416363927,0.0076954141459342,1.108874685424207,-0.0562587168931853,6.120886059552302,0.0084,0.7,10
0.0109814212614932,0.0075631957846058,1.14214910239975,-0.0417022620153739,6.147916846207273,0.0084,0.7,10
0.0106466254017229,0.0052430379165444,0.0712954129496835,0.0231575051529655,13.499582753511952,0.0084,0.7,10
0.0106442959689447,0.0052148097433612,0.042365930993473,0.0140353040458341,13.584135701164092,0.0084,0.7,10
0.0107007062213516,0.0052972262077554,0.1113168345749025,0.0338309264061759,12.804756517160415,0.0084,0.7,10
0.0107263095791698,0.0053594748380371,0.1688919324808931,0.0484332494334633,12.388482229037464,0.0084,0.7,10
0.0107410721026584,0.0054494349965984,0.2560002428816588,0.0686011129006192,11.894636055645131,0.0084,0.7,10
0.0108361644395127,0.0055770918423587,0.3620005428969269,0.0843363267388297,10.825730963821014,0.0084,0.7,10
0.0107543936406258,0.0055475817148097,0.3480623964594893,0.0867762646640707,11.405928028670466,0.0084,0.7,10
0.0109596827939103,0.0058132686341009,0.5643135429344363,0.1027635810770244,9.168259773809384,0.0084,0.7,10
0.0109927484185799,0.0058863272599595,0.6249324194176142,0.1047716755579006,8.702803723287877,0.0084,0.7,10
0.0109750752506609,0.0059621149804441,0.6882608323393501,0.1095792184360176,8.543503932093627,0.0084,0.7,10
0.0110027343782609,0.0061105971906245,0.8006956266653358,0.1083398370053173,7.672847108274488,0.0084,0.7,10
0.0109613926708207,0.0060320628590097,0.7427245807251173,0.1120208070561893,8.279751659826244,0.0084,0.7,10
0.0108554913658573,0.0056975521897491,0.4715289839588626,0.1000131741395167,10.217521432536168,0.0084,0.7,10
0.0108695234714966,0.005798849688345,0.5591985236182088,0.1090859637945477,9.75318409152526,0.0084,0.7,10
0.0112059030304426,0.0064045282241755,0.9968466381489824,0.0742045244690366,5.271739548530054,0.0084,0.7,10
0.0111043256519231,0.0063141035593645,0.9387099025424592,0.0909635553071217,6.339829898118652,0.0084,0.7,10
0.0109966010043868,0.0062359403653004,0.884839495363642,0.104922798272956,7.30660598758557,0.0084,0.7,10
0.0110991925314035,0.0073582770111445,1.1909930736755088,-0.0138701586291368,4.923105221635553,0.0084,0.7,10
0.0111056509374512,0.0072079383662605,1.1999674892147665,0.0035431488879646,4.827145835475978,0.0084,0.7,10
0.0111067901180992,0.0070602335021651,1.193797461689197,0.0203598228080998,4.841545516162931,0.0084,0.7,10
0.0111753669715885,0.0065438990307863,1.06358320486097,0.0672265178365641,5.08959419797145,0.0084,0.7,10
0.0111476264690186,0.0066864177500024,1.117206049189973,0.057216485503908,4.981749578709452,0.0084,0.7,10
0.0111240615522274,0.0068273924335449,1.15633878512841,0.0449229581715925,4.936962749075206,0.0084,0.7,10
0.0110815301389596,0.0069444538854578,1.1756385818406527,0.0344326390239521,5.12419613899687,0.0084,0.7,10
0.007751817205907,0.0126051476252239,0.0004809120708256319,-0.0043941070477015,20.15141255694624,0.0084,0.7,10
0.0077038376377076,0.0126345817634309,0.0005841960474574463,-0.0065770956091714,20.16887966613796,0.0084,0.7,10
0.0078007831144786,0.012467073395003,0.0004231757265373102,-0.0028011003268118,20.11608767285333,0.0084,0.7,10
0.0078296443440022,0.0124580219414302,0.00025982011341420366,-0.0015916111929546,20.10954439462039,0.0084,0.7,10
0.0077545801261539,0.0125205137668393,0.0005797630078075306,-0.0045952645567761,20.137104989596157,0.0084,0.7,10
0.0101736378620592,0.0093441785745287,0.0575254688193884,-0.0261067322257434,17.21553899386306,0.0084,0.7,10
0.0101242763790135,0.0094000973762433,0.0314983424996296,-0.015175492766436,17.813745050444894,0.0084,0.7,10
0.0101704549827984,0.0093069882136129,0.0875393503618691,-0.038516008227278,17.04681357270155,0.0084,0.7,10
0.0101002960563974,0.0093796811643618,0.054842564513729,-0.026108483925344,17.657944880755654,0.0084,0.7,10
0.0100520274817549,0.0094366347895533,0.0299044534607263,-0.0151033047900829,18.231004359163336,0.0084,0.7,10
0.0101819682224991,0.0092378233425244,0.1380173364032343,-0.057224854414032,16.583591659412658,0.0084,0.7,10
0.0105001045813849,0.0090217896662857,0.2399545075892255,-0.0751595592924674,13.943574725792825,0.0084,0.7,10
0.0104203642701802,0.0090510496444518,0.232062505491236,-0.0767703871038589,14.49749949190372,0.0084,0.7,10
0.0103438849045159,0.0090808728743224,0.2240661841681101,-0.077974938006172,15.026966651207545,0.0084,0.7,10
0.010265815861733,0.0091133750118942,0.2153350757444081,-0.0788195801357465,15.537046117999106,0.0084,0.7,10
0.0101882133576677,0.0091472267665656,0.2066095465343498,-0.0794320990112525,16.02888898519008,0.0084,0.7,10
0.0105122229330386,0.0089231577243699,0.3241136337457349,-0.0935710773147592,13.389208384156676,0.0084,0.7,10
0.0106925729815817,0.0087583982323711,0.4399466755637151,-0.10320274516897,11.646076734327751,0.0084,0.7,10
0.0107104062699714,0.0086495965126306,0.5298450848542942,-0.1129284173377698,11.11505729101855,0.0084,0.7,10
0.010607550955524,0.0087862087178702,0.4267323433764715,-0.1062832814116299,12.239233466888123,0.0084,0.7,10
0.0105227368696109,0.0088148646190096,0.4136463004064831,-0.109145876980336,12.822251888831616,0.0084,0.7,10
0.0107283121134019,0.0085443910999068,0.6125154032933456,-0.1186425322706339,10.530552498560304,0.0084,0.7,10
0.0106959788435491,0.0084443357941816,0.6876394356408461,-0.1231590754998291,10.33565004482473,0.0084,0.7,10
0.0109671465983451,0.0074205003058672,1.167116166812817,-0.0237868178229636,6.0919565250972205,0.0084,0.7,10
0.0109747426055217,0.0080654743803195,0.94160513069353,-0.094138155383495,7.309367587071063,0.0084,0.7,10
0.0109068857657866,0.0077916103583151,1.0635635529848697,-0.0721827613288578,6.99925305602688,0.0084,0.7,10
0.0109395081055028,0.0079323214807266,1.0075083372027704,-0.0852359606240375,7.154236350188044,0.0084,0.7,10
0.0107270824751853,0.0083486529971703,0.7542270804607131,-0.1215895505884413,9.807474440618137,0.0084,0.7,10
0.0108751467990836,0.008181285515922,0.8675583181722393,-0.1078037442802568,8.313472101024963,0.0084,0.7,10
0.010761084893118,0.0082454377152379,0.8220408855916727,-0.1167804693753497,9.279349035525696,0.0084,0.7,10
0.0108464383247247,0.00750408708065,1.1368761100200455,-0.0371429242064266,7.035091303618647,0.0084,0.7,10
0.0108530160286315,0.0076602922374433,1.1006482201605885,-0.058112004532726,7.155613248028429,0.0084,0.7,10
0.0108002896982605,0.0077800532984811,1.0550269371899808,-0.0747096686965857,7.730771947864317,0.0084,0.7,10
0.0105703017536937,0.0052176983007671,0.0702553721630093,0.0242261592118687,14.088294072450031,0.0084,0.7,10
0.0105676446159851,0.0051880972551695,0.0410866009232239,0.0144665428317765,14.191013673402432,0.0084,0.7,10
0.0106236646448286,0.0052717204352616,0.1080952645684465,0.0349024938874902,13.404826686985762,0.0084,0.7,10
0.0106458205704162,0.0053388244477149,0.1693525162767388,0.0515569370809304,12.973700373120932,0.0084,0.7,10
0.0106600283239382,0.0054251858922006,0.2504268034436122,0.0713949725708528,12.490141716721718,0.0084,0.7,10
0.0104955966527813,0.0051889730873742,0.0667806892704784,0.0244040576375864,14.63810111326921,0.0084,0.7,10
0.0104915173530228,0.0051599266985427,0.0397708322629021,0.0148511512816658,14.757864159039812,0.0084,0.7,10
0.0106730198937581,0.0055266389585023,0.3431045666412641,0.0907024256257679,11.975445029051288,0.0084,0.7,10
0.0107681419126819,0.0056625206623615,0.4511109901386749,0.1031250879413363,10.833179532364207,0.0084,0.7,10
0.0106844747957829,0.0056386907368129,0.4413217840907952,0.1072521325460167,11.433946546747077,0.0084,0.7,10
0.010912100346971,0.0061775467894117,0.8439417439880416,0.1139803173897608,8.135974062513956,0.0084,0.7,10
0.0108929639839989,0.0058981845899857,0.640379932093006,0.1138955889428364,9.270654934806505,0.0084,0.7,10
0.0109039676511127,0.0059931848399974,0.714268344869979,0.1159854987565898,8.856589502310392,0.0084,0.7,10
0.0108812768025509,0.0060831878983059,0.7799505168828792,0.1184535855616056,8.615810823136483,0.0084,0.7,10
0.0107816215156572,0.0057763044978954,0.5476877552861134,0.1143206694843381,10.328526855129969,0.0084,0.7,10
0.0107973583828741,0.0058736099859414,0.6256602662923628,0.1199615191512197,9.904109629896595,0.0084,0.7,10
0.0110693526820641,0.0064511951585069,1.0112960821421777,0.0848382454290696,6.168758509976699,0.0084,0.7,10
0.0109695644439014,0.0063587229877535,0.9555578167302524,0.1001333576208476,7.117802454982017,0.0084,0.7,10
0.0108816735714188,0.0062721015173198,0.9010094421995082,0.1122256246078683,8.021017826207869,0.0084,0.7,10
0.0109727087378896,0.0072824131382598,1.1812251000511405,-0.0055352952675828,5.936745131632286,0.0084,0.7,10
0.010982351507345,0.0071394500228843,1.1836256387045212,0.013300936269951,5.852835753156271,0.0084,0.7,10
0.0109753143103853,0.0070106371764454,1.172550021815532,0.030192820713108,5.965937463592412,0.0084,0.7,10
0.0110334110412576,0.0065929411294596,1.0714438187333934,0.0752296941725819,6.100928861396244,0.0084,0.7,10
0.011005090870697,0.0067366982052628,1.1186312430224488,0.0620631556695854,6.053897232301075,0.0084,0.7,10
0.0109819764000117,0.0068686970704057,1.1497897439159197,0.0478568904663728,6.038765196265712,0.0084,0.7,10
0.0078145905491928,0.0123863845821904,0.00045905425750798686,-0.0026829947463651,20.112484396666265,0.0084,0.7,10
0.0078440537569123,0.0123783663438726,0.00027760836664428057,-0.0015175780103399,20.10882255792483,0.0084,0.7,10
0.0078317683734509,0.0123060308661305,0.00047940825228852136,-0.002499469476806,20.115376598381506,0.0084,0.7,10
0.0078601310330105,0.0122990223945156,0.0002927610597183682,-0.0014421256345814,20.11346027371686,0.0084,0.7,10
0.0076393220986822,0.0126147246662676,0.0007125140268270756,-0.0095545119067791,20.17601562292177,0.0084,0.7,10
0.0076973251250769,0.0125629850517339,0.0007083580007996929,-0.0070442788661903,20.156485370324564,0.0084,0.7,10
0.0077709217194981,0.0124493964563179,0.0006044666456258016,-0.004191881616519,20.12764271865599,0.0084,0.7,10
0.0077096915001573,0.0124830371332016,0.0007920600173907723,-0.0067113480942621,20.14226458999912,0.0084,0.7,10
0.0100265382460617,0.0094172270546832,0.0520730859335037,-0.0259887715953786,18.08151928477618,0.0084,0.7,10
0.0099804921429474,0.0094745483704801,0.0283273265102566,-0.014976594439928,18.61585744363729,0.0084,0.7,10
0.0099543709604593,0.00945592930857,0.0492286646248929,-0.025718898835152,18.4687421600018,0.0084,0.7,10
0.0099096959943072,0.0095138226722515,0.0267690041393137,-0.0147952203559652,18.98673723454179,0.0084,0.7,10
0.0098851281671172,0.0094960456254898,0.0457315632376744,-0.024968718014914,18.827889343266232,0.0084,0.7,10
0.0098396638465987,0.0095544414144015,0.0252328390405472,-0.0145721616969088,19.31192204834346,0.0084,0.7,10
0.0098166888273561,0.00953756671371,0.0422892350720333,-0.024118926549835,19.149565606328164,0.0084,0.7,10
0.0097704191110908,0.0095963867418059,0.0237348820158842,-0.014304061599905,19.621056141049344,0.0084,0.7,10
0.0097461702769983,0.0095809044863101,0.0395743539080569,-0.0235566517637948,19.471640944925657,0.0084,0.7,10
0.0097019835375691,0.0096396394278005,0.0222850915443162,-0.0140062957224956,19.88159266668035,0.0084,0.7,10
0.0096748949716206,0.0096240604332691,0.0381870756344142,-0.0236911774706985,19.74010629271622,0.0084,0.7,10
0.0096343798006011,0.009684181134745,0.0208845082474004,-0.0136676121635192,20.147929159427388,0.0084,0.7,10
0.0100958976030354,0.0093440073932484,0.0826045734915236,-0.0381659148198709,17.497284403630683,0.0084,0.7,10
0.0101067144219391,0.0092732323437515,0.1318246503167713,-0.0573325805379198,17.041170241482007,0.0084,0.7,10
0.0100226575920999,0.0093810552078247,0.0785522523013801,-0.0380112867247962,17.91501118407726,0.0084,0.7,10
0.010111409918523,0.0091824792072321,0.1978123210043463,-0.0797637162069432,16.49385002693501,0.0084,0.7,10
0.009608287460225,0.0096682380073047,0.0358305818540077,-0.0231172211904381,19.99477900673674,0.0084,0.7,10
0.0095676325772301,0.0097299963257001,0.0195123300069549,-0.013293546688845,20.37871716066136,0.0084,0.7,10
0.0095422650130409,0.0097138232617928,0.0335265562629016,-0.0224924568141664,20.22034447900943,0.0084,0.7,10
0.0095017670438366,0.0097770720147037,0.0181836655704551,-0.0128929964093279,20.58375799676354,0.0084,0.7,10
0.009475145045455,0.0097621017623976,0.0312176308527431,-0.0217917555294434,20.43317105823697,0.0084,0.7,10
0.0094368091960592,0.0098253952010904,0.0169096554466857,-0.0124716534155861,20.75992405881597,0.0084,0.7,10
0.0104303432067427,0.008951925415652,0.314218838034321,-0.0957705608071427,13.936653710612154,0.0084,0.7,10
0.0103493805710951,0.0089822053894638,0.3039044433739582,-0.097553614184337,14.47561372805801,0.0084,0.7,10
0.0102695568667852,0.0090144989862387,0.2927960970841575,-0.0988406277548148,15.001032805043636,0.0084,0.7,10
0.0101907334138156,0.0090485889419385,0.2811842571875628,-0.099691997023204,15.49813881110338,0.0084,0.7,10
0.0101124335079296,0.0090840282455432,0.2695873007275864,-0.1002500336995517,15.970780508354824,0.0084,0.7,10
0.0104377981918536,0.008843356192058,0.4017097666159865,-0.1119637725475945,13.364277103003088,0.0084,0.7,10
0.0106209769992346,0.0086741495442792,0.5174684921588213,-0.1170630673486109,11.669765451585478,0.0084,0.7,10
0.0106462010544428,0.0085921303025451,0.5798210163965768,-0.120989913229764,11.236196563016849,0.0084,0.7,10
0.0105375564506535,0.0087026976033234,0.5019800951439651,-0.1201223555039939,12.28263031985154,0.0084,0.7,10
0.0104469985066383,0.0087372092106573,0.4834317938191664,-0.1230709829568303,12.819889083762009,0.0084,0.7,10
0.0106221193725167,0.0085012764448758,0.6482540507030227,-0.1261615619564201,11.05930228287584,0.0084,0.7,10
0.0106191263046794,0.0083895355647385,0.7256059009059995,-0.1272298561526182,10.615440324202416,0.0084,0.7,10
0.0108396453149674,0.0073575739302367,1.1569863418200492,-0.0163644089796201,6.97439413680864,0.0084,0.7,10
0.0108304789218383,0.0080276745079028,0.9508271855332728,-0.0994319014537959,8.168793016099224,0.0084,0.7,10
0.0108156586274773,0.0078946421709935,1.0118737983587611,-0.087322986202773,7.97364791090689,0.0084,0.7,10
0.0106372912231214,0.0082440292999333,0.8178183000371801,-0.1225276885977722,10.039607934018749,0.0084,0.7,10
0.0107275166744611,0.0081182984734129,0.8947034348325159,-0.1111991133732886,9.089336816654672,0.0084,0.7,10
0.0107264722020918,0.0078291482387838,1.028071482753666,-0.0828322309458937,8.430549413193193,0.0084,0.7,10
0.0107175647638469,0.0074406013702196,1.1287710003069684,-0.0293360688560157,7.831438680398414,0.0084,0.7,10
0.0107198359236931,0.0075823585948988,1.102356388664264,-0.050317021496909,7.979540945042001,0.0084,0.7,10
0.0107118192848559,0.0077120662056001,1.0663592884972106,-0.0684983742957076,8.22861912413972,0.0084,0.7,10
0.0104189759374933,0.0051599816327148,0.065240256589234,0.0252034788442576,15.187524186645293,0.0084,0.7,10
0.0104159408447333,0.0051303100366447,0.0384218443147517,0.0151703991054424,15.311080746490708,0.0084,0.7,10
0.0105447729456131,0.0052452148630478,0.1058640917807364,0.0362926046577772,13.993210538175402,0.0084,0.7,10
0.0105664921016283,0.0053134475678902,0.1660226613204232,0.0536637008411473,13.548364513472672,0.0084,0.7,10
0.0105786550118168,0.0054014246505176,0.2464829774000032,0.074543801924364,13.047735093073692,0.0084,0.7,10
0.0105915200513252,0.0054994981097119,0.3334164240362074,0.0936525741888383,12.538543985369891,0.0084,0.7,10
0.0104648078480455,0.0052169906768762,0.1037724052363826,0.0377329074627418,14.573984040684076,0.0084,0.7,10
0.010602439106914,0.0056153108982548,0.4324297001702514,0.1113180302735439,11.986571219264595,0.0084,0.7,10
0.0106967506082719,0.0057500393204688,0.5337464703319471,0.1189162260223259,10.916676617208266,0.0084,0.7,10
0.0106165290023217,0.0057216416729936,0.5184244604606367,0.1226279223203967,11.515829620309438,0.0084,0.7,10
0.0108078978913586,0.0061792112649639,0.8417140346753449,0.1216686697742954,8.817855561062634,0.0084,0.7,10
0.0108082491048772,0.0059886040013695,0.7128691353557395,0.1235265534047145,9.405538716777953,0.0084,0.7,10
0.0107720141144568,0.0060919169137145,0.7846121931623972,0.126186533748747,9.27701024185926,0.0084,0.7,10
0.0107073383249024,0.0058471756071746,0.61017661696469,0.1254627693690686,10.46496350777639,0.0084,0.7,10
0.010724427187346,0.005932530447413,0.6737170892341019,0.1280190127209267,10.088137318441648,0.0084,0.7,10
0.0109290227605316,0.0064918771335657,1.018700616565866,0.0924558747596529,7.052694903128795,0.0084,0.7,10
0.0107599886239283,0.0062833213855643,0.9004314894853805,0.1197641796630873,8.73917609909534,0.0084,0.7,10
0.0108366682656081,0.0063870035632092,0.9604878664545704,0.1075499622076887,8.001373966386645,0.0084,0.7,10
0.0108422650417002,0.0072107401712593,1.1651776634283844,0.0050064295802498,6.910486702289867,0.0084,0.7,10
0.0108503894713519,0.0070731585626446,1.1616598401343292,0.0247485189241966,6.8492495263413735,0.0084,0.7,10
0.0108571439068165,0.006935705167611,1.14604160868215,0.0438766334633115,6.881051691804799,0.0084,0.7,10
0.0108742639145596,0.0066474419950268,1.0752709422516926,0.0798098342662321,7.08336153601177,0.0084,0.7,10
0.0108695062220698,0.0067990814364611,1.1196500191577237,0.0615537572454272,6.921465127750792,0.0084,0.7,10
0.0042172234562611,0.0123511082829811,0.00013550992392824087,-0.0018292640958782,19.6134221221881,0.0084,0.7,10
0.004242117359049,0.0123347973142418,0.0002066861104517211,-0.0031838582417693,19.59022220985463,0.0084,0.7,10
0.0042229312495749,0.0122810792612461,0.00011158182073220286,-0.0019323478435678,19.566903889490284,0.0084,0.7,10
0.0078499658897217,0.0122278498482648,0.0004982778498859434,-0.0023385342740078,20.125369507637327,0.0084,0.7,10
0.0078778410184013,0.0122200229903702,0.0003064540506966979,-0.0013686057997259,20.12569504367065,0.0084,0.7,10
0.0078678813464273,0.0121491760017479,0.0005325571817660989,-0.0022665213958385,20.14256767394696,0.0084,0.7,10
0.0078971455549837,0.0121413968287715,0.0003196136940928759,-0.0013025670524761,20.145390114408077,0.0084,0.7,10
0.0077863288493259,0.0123682090468661,0.0006491506757330955,-0.0039540480071416,20.124443427273167,0.0084,0.7,10
0.0078025999145708,0.0122858830177115,0.0006979177123423416,-0.003768560275141,20.127721122717396,0.0084,0.7,10
0.0075450187981298,0.0125950889715984,0.0007845615415509353,-0.0136162859354937,20.18434841876264,0.0084,0.7,10
0.0076180939321589,0.0125188499189215,0.0009208970910100976,-0.0105752520701198,20.163532187204016,0.0084,0.7,10
0.0077250360076914,0.0123990249390091,0.0008774907923384082,-0.0063528692444999,20.134588303440704,0.0084,0.7,10
0.0076480537220263,0.0124273212493724,0.0010537580320083,-0.0094707793610451,20.149934366851458,0.0084,0.7,10
0.0078880934475589,0.0120675730827393,0.0005740445245300461,-0.0022100571724933,20.167110808704475,0.0084,0.7,10
0.0079180076662651,0.0120631698055966,0.0003340791122545632,-0.0012461228886284,20.1722171626866,0.0084,0.7,10
0.0079104794354185,0.0119892512899859,0.0006099914898878567,-0.002133756620045,20.19736779234754,0.0084,0.7,10
0.0079403940702404,0.0119853660895468,0.00035187221889161326,-0.0012042214972673,20.20572487961445,0.0084,0.7,10
0.0099504001973601,0.0094188400727424,0.0748694067001122,-0.0378804459090236,18.29853757765872,0.0084,0.7,10
0.0098799908442048,0.0094576629325258,0.0710679183012374,-0.0375386900220159,18.659256045206572,0.0084,0.7,10
0.0098091922042686,0.0095015505740306,0.0654633099450985,-0.0361731063124543,18.992208569386065,0.0084,0.7,10
0.0097397456721388,0.0095433895848971,0.0618292589422663,-0.0355965795089943,19.311268841264543,0.0084,0.7,10
0.0096674063278374,0.0095863351601065,0.0594087175100066,-0.0356433878728784,19.577473968552884,0.0084,0.7,10
0.0095976170110345,0.0096310201154978,0.0562873512511133,-0.0351104831682306,19.84454493986936,0.0084,0.7,10
0.0100321572147764,0.0093100405612393,0.1256543025917238,-0.0572373943966406,17.469598180008607,0.0084,0.7,10
0.0100352452901276,0.0092191622843332,0.1890031787820158,-0.0798202657620505,16.933368699176498,0.0084,0.7,10
0.0099583193444524,0.009348306343041,0.1194695182386573,-0.0569314254361674,17.87343469528055,0.0084,0.7,10
0.0100346014211894,0.0091206072525747,0.258202344335174,-0.1005460644750374,16.415152348323947,0.0084,0.7,10
0.0095297467940508,0.0096775965984007,0.0526863538664474,-0.0341850048384849,20.079185073027755,0.0084,0.7,10
0.0094628764841028,0.009725332735361,0.0492236009253035,-0.0331937727314922,20.29113988590592,0.0084,0.7,10
0.0094086336580368,0.0098118353277343,0.0290176821952151,-0.0210732701724187,20.615659424178528,0.0084,0.7,10
0.0093727853380859,0.0098749522191405,0.0156885792791572,-0.0120210958668366,20.9257758929333,0.0084,0.7,10
0.0093453274475811,0.0098610468166723,0.0269822218130377,-0.0203345023982427,20.77994791615465,0.0084,0.7,10
0.0093097220605772,0.0099257287527049,0.0145014357418672,-0.0115424250605568,21.06619296814275,0.0084,0.7,10
0.0092830198267174,0.0099113716636127,0.025024946410125,-0.0195649111094755,20.91769471580126,0.0084,0.7,10
0.009247645592567,0.0099777090414847,0.0133571025841001,-0.0110461266607272,21.18348604725872,0.0084,0.7,10
0.0092198049084426,0.009964595651771,0.0230480946361654,-0.0187139738145471,21.04193111122754,0.0084,0.7,10
0.0091865801813248,0.010030874323332,0.0122711746849351,-0.0105401436614008,21.27925112392271,0.0084,0.7,10
0.0091573433519134,0.0100192053060293,0.0211827065225507,-0.0178619535894752,21.143558584413963,0.0084,0.7,10
0.0091265472575824,0.0100852027424608,0.0112421250569471,-0.0100178438595818,21.365590740653705,0.0084,0.7,10
0.009098054741504,0.0100731157461557,0.0194589914694156,-0.0170000568910271,21.229979294124465,0.0084,0.7,10
0.0090675681415911,0.0101406728121514,0.0102535059293312,-0.0094786112089134,21.43016715504772,0.0084,0.7,10
0.0090385710289744,0.0101290787192582,0.0178286633557857,-0.016137268536269,21.29904663549181,0.0084,0.7,10
0.0090096655912506,0.0101972645001511,0.009308856965092,-0.0089310470530519,21.48324184879263,0.0084,0.7,10
0.0093969072753383,0.0097742928356828,0.0458901509469771,-0.0321466547453781,20.472747030114984,0.0084,0.7,10
0.0103540736641507,0.0088720570102034,0.3902635509572145,-0.114436659574615,13.908960700709914,0.0084,0.7,10
0.0102718001861679,0.0089038625012635,0.3770971801056049,-0.1162718892218461,14.432264380990626,0.0084,0.7,10
0.0101918359531283,0.0089384234034251,0.362535936872974,-0.1174004413167273,14.945197378868793,0.0084,0.7,10
0.0101125925749728,0.0089746153846007,0.3476973004257237,-0.1181582724097795,15.418384313661509,0.0084,0.7,10
0.0100332273647708,0.0090109696306765,0.3338702242365556,-0.1187842578997585,15.86496965642864,0.0084,0.7,10
0.0103604348462367,0.008759208343393,0.4748241019606418,-0.1265251190319765,13.368986610678832,0.0084,0.7,10
0.0105491874794583,0.0085912254202056,0.5858532102607915,-0.1270246667202222,11.744599391671624,0.0084,0.7,10
0.0104680027466731,0.0086513028470205,0.5459943538768192,-0.1282193683174521,12.36836345027417,0.0084,0.7,10
0.010375366607958,0.0086590569781152,0.5459319532209532,-0.1329926460683951,12.895150297765928,0.0084,0.7,10
0.0105225797093704,0.0084673095519097,0.6736022428121106,-0.1318551512429755,11.437335746811568,0.0084,0.7,10
0.010515282071647,0.0083308127460439,0.7606896939536458,-0.1303469861608221,10.958565565200642,0.0084,0.7,10
0.0105192900184262,0.0081953710647638,0.8383866396209035,-0.1234995009095225,10.581993328107986,0.0084,0.7,10
0.0106917483090175,0.0072871015599787,1.140244374815329,-0.0055631194551782,7.898386938286863,0.0084,0.7,10
0.0105984741973823,0.0073969204926788,1.1157149243192035,-0.0225963619560413,8.620925415865523,0.0084,0.7,10
0.0106807755701366,0.0079603684088403,0.96936031098945,-0.0991201202389907,8.9996015234062,0.0084,0.7,10
0.0106035392027021,0.0080921509833191,0.8989848925393297,-0.113671458240016,9.752363051348242,0.0084,0.7,10
0.0106047670832668,0.0078152894492276,1.0186324461505671,-0.0842423597803785,9.137226464740756,0.0084,0.7,10
0.0106044030352824,0.0075280310584628,1.0966232386136558,-0.0432608949898326,8.686929429820992,0.0084,0.7,10
0.0106040850832667,0.0076633125552801,1.0656731535468376,-0.0634718869827115,8.859571079357634,0.0084,0.7,10
0.0104917993774301,0.008088182900497,0.8911593020017532,-0.1159534271244823,10.41548311907532,0.0084,0.7,10
0.010341933098395,0.0051297143730491,0.0641177519794107,0.0261514131873175,15.711139695044896,0.0084,0.7,10
0.0103409432407161,0.0050992555589073,0.037050323671767,0.0154356268570046,15.82123895935822,0.0084,0.7,10
0.0103926406757326,0.0051885674491923,0.1004327177686357,0.0385007569143124,15.064916028828492,0.0084,0.7,10
0.01048851433235,0.0052835399072755,0.1593281617811345,0.0546527662858278,14.119220897594806,0.0084,0.7,10
0.0104983374135425,0.0053737635741088,0.2398108375829459,0.0768760009962498,13.608901246420976,0.0084,0.7,10
0.0105095851844027,0.0054742229923506,0.3265140585194906,0.0970523877402727,13.08076444486145,0.0084,0.7,10
0.0105153136346712,0.0055858128152589,0.4200619580292847,0.1150231469872773,12.538669158455356,0.0084,0.7,10
0.0104125775859192,0.0052500501972863,0.1502621395760174,0.0545851003032218,14.66752437699761,0.0084,0.7,10
0.0105281314992113,0.005692825272292,0.5045100466230029,0.1270213465423144,12.035044690617063,0.0084,0.7,10
0.0106255344109392,0.0058187195908866,0.5934510134671922,0.1298316778629634,11.021206967020897,0.0084,0.7,10
0.0105519018295604,0.0057780249918009,0.567684460912356,0.1324214281622003,11.62189586803728,0.0084,0.7,10
0.0106830231830335,0.0061738326735032,0.8339948429472048,0.1298169203670529,9.529112029095204,0.0084,0.7,10
0.0106604276132558,0.0062869112242268,0.8959896401811737,0.1249902366830615,9.371125761490791,0.0084,0.7,10
0.0106798517583647,0.0060347880044665,0.7462649792086923,0.1327457705469621,10.05943227759179,0.0084,0.7,10
0.0106293366525587,0.0059184811940658,0.6665946229300311,0.1343536390313706,10.711397990059767,0.0084,0.7,10
0.0107908760132621,0.0065139591163695,1.014676176235069,0.098747388619704,7.9944776145734275,0.0084,0.7,10
0.0106902407604309,0.0064008699814866,0.95531056412562,0.114875765884757,8.879925581615835,0.0084,0.7,10
0.0107118093611495,0.0071362895742366,1.1445803498906555,0.0178584231912417,7.786197032415722,0.0084,0.7,10
0.0107260669142844,0.0069980282410618,1.1360029890041357,0.0386532581354812,7.745753243777755,0.0084,0.7,10
0.0107404574736864,0.0066230550565299,1.050710337060278,0.0893392322067026,8.073858352150843,0.0084,0.7,10
0.0107395735276026,0.0068646242867209,1.1167192515923678,0.0577194320168593,7.7580054594019,0.0084,0.7,10
0.0107539342766298,0.0067342756880334,1.0873679430584495,0.0749397059553278,7.825078900163267,0.0084,0.7,10
0.0042465890230636,0.0122655332217189,0.00015973572894477912,-0.0032699925800184,19.558096921714142,0.0084,0.7,10
0.0042279717016899,0.0122109644951782,8.685623580415526e-05,-0.0020544472365754,19.53001353287688,0.0084,0.7,10
0.0042749992929538,0.0122776424906121,0.00021968296230362127,-0.0049001164187036,19.553353166705985,0.0084,0.7,10
0.007820879938217,0.012205163722243,0.0007440611944071165,-0.0035779668533126,20.13786194166548,0.0084,0.7,10
0.0078365403027607,0.012125369958696,0.0008236044924652867,-0.0035601264994308,20.155197728854432,0.0084,0.7,10
0.0077398048405385,0.0123152678721404,0.0009711291474734584,-0.00610155149482,20.133626157583823,0.0084,0.7,10
0.007757007871918,0.0122330206735631,0.0010645918200849,-0.0058370318382089,20.13911593668398,0.0084,0.7,10
0.007413231120303,0.0125700937500795,0.0007192216218281803,-0.0188176668505986,20.18815269945966,0.0084,0.7,10
0.007497816813171,0.0124990806830282,0.0009977127485826564,-0.0154919621166929,20.169986129721817,0.0084,0.7,10
0.0075583957811093,0.0124400338671335,0.0011543605231831,-0.0130931992625834,20.1593077588146,0.0084,0.7,10
0.0076615646225611,0.0123425751235679,0.0012056245580804,-0.0091372807308295,20.14255967096173,0.0084,0.7,10
0.0075720572832744,0.0123689091263907,0.0013370289948249,-0.0126360518727811,20.146138725426443,0.0084,0.7,10
0.0079337827537943,0.0119128264309155,0.0006547919623932245,-0.002091591180966,20.23350605870489,0.0084,0.7,10
0.0079642793616261,0.011908009942836,0.0003742224450132,-0.0011799624085767,20.245700098243294,0.0084,0.7,10
0.0079595361132788,0.0118341901331174,0.0007120767858213149,-0.0020779721624052,20.27691904966503,0.0084,0.7,10
0.0079896473581693,0.01183112726549,0.0004033559170669693,-0.0011753614951969,20.292039813060505,0.0084,0.7,10
0.0078563253582473,0.0120456275540219,0.0008961002079487732,-0.0034769293747551,20.178868236010437,0.0084,0.7,10
0.0078789173489206,0.0119667893452982,0.000970609888332702,-0.0033832346979951,20.208378896841356,0.0084,0.7,10
0.0098857742612217,0.0093891788460682,0.1124289804368007,-0.0560408728123824,18.25277602069592,0.0084,0.7,10
0.009814025538032,0.009431735050214,0.1053694958174665,-0.0548804257370075,18.60919258728501,0.0084,0.7,10
0.0097429717493732,0.0094751768236363,0.0988210730450576,-0.0537175217260327,18.939867627602084,0.0084,0.7,10
0.0096743973649945,0.0095227588401581,0.0905867118896635,-0.0514750677589872,19.23835641834645,0.0084,0.7,10
0.009601505118559,0.0095633992458356,0.0881122048693952,-0.0518827065935323,19.50477479207919,0.0084,0.7,10
0.0095326036963979,0.0096097647052815,0.0826963773913822,-0.0506238866371464,19.75189345962764,0.0084,0.7,10
0.0099598143076218,0.0092572055222472,0.180243284209617,-0.0796149227138803,17.347936125830163,0.0084,0.7,10
0.009957331813001,0.0091585231172858,0.2468922309785332,-0.1005265511237325,16.84157780425083,0.0084,0.7,10
0.0098852896599964,0.0092978936823296,0.1707004375189661,-0.0788459899858751,17.739932478170875,0.0084,0.7,10
0.0099541155752405,0.0090486477357701,0.3200866910914173,-0.1190311233109781,16.305242418136956,0.0084,0.7,10
0.0094642207118126,0.0096575876829626,0.0774334714150028,-0.0492447681498141,19.980868755312923,0.0084,0.7,10
0.0093968857249511,0.0097063256908349,0.0724654524458612,-0.0478372109254699,20.174801194746426,0.0084,0.7,10
0.0089805795693458,0.0101878960134281,0.0158722496575668,-0.0149198761153002,21.359944032371043,0.0084,0.7,10
0.0089528594632082,0.0102549546781248,0.0084264651879697,-0.0083898800857625,21.515649684764565,0.0084,0.7,10
0.0089239659146397,0.0102467533355352,0.0142275501632929,-0.0138787262070049,21.39378049739369,0.0084,0.7,10
0.0088971654903448,0.0103137170638801,0.0076034409112623,-0.0078508056484026,21.530601779429965,0.0084,0.7,10
0.0093318520616583,0.0098244571088155,0.042687897100994,-0.0310277867225673,20.6460274705498,0.0084,0.7,10
0.0092677517253556,0.0098758257853096,0.0396179249010611,-0.0298741851050536,20.791558256920094,0.0084,0.7,10
0.0092044677311917,0.0099285549219742,0.0366627745348332,-0.0286736434676104,20.917315292378277,0.0084,0.7,10
0.0091423612926195,0.009982137406329,0.0338972915428013,-0.0274812109642165,21.021942525115296,0.0084,0.7,10
0.0090810265838417,0.0100375327059713,0.0311416890721046,-0.0261559629619375,21.113883499578723,0.0084,0.7,10
0.0090214039684885,0.0100938459178834,0.028470251023534,-0.024758466719985,21.190887962738497,0.0084,0.7,10
0.0089635136929259,0.010152118033658,0.0256534724349727,-0.0231174705977858,21.253530503273296,0.0084,0.7,10
0.0093300615337796,0.0097567656940375,0.0675529934839265,-0.0462454384797804,20.367425559117887,0.0084,0.7,10
0.0102744683042795,0.008789618065033,0.4605363242220282,-0.1289916735259712,13.894828787821917,0.0084,0.7,10
0.0101914613668487,0.0088243855264823,0.4437290745559308,-0.1306917934933293,14.397906770531971,0.0084,0.7,10
0.0101151946686312,0.0088631303183907,0.4244729301060664,-0.1312938112870677,14.918838544626931,0.0084,0.7,10
0.0099534270746139,0.0089354301886868,0.393325313817898,-0.133001019191847,15.8078592382832,0.0084,0.7,10
0.0100327924645238,0.0089012323092382,0.4073281896046982,-0.1322394956671357,15.33653135436064,0.0084,0.7,10
0.010284709910687,0.0086899123449271,0.5296246659974112,-0.1357777191686981,13.455996595520489,0.0084,0.7,10
0.0104268701356882,0.0085496929399421,0.6196900258055758,-0.1348989933003601,12.21279628138798,0.0084,0.7,10
0.010300944852819,0.0085834682465957,0.6001671813051317,-0.1392828401732741,12.940723867741369,0.0084,0.7,10
0.0104147790753305,0.0084035463315208,0.7139260380795184,-0.1356788793765131,11.7542541286639,0.0084,0.7,10
0.0104079918739018,0.0082695281363983,0.7914398854505401,-0.130901438026084,11.381983699650569,0.0084,0.7,10
0.0104023817469828,0.0081482088942419,0.8544605182203296,-0.1229023979103613,11.097056337402975,0.0084,0.7,10
0.0105718238846009,0.0071821534396494,1.1230942787165892,0.0124865287436428,8.706795344881492,0.0084,0.7,10
0.0105500684393427,0.0072976385762445,1.116382335580632,-0.0062182310341255,8.849036768380632,0.0084,0.7,10
0.0104692316286893,0.0073658918385405,1.0979612972368356,-0.0169748332032574,9.365602658405848,0.0084,0.7,10
0.0104876966400778,0.0074813050178084,1.0862837758650168,-0.0359840234006321,9.36221690660402,0.0084,0.7,10
0.0105355477746762,0.0079636005395807,0.9524033496649016,-0.1029487949976108,9.807296157877312,0.0084,0.7,10
0.0104824376665062,0.0078383516278051,0.9944181676221788,-0.088739543298409,9.866948317286466,0.0084,0.7,10
0.0104973964471804,0.0077264664969798,1.032386656670898,-0.0734908848601224,9.621050728143612,0.0084,0.7,10
0.0104911317364365,0.0076033385405069,1.063435257422212,-0.0552444960179375,9.471009105031843,0.0084,0.7,10
0.0104003638771364,0.0080248659479005,0.9115125448655108,-0.1115821813139098,10.752779076848862,0.0084,0.7,10
0.0102668724284248,0.0050970383644434,0.0615765841598607,0.0264666931247102,16.237721336807144,0.0084,0.7,10
0.0102665535099821,0.0050667706954078,0.0356343340229198,0.0156383112613455,16.340410001117277,0.0084,0.7,10
0.0101945461434647,0.0050620716749327,0.0575996029844361,0.0260715999699631,16.67946311981093,0.0084,0.7,10
0.010192800457637,0.0050328642405052,0.034244277611512,0.0158212803635588,16.789900883641657,0.0084,0.7,10
0.0103161368754414,0.0051583941652675,0.0981850610782251,0.0396391307089234,15.582001303497009,0.0084,0.7,10
0.0103331405521627,0.0052240325777202,0.1502271046446228,0.0574368206102727,15.188076198387536,0.0084,0.7,10
0.0104199379623202,0.0053416134164586,0.2299391724326383,0.0780760569681109,14.153271161271055,0.0084,0.7,10
0.0104282523893619,0.0054456417733158,0.3176531828240379,0.0998506687676552,13.616181415621506,0.0084,0.7,10
0.0104321977936195,0.0055578075939223,0.4092834930472003,0.1184994241169851,13.098353879418214,0.0084,0.7,10
0.0104422440952354,0.0056679714633087,0.4941774769254352,0.131349850121873,12.62411635015784,0.0084,0.7,10
0.01034413394808,0.0053110173378909,0.2221008842524816,0.0795156445630248,14.688976318042306,0.0084,0.7,10
0.0104533617145906,0.0057795607634051,0.5758358681208361,0.1400868402140365,12.09057601181745,0.0084,0.7,10
0.0105924444135516,0.0063397844071541,0.91786766764744,0.124903495661204,9.594212366413654,0.0084,0.7,10
0.0105862444711286,0.0062414428525273,0.8673404104089825,0.1319453406236511,9.90147803780178,0.0084,0.7,10
0.0105308158731877,0.0058775644001555,0.6413006334650512,0.1397983355058778,11.371003039215564,0.0084,0.7,10
0.0105813253492513,0.0061267980964983,0.8025189178847788,0.1373048910166458,10.308730004968604,0.0084,0.7,10
0.0105560276146907,0.0060036258089801,0.725715146749481,0.140552632844286,10.776561436044911,0.0084,0.7,10
0.0106538344903757,0.0065421672253543,1.01160770215389,0.1025781783418716,8.850142946968148,0.0084,0.7,10
0.0105446105062264,0.0064472237587712,0.9621648961961936,0.1175074231374495,9.625346346593584,0.0084,0.7,10
0.0105910822336155,0.007054324615302,1.120678217539662,0.0328768826883466,8.61482153745496,0.0084,0.7,10
0.0106064029514747,0.0069240673489902,1.1076386621533911,0.0529035479019712,8.595648659267757,0.0084,0.7,10
0.0106324802142622,0.0066757708345727,1.0546024740691833,0.0873662563286877,8.742471900952017,0.0084,0.7,10
0.0106243759778951,0.0067965865718543,1.085590823777962,0.071225774602662,8.619039695490608,0.0084,0.7,10
0.0042521438752487,0.0121980566841585,0.0001213850967763391,-0.0034792555848653,19.51712259413198,0.0084,0.7,10
0.0042317524466588,0.0121407318231948,5.723676228912584e-05,-0.0021687119747491,19.47819618728005,0.0084,0.7,10
0.0042575458208958,0.0121283814970628,7.306752173796826e-05,-0.0037365237227865,19.46710124186168,0.0084,0.7,10
0.0042342344104282,0.012070420604813,2.479015306050763e-05,-0.0022679279114297,19.426933793439986,0.0084,0.7,10
0.0042791917930501,0.0122081541303866,0.0001591322311918213,-0.0050575148799452,19.511784391630595,0.0084,0.7,10
0.0043250741090046,0.0122936439771552,0.0002849874778346612,-0.007609559537767,19.550431598415404,0.0084,0.7,10
0.0043133694951468,0.012237705518612,0.00020784920803447812,-0.0069676661739135,19.521961543696317,0.0084,0.7,10
0.0079868095931604,0.0117559666038217,0.0007854563649552895,-0.0021035961503467,20.32586899191948,0.0084,0.7,10
0.0080164882057711,0.0117547457095034,0.00044154462237863386,-0.0011927657409563,20.344151772944432,0.0084,0.7,10
0.0077789012933247,0.0121523732425493,0.0011430569828935,-0.0054827338940136,20.15085425965724,0.0084,0.7,10
0.0077947875675562,0.0120706541635876,0.0012884596048519,-0.0054599806329229,20.16888373152041,0.0084,0.7,10
0.0076747683956694,0.0122560381693459,0.0013898230707154,-0.0089185735297164,20.145104860641226,0.0084,0.7,10
0.0076936182918879,0.0121734053236453,0.0015642882025173,-0.0085682050683377,20.150296427925326,0.0084,0.7,10
0.0072885519835574,0.0125488954316949,0.0005623357919009147,-0.0232597005268216,20.18123478118165,0.0084,0.7,10
0.0073626555292312,0.01246860168221,0.0010000744362606,-0.0205395462580485,20.16609130249434,0.0084,0.7,10
0.007454622365225,0.0123880168738084,0.0013681540355829,-0.0171291296495385,20.156235463095204,0.0084,0.7,10
0.0075809653736457,0.0122803153341149,0.0016115299377531,-0.012474201943508,20.14965541143557,0.0084,0.7,10
0.0074921758538738,0.012307540245175,0.0016750340977942,-0.015781647230083,20.14733225846833,0.0084,0.7,10
0.0079031734108493,0.0118883443361501,0.0010603063490323,-0.0033293183050487,20.24379942099432,0.0084,0.7,10
0.0079289115501613,0.0118104769826439,0.0011701182078677,-0.0033256508184237,20.28501362547352,0.0084,0.7,10
0.0078157254157363,0.011990299113095,0.0014314545249676,-0.0053512673810539,20.19333685496051,0.0084,0.7,10
0.0078394187681202,0.0119111682483623,0.0015866885267121,-0.0052530816288328,20.222781188404387,0.0084,0.7,10
0.0080145834898118,0.0116806450040957,0.0008766590957834255,-0.0021709827433857,20.378789520595888,0.0084,0.7,10
0.0080447958104685,0.0116788944183174,0.0004904855407978265,-0.0012336942420536,20.401499265969168,0.0084,0.7,10
0.0080437364238209,0.0116060869415129,0.0009890818621099277,-0.0022777858989596,20.43623716789577,0.0084,0.7,10
0.0080745676403168,0.0116036047076976,0.0005520812275638887,-0.0012990813330075,20.46337737752993,0.0084,0.7,10
0.0098115774941512,0.0093400001818939,0.1613043469573874,-0.0778281804061761,18.10628668670444,0.0084,0.7,10
0.0097387096178479,0.0093836581649823,0.1519981073211133,-0.0765253142673895,18.46228843829746,0.0084,0.7,10
0.0096650979519704,0.0094315011738756,0.1417570719551918,-0.0745855690231355,18.780003550171163,0.0084,0.7,10
0.0095932741775128,0.0094766326281187,0.1338107684347826,-0.073250190639647,19.081162938457965,0.0084,0.7,10
0.0095227854121257,0.0095238518977982,0.125564374650502,-0.0714624220988988,19.341150832033435,0.0084,0.7,10
0.0094546348954641,0.0095700113797728,0.1183469422357486,-0.0698202873289088,19.584845970784112,0.0084,0.7,10
0.0098805796916907,0.009198013791317,0.235555639620058,-0.1001882896565907,17.23647954711748,0.0084,0.7,10
0.0098752488916309,0.0090879367482814,0.3062970466848485,-0.1189547903757696,16.707686072734564,0.0084,0.7,10
0.0098049066909742,0.0092397298091978,0.223748855307426,-0.0993559462713894,17.615916702127677,0.0084,0.7,10
0.009871364609185,0.0089771908213238,0.3757788416101741,-0.1330663943356946,16.20417533491539,0.0084,0.7,10
0.0088684519001561,0.0103040290485064,0.0131064594388092,-0.0132218577864775,21.41347058852692,0.0084,0.7,10
0.0088425995611069,0.0103735269290944,0.0068313825856857,-0.0073134201572557,21.537636951306165,0.0084,0.7,10
0.0088135919565631,0.0103625750291034,0.0120519426998374,-0.0125693216304217,21.421399168766214,0.0084,0.7,10
0.0087891808468035,0.0104343632927247,0.0061057912182972,-0.0067846634219234,21.527924844161014,0.0084,0.7,10
0.0086063818644761,0.0106139982257158,0.0075861866290012,-0.0091191319573171,21.34260531647652,0.0084,0.7,10
0.0086360220929111,0.0106228326514109,0.0042658499785519,-0.0052939947643514,21.44214215301211,0.0084,0.7,10
0.0085873987449131,0.0106875664094787,0.0037460189502848,-0.0048300429130476,21.390605842536875,0.0084,0.7,10
0.0086556351453973,0.0105506519600907,0.0085498041086067,-0.0099271614778934,21.37710767086724,0.0084,0.7,10
0.0086858715863785,0.0105590382205902,0.0048304841827588,-0.0057779252475915,21.48105614518116,0.0084,0.7,10
0.0087058910731288,0.0104883999427078,0.0095986999434017,-0.0107643132200935,21.40172809662415,0.0084,0.7,10
0.0087369310341174,0.0104962072649655,0.005440600407142,-0.0062745327278064,21.508971210965694,0.0084,0.7,10
0.0087591388893359,0.0104249833141636,0.0107751257427074,-0.0116508318154246,21.415943000686585,0.0084,0.7,10
0.0093858599621731,0.0096191549509408,0.1108789863982031,-0.0678357154934026,19.80007306707414,0.0084,0.7,10
0.0093130041359703,0.0096679452018082,0.1052719593544701,-0.0666249874245029,19.996182558245145,0.0084,0.7,10
0.0089092444720912,0.01020721465483,0.0234453410680694,-0.0218380578645682,21.2955713604998,0.0084,0.7,10
0.0088521717517638,0.0102695183283204,0.020846718173488,-0.0201422686220561,21.32128046291385,0.0084,0.7,10
0.0092648159317017,0.0098083232326512,0.062763432197606,-0.0445573575477747,20.52664714860293,0.0084,0.7,10
0.0092002055542399,0.009860933831157,0.0582884856882164,-0.0428718132312139,20.67083232882917,0.0084,0.7,10
0.0091368645988943,0.0099146457133452,0.0539767852338632,-0.0411265861221378,20.78399225124772,0.0084,0.7,10
0.0090745843731324,0.0099702053737789,0.0496758328242936,-0.0391767160891767,20.89219125338119,0.0084,0.7,10
0.009013260825995,0.0100267377050519,0.0456537532664995,-0.0372390963055161,20.98315748024447,0.0084,0.7,10
0.0089530318320189,0.0100842883802029,0.0418645186595343,-0.0352934482369163,21.059498206230646,0.0084,0.7,10
0.0088979755861343,0.0101463425470262,0.0369621689677111,-0.03234574167011,21.12256022240804,0.0084,0.7,10
0.0092484382818749,0.0097228441489929,0.0965908200024242,-0.0635390234893975,20.180185339607643,0.0084,0.7,10
0.0101959353514659,0.0087241531081845,0.5116550558390851,-0.1380823672509203,13.966116413764482,0.0084,0.7,10
0.0101120783314943,0.008763245068825,0.4910887843060639,-0.1395577006065056,14.447598820812532,0.0084,0.7,10
0.0100441448538653,0.008818355559012,0.4601300639579683,-0.1387844381574073,14.97444978487491,0.0084,0.7,10
0.009881790076062,0.0088923075597427,0.4264829548412719,-0.1401926469639888,15.83613342971135,0.0084,0.7,10
0.0099517568249986,0.0088304834323021,0.4591139555502482,-0.1421093317339701,15.330297030480748,0.0084,0.7,10
0.010201058723567,0.0086239001040226,0.5767593880102773,-0.1422197211450081,13.5665025105048,0.0084,0.7,10
0.0103097195939931,0.0084631417261251,0.6760484990956842,-0.1399964496838756,12.507774843118726,0.0084,0.7,10
0.0102079409261774,0.0085150965950368,0.6439789346544981,-0.1432814149391135,13.154327266865604,0.0084,0.7,10
0.0103020219125587,0.0083321174729032,0.7518098526713767,-0.1365745375738575,12.096157152572204,0.0084,0.7,10
0.0102937274558992,0.0082057920386974,0.8175671782746897,-0.1292353695447936,11.78358860023918,0.0084,0.7,10
0.0104541648934814,0.0071068729879355,1.1016825712072016,0.0267611837642003,9.45086629236218,0.0084,0.7,10
0.0102887503521074,0.0080855610792312,0.8736237626396338,-0.1189997636227784,11.49229906853578,0.0084,0.7,10
0.010432874390561,0.0072402873812705,1.0995835659833766,0.0045767750857276,9.570008789455782,0.0084,0.7,10
0.0103694389454871,0.0073404340940819,1.0831137243221356,-0.0117028917470387,9.97032413525156,0.0084,0.7,10
0.0103764996748119,0.0074387199984088,1.074111803927301,-0.0283787172243448,9.99518738170727,0.0084,0.7,10
0.0103754435942569,0.0075518110713396,1.0558798716206732,-0.0469522355748338,10.104047913750072,0.0084,0.7,10
0.0103939147277678,0.0079088103578496,0.9577201149430108,-0.0984355100119225,10.561701327895245,0.0084,0.7,10
0.010380438702903,0.0077880380590558,0.9974099895177598,-0.082645201948822,10.38669439874971,0.0084,0.7,10
0.0103777658967013,0.0076691050614107,1.030400619937108,-0.0653503921576453,10.232482723880915,0.0084,0.7,10
0.0102810744350955,0.0079760999257488,0.9184528176171044,-0.1072240822988097,11.277232757086978,0.0084,0.7,10
0.010239906706507,0.0051242920129806,0.0938249822840648,0.0399303901573443,16.09865725164879,0.0084,0.7,10
0.0101195526687818,0.0050264591373379,0.0555190053666098,0.0263768235000327,17.150042002074567,0.0084,0.7,10
0.0101197123463835,0.0049975466702415,0.0328534503975181,0.0159199091972058,17.254063029081358,0.0084,0.7,10
0.0101620654506825,0.0050879039611153,0.0896254441939645,0.040253365051467,16.570594436673332,0.0084,0.7,10
0.010256456462578,0.0051913732176855,0.1448676745237483,0.0583850628812751,15.69050012396815,0.0084,0.7,10
0.01026571505098,0.0052792390586789,0.2150909887112605,0.08115021302462,15.173568095344349,0.0084,0.7,10
0.0103487320495389,0.0054141182689677,0.3070924579285587,0.101987327642676,14.149223491559416,0.0084,0.7,10
0.0103496956901721,0.0055292880896761,0.3989746766390584,0.121920125754262,13.609630531308335,0.0084,0.7,10
0.0103567783993016,0.0056358661792205,0.4791513196107679,0.135005597692464,13.118262118917144,0.0084,0.7,10
0.0103748764060835,0.0057224264971233,0.5404646622760978,0.1415586171783538,12.705435157595488,0.0084,0.7,10
0.0102712390399247,0.0053807802869856,0.2957997611541877,0.1035770955126203,14.659859269438384,0.0084,0.7,10
0.0104241951700473,0.0058782012016121,0.6453276350777063,0.1466807666771685,11.933240023444592,0.0084,0.7,10
0.0103363024087312,0.0058174850972507,0.6084964981934541,0.1502254807315772,12.610935580065568,0.0084,0.7,10
0.0104938027470378,0.0063195321540759,0.9006042561047439,0.1313152174369583,10.310437354289617,0.0084,0.7,10
0.0105065345820901,0.0062014614866054,0.841449457758223,0.1380995869265679,10.5342590764427,0.0084,0.7,10
0.0104521513381443,0.0059766801288779,0.7089247839871295,0.1469437923734476,11.45540249424839,0.0084,0.7,10
0.0104722099646146,0.006100871696954,0.7842506230815111,0.1441524383312296,10.961478385751176,0.0084,0.7,10
0.0104350331402226,0.0064114618616484,0.9361603022412912,0.1255424758272487,10.387370226259597,0.0084,0.7,10
0.010390362249984,0.0063371776757029,0.900146319483851,0.1342083255801729,10.7652458367142,0.0084,0.7,10
0.0105245663470905,0.0065918786377197,1.0142616406032576,0.101989668761963,9.492032402649505,0.0084,0.7,10
0.0104233892552222,0.0065193241698434,0.9766908115194436,0.1144754477482258,10.26272342773894,0.0084,0.7,10
0.0104692914230225,0.0069792619340614,1.0936453933348589,0.0474498658236749,9.410079258733475,0.0084,0.7,10
0.0104844968097103,0.0068499949798871,1.0761792752584565,0.0673894425786504,9.413348728364758,0.0084,0.7,10
0.0105029208312824,0.0067217710724554,1.0500777356908535,0.0856102107540885,9.442405057118782,0.0084,0.7,10
0.0103365565371662,0.0070339146462863,1.077194158671796,0.0411419018070949,10.160583236815462,0.0084,0.7,10
0.0042611253460007,0.0120550719457495,1.610969792845062e-05,-0.0039458289305658,19.413003183969263,0.0084,0.7,10
0.0042354197255858,0.0120000516873831,-1.1417834827118892e-05,-0.0023492268656732,19.36770625923161,0.0084,0.7,10
0.0042626291722373,0.011981591283967,-4.601685296961129e-05,-0.0040887190067257,19.352688281668996,0.0084,0.7,10
0.0042352433325798,0.0119189164450013,-5.386202583163686e-05,-0.0024243826685643,19.298400435688173,0.0084,0.7,10
0.0042881530474771,0.0121401749811469,9.32866593371648e-05,-0.005543334057387,19.46565009213489,0.0084,0.7,10
0.0042932071424856,0.0120683175481652,1.4725391562066691e-05,-0.0058600727705773,19.414552789058096,0.0084,0.7,10
0.0043290362450897,0.0121797221589351,0.0001329469106023175,-0.0078198874862735,19.48293909389369,0.0084,0.7,10
0.0043906718582477,0.0122955029106761,0.00027092501550965913,-0.0109095516408301,19.53965185703828,0.0084,0.7,10
0.0043661059072201,0.0122309529126657,0.00018860241917299545,-0.0097355516829904,19.508077270533075,0.0084,0.7,10
0.0079560813543832,0.0117330188168945,0.0013064613508267,-0.0033808262315654,20.33119257293145,0.0084,0.7,10
0.0071802947280616,0.012529254758854,0.0004161624595863436,-0.0266992613144758,20.16763330236151,0.0084,0.7,10
0.0077113377449605,0.0120890142002874,0.0017889124882007,-0.0083864647097456,20.163335695509968,0.0084,0.7,10
0.007731564710485,0.0120075657410832,0.0020362248002751,-0.0082204869003891,20.17936984438137,0.0084,0.7,10
0.0075847844227915,0.0121875101778027,0.0019833616567122,-0.0126167425217535,20.14881776552582,0.0084,0.7,10
0.0076039041736692,0.0121020745157937,0.002341795302063,-0.0122870568525985,20.154399475554893,0.0084,0.7,10
0.0072500600182688,0.0124448165003609,0.0009561325843586328,-0.0243489231586184,20.15443127172938,0.0084,0.7,10
0.0073228495913849,0.0123656509415761,0.0014503977190771,-0.0218532994419842,20.14651844328124,0.0084,0.7,10
0.0073924632011927,0.0122931370389734,0.0018587700633628,-0.0194191653968244,20.13958390146718,0.0084,0.7,10
0.0074646254811157,0.012208604870123,0.002238022218636,-0.0169813074635743,20.139015864818333,0.0084,0.7,10
0.0078647215166605,0.0118319335641983,0.0017749635599782,-0.0052256995092199,20.25763323124793,0.0084,0.7,10
0.0078913355391695,0.0117532217240177,0.0020039749890736,-0.0052815991034906,20.29800200971466,0.0084,0.7,10
0.0077548230081963,0.0119263924158903,0.0023106483059896,-0.0080755942992565,20.2037144911484,0.0084,0.7,10
0.0077786600076707,0.0118461184618321,0.0026420648227447,-0.0080509361840251,20.231211553835987,0.0084,0.7,10
0.0080772290160981,0.0115300362574206,0.0010966343964675,-0.0023600030795479,20.50140771841022,0.0084,0.7,10
0.008105794497582,0.0115289079157133,0.0006285600140970821,-0.0013899858661503,20.53179632458625,0.0084,0.7,10
0.0081102066100891,0.0114539809142458,0.0012723198769633,-0.0025689295534624,20.56754954540484,0.0084,0.7,10
0.0081384431613388,0.0114548239984505,0.0007241042074434454,-0.0015099449648985,20.602359938627504,0.0084,0.7,10
0.0079846976435257,0.0116560067626135,0.0014758675379342,-0.0034980191345719,20.38241898363246,0.0084,0.7,10
0.0080160643290144,0.011579219430496,0.0016656561801408,-0.0036428341657885,20.438391710150054,0.0084,0.7,10
0.0070673577897291,0.0125084376317242,0.000274697888939284,-0.0299059305270948,20.1485625291538,0.0084,0.7,10
0.0096566913484179,0.0093292084900571,0.199546514312443,-0.0964341209334747,18.301320671790545,0.0084,0.7,10
0.0097292503307237,0.0092829150387095,0.21222184700256,-0.0983071362392406,17.96786760238342,0.0084,0.7,10
0.009580953104858,0.0093734840553567,0.1897542527164404,-0.0952782132432666,18.604705675626334,0.0084,0.7,10
0.009506531774388,0.0094229447359248,0.1781296146298206,-0.0931114290970229,18.88992903701387,0.0084,0.7,10
0.0094355993690179,0.0094698234922268,0.1682677061132441,-0.09117714232455,19.149754201076192,0.0084,0.7,10
0.0093663613518116,0.0095188645136363,0.1581206751454453,-0.0887957016664893,19.38363693969748,0.0084,0.7,10
0.0097967831015844,0.0091287472623054,0.2925271597569249,-0.1185069779451007,17.09877836249763,0.0084,0.7,10
0.0097917441663871,0.0090152495623508,0.3612061075891723,-0.1330647081653003,16.625850661234583,0.0084,0.7,10
0.0097189121240409,0.0091722717560717,0.2781568357206255,-0.1175652270628195,17.464908639368844,0.0084,0.7,10
0.0097893270156131,0.0089071120909066,0.4247983281796913,-0.1428800227169905,16.155549318709703,0.0084,0.7,10
0.0085560141795314,0.0106811980583018,0.0066734836772921,-0.0083259416373472,21.297991457378284,0.0084,0.7,10
0.008540016321686,0.0107532145507086,0.0032808005721641,-0.004393886331507,21.335933328921264,0.0084,0.7,10
0.0085082964694089,0.0107478630328434,0.0058442982487223,-0.007567518086402,21.247271247027104,0.0084,0.7,10
0.0084938914057285,0.0108197536790072,0.0028616586922867,-0.003979904739953,21.27549168203106,0.0084,0.7,10
0.0084629375035695,0.0108137136239626,0.0051222259389557,-0.0068734751368693,21.192379680731506,0.0084,0.7,10
0.0084490446218079,0.010887162916638,0.0024816350011007,-0.0035891794270592,21.207693059593247,0.0084,0.7,10
0.0084178622338375,0.010881673787623,0.0044654185308898,-0.0062198109766066,21.130204783398053,0.0084,0.7,10
0.0084055012523642,0.0109554233750793,0.0021427771344176,-0.0032259633203424,21.136532441943235,0.0084,0.7,10
0.0087963893726062,0.0103310612337545,0.0187309815707998,-0.0187428194273119,21.34059696529935,0.0084,0.7,10
0.0087413436853684,0.010393423035684,0.0168555029748811,-0.01745089211615,21.341565419422786,0.0084,0.7,10
0.0085365504493637,0.0106499676452272,0.0106108054832333,-0.0125913824286391,21.24580880769726,0.0084,0.7,10
0.0085861143318984,0.0105828055920389,0.0121086759275595,-0.0138633086601643,21.28282610002826,0.0084,0.7,10
0.0086366299488346,0.0105165265668521,0.0137988347502634,-0.0152463128098715,21.31187056113293,0.0084,0.7,10
0.0086884479407586,0.0104544390635393,0.0152811258054532,-0.0163449368395471,21.33214168758335,0.0084,0.7,10
0.0092953961971086,0.0095691655035,0.1487099161579984,-0.0864372065678443,19.61177094654923,0.0084,0.7,10
0.0092245682832084,0.0096219413513963,0.1392449644898113,-0.0837906814752346,19.79429901911377,0.0084,0.7,10
0.0088376773911645,0.010202723000205,0.0345973318107732,-0.0311673967059026,21.1610039729706,0.0084,0.7,10
0.0087806250701869,0.0102628353704349,0.031560344779549,-0.0293511905123308,21.18313065368149,0.0084,0.7,10
0.0091837244958577,0.0097762272735318,0.0895047228598932,-0.0609651133078901,20.3573150237243,0.0084,0.7,10
0.0091180780548421,0.0098300559430712,0.0833575406509385,-0.05874795055038,20.47718479766299,0.0084,0.7,10
0.0090541839204949,0.0098855861377516,0.0771511389142657,-0.0561926888955865,20.5989685640708,0.0084,0.7,10
0.0089917106642437,0.0099432955179593,0.0708957900950344,-0.0533626304706325,20.714236792623627,0.0084,0.7,10
0.0089280811503701,0.0100017868961107,0.0654219590989555,-0.0508417614146928,20.792967691619392,0.0084,0.7,10
0.0088686713148634,0.0100612988176378,0.0597989333760273,-0.0479457062559585,20.87837911693114,0.0084,0.7,10
0.008811514965626,0.0101198250826855,0.0547607819659932,-0.0453018897180956,20.931681727445987,0.0084,0.7,10
0.009156764530793,0.0096767543969138,0.1295091714889338,-0.0807289669625965,19.9783686582264,0.0084,0.7,10
0.0101046917068381,0.0086647334726976,0.5539882691846348,-0.1445605104353438,14.13583677664636,0.0084,0.7,10
0.0100048517588702,0.0087223088031739,0.522344690469155,-0.1459620279110761,14.70708056668042,0.0084,0.7,10
0.0098430693627566,0.0088109317090896,0.4769737853390047,-0.1467708519502767,15.67860507616084,0.0084,0.7,10
0.0099009397700595,0.0087413615790873,0.5148265632268725,-0.1480516563231024,15.163593190309394,0.0084,0.7,10
0.0101052281208621,0.008559399525127,0.6175768630855768,-0.1462718061226057,13.728131655739292,0.0084,0.7,10
0.0102046876054656,0.008393843904333,0.7138357113624432,-0.1410341733088806,12.762442299380778,0.0084,0.7,10
0.0101239463138956,0.0084649942324137,0.6718121481536978,-0.1446852702691017,13.342305535117664,0.0084,0.7,10
0.0101827676829426,0.0082666763595689,0.7794969411396404,-0.1349698870679668,12.5084653323252,0.0084,0.7,10
0.0101784505878758,0.0081326585450536,0.8422736750714893,-0.1242854414000733,12.197446111177952,0.0084,0.7,10
0.0103232224354236,0.0071547737648652,1.0809402788917826,0.020762881592027,10.196281545617692,0.0084,0.7,10
0.01017603557748,0.0080244226062463,0.8873759551831778,-0.1131507349559691,11.90511772756833,0.0084,0.7,10
0.0103018956416837,0.0072617767842598,1.0762536030883856,0.0025986092150855,10.32892082355296,0.0084,0.7,10
0.0102703579860794,0.0073840131370527,1.0625207917980923,-0.0180153325895086,10.572688197551004,0.0084,0.7,10
0.0102570516371126,0.0075051028449405,1.0445606567594414,-0.0383747616667794,10.708939056801,0.0084,0.7,10
0.0102625159396752,0.0076132948288592,1.025381615597742,-0.0561374273650854,10.784506202691851,0.0084,0.7,10
0.010269466095126,0.0078529181853308,0.9613181536315288,-0.091642672433119,11.097896150084042,0.0084,0.7,10
0.0102624322463911,0.0077336271993447,0.9962010663196458,-0.0747325483275648,10.971051584063678,0.0084,0.7,10
0.0101887802165886,0.0079321686565017,0.9234902640571948,-0.1020218552669555,11.653586635637048,0.0084,0.7,10
0.0097460065588377,0.0087957402556094,0.4896880279122916,-0.149894926263341,15.867718762161635,0.0084,0.7,10
0.0100457959901843,0.0049890107325088,0.0529104583447696,0.0263873008092511,17.58385911386245,0.0084,0.7,10
0.0100473166811449,0.004960830659156,0.0314308836060629,0.0159771503110009,17.6760809125649,0.0084,0.7,10
0.0101824078103154,0.0051523720946426,0.134960074308185,0.0574101401227417,16.175766488736794,0.0084,0.7,10
0.0100933544186673,0.0050516817492554,0.0839920233757288,0.0395183484758963,17.006875433497513,0.0084,0.7,10
0.010105506536266,0.0051207639952174,0.1331650293068348,0.0593264308291018,16.618780533739468,0.0084,0.7,10
0.010188987877398,0.0052446921011759,0.2066821019619756,0.0820763442378494,15.660701906780764,0.0084,0.7,10
0.0101907174937323,0.0053494570979996,0.2878649112092035,0.1059681684513779,15.133276508987931,0.0084,0.7,10
0.0099742556686467,0.004951774301118,0.0510091943558227,0.0266293460884321,17.97217587049982,0.0084,0.7,10
0.0099756398393361,0.0049227308147473,0.0300457887980034,0.0160017460489512,18.072987812057075,0.0084,0.7,10
0.0102698421011862,0.0054950476761915,0.3847980224125362,0.1241533798115828,14.120738608662174,0.0084,0.7,10
0.010273555281588,0.0056091363285478,0.4687398632919807,0.1388426518085048,13.631043717452604,0.0084,0.7,10
0.0102855642805169,0.0057117414253379,0.5398678262155845,0.1474581920556501,13.18854990044558,0.0084,0.7,10
0.0101902078880853,0.0054607012108173,0.3715915429052371,0.1262787860086673,14.622483822058994,0.0084,0.7,10
0.0102287172505027,0.005786386278991,0.5929261125370583,0.1558187232173811,13.154278337987613,0.0084,0.7,10
0.0103477459399924,0.0059440761982972,0.6892086216824809,0.1527169618364812,12.064214295638408,0.0084,0.7,10
0.0102570508481274,0.0059065429863477,0.667154324674713,0.1576108237126851,12.687657098819114,0.0084,0.7,10
0.0103982079389163,0.0062178317097607,0.8441027966496664,0.142711898990949,11.095289060029744,0.0084,0.7,10
0.0103640388281028,0.0060781898549261,0.7682126067235561,0.1504909933592209,11.581759758317778,0.0084,0.7,10
0.0103018364390013,0.0063053339327907,0.8786505132176812,0.1405493133987854,11.350354053356403,0.0084,0.7,10
0.0103228630706473,0.0064307607656818,0.9327467123061604,0.1278954725461897,10.940509875266134,0.0084,0.7,10
0.0103913248730909,0.0066438407400065,1.013221113679052,0.0998502181863768,10.21356196726063,0.0084,0.7,10
0.0102990747931491,0.0065596076196451,0.9754622894040476,0.1137350620751171,10.82815462937284,0.0084,0.7,10
0.0103431963011666,0.0069062388537616,1.0635097233990811,0.0620466921259008,10.210583333800583,0.0084,0.7,10
0.0103615536593335,0.0067713077739347,1.041472953205652,0.0825265247889219,10.221414177415475,0.0084,0.7,10
0.010213163169204,0.0070869811053972,1.0596461686410603,0.0343362164628611,10.810152119719405,0.0084,0.7,10
0.0102163981437741,0.0069690823493073,1.050880802982994,0.0543723330609861,10.820866008312455,0.0084,0.7,10
0.0042623705356111,0.0119039511316492,-0.00011350916632283472,-0.0041883710953433,19.28623703111404,0.0084,0.7,10
0.0042334073857429,0.011837777861326,-9.94642808905033e-05,-0.0024795277697868,19.22186510329766,0.0084,0.7,10
0.0042960335249234,0.0119926715256044,-7.273472300056054e-05,-0.0060963045512733,19.35504248321615,0.0084,0.7,10
0.0042952808282388,0.0119131628322962,-0.00016573813984497852,-0.0061777288123879,19.289715985217843,0.0084,0.7,10
0.0043404019510511,0.0121074957783251,2.2947888893996643e-05,-0.0084857690674298,19.43836127734093,0.0084,0.7,10
0.0043488601674521,0.0120304501160066,-9.239039118999274e-05,-0.0090361014009162,19.38037029214737,0.0084,0.7,10
0.00439401394013,0.0121574895900931,4.475567456355986e-05,-0.0112184707016522,19.46263474001664,0.0084,0.7,10
0.004486928279919,0.012293236329735,0.00013302401198093302,-0.015326380673421,19.52699723887687,0.0084,0.7,10
0.0044444697957017,0.0122216533205224,8.233194861851347e-05,-0.0135468334730715,19.49355375620866,0.0084,0.7,10
0.0083734363926835,0.0109516796480165,0.0038631911789844,-0.0055958169297677,21.063927285265542,0.0084,0.7,10
0.0083632921163581,0.0110245171107831,0.001843169667837,-0.0028906791041855,21.06242204483294,0.0084,0.7,10
0.0081423060781837,0.0113808159492445,0.0015092740041257,-0.0028730878823917,20.6369570503873,0.0084,0.7,10
0.0081724871284059,0.0113813717038034,0.0008419098088423867,-0.0016612068781275,20.678068195509237,0.0084,0.7,10
0.0083311134915454,0.0110216384196611,0.0033272703501917,-0.0050169732141926,20.994746351857177,0.0084,0.7,10
0.0083224228215643,0.0110944100022618,0.0015803934770018,-0.0025831271748305,20.987709641867188,0.0084,0.7,10
0.008175883548513,0.0113083983694788,0.0017901834241751,-0.003229189308012,20.705914636582865,0.0084,0.7,10
0.0082079145838998,0.0113085757223621,0.0009826231200594183,-0.0018432632313657,20.752286026181206,0.0084,0.7,10
0.0082135320087285,0.0112345389808268,0.0020896413315963,-0.003584405894055,20.780190076571344,0.0084,0.7,10
0.0082447195361212,0.0112364646405797,0.0011519733321234,-0.0020583477445492,20.83190448704117,0.0084,0.7,10
0.0082910690011477,0.0110909332978651,0.0028632549040352,-0.0044935522852072,20.925622679521577,0.0084,0.7,10
0.0082828960127981,0.0111650687263221,0.0013493612568365,-0.0023047514701881,20.908797480748973,0.0084,0.7,10
0.0082516020544458,0.0111623234919177,0.0024487545864599,-0.0040137077454562,20.85253506043648,0.0084,0.7,10
0.0079198696444504,0.0116750665970365,0.0022732458035659,-0.0054077185935996,20.342538597112604,0.0084,0.7,10
0.0071397710142997,0.0124211005230773,0.0009160474105910228,-0.0276994135210876,20.137596032100426,0.0084,0.7,10
0.007618890220987,0.0120153734098746,0.0028039029947432,-0.0122508402482801,20.165866057424623,0.0084,0.7,10
0.007655643640578,0.0119395964009102,0.0031009947615167,-0.0115074079735681,20.18132574028833,0.0084,0.7,10
0.0074817890386181,0.0121076717488151,0.0028662094510729,-0.0166861896150141,20.141011303052853,0.0084,0.7,10
0.007506713544762,0.0120286931393219,0.0033908474319452,-0.0161838904671792,20.145309742804304,0.0084,0.7,10
0.0072153897234775,0.0123360105546285,0.0015667790074842,-0.0253222283344073,20.130619012345235,0.0084,0.7,10
0.0072944633092371,0.0122597790202087,0.0021250365119231,-0.022790680011275,20.126624144125085,0.0084,0.7,10
0.0073659591336655,0.0122117993010025,0.0024112057452673,-0.0204375364439026,20.132112883664128,0.0084,0.7,10
0.0073927945000844,0.0121369294858584,0.0029372069871004,-0.0196851074276062,20.126001375793024,0.0084,0.7,10
0.0078056623160931,0.0117661245511466,0.0030155432212365,-0.0080708075672176,20.26388854984908,0.0084,0.7,10
0.0078330771956588,0.0116859493767694,0.0034782967643515,-0.0082491693618221,20.301307482337425,0.0084,0.7,10
0.0076790774573457,0.0118591598373611,0.0035997816941727,-0.0114313997834405,20.20350386775073,0.0084,0.7,10
0.007703459608893,0.0117766036532667,0.0042182992721989,-0.011523305744033,20.228285320084776,0.0084,0.7,10
0.0080507391163128,0.0115024675383233,0.0018654479065343,-0.0037939169730157,20.50245900437108,0.0084,0.7,10
0.0080836618815289,0.0114283075638576,0.0021472627178549,-0.0040917724450862,20.56371608993925,0.0084,0.7,10
0.0079494903617658,0.0115971957196075,0.0026069849806345,-0.0056423665698446,20.39246438810635,0.0084,0.7,10
0.0079854503273333,0.0115218179380669,0.0028840654582126,-0.005764368645794,20.446704608871315,0.0084,0.7,10
0.0069485278014694,0.012486308576974,0.0001524293964799202,-0.0328762130031008,20.123478634323515,0.0084,0.7,10
0.0070265417101171,0.0123957864916256,0.0009009803275140692,-0.0307713116032487,20.11504263623638,0.0084,0.7,10
0.0095642289250769,0.0092634721864225,0.2504315692423672,-0.1147799164809433,18.12485431091542,0.0084,0.7,10
0.0096420615752739,0.0092181145852522,0.2634745213857634,-0.1161193580265711,17.805405466640682,0.0084,0.7,10
0.0094874976866608,0.0093093182441522,0.2380063234475562,-0.1131428392483537,18.416035841509736,0.0084,0.7,10
0.0094128346831001,0.0093576120614835,0.2251276172417992,-0.1109725253843271,18.69161272377816,0.0084,0.7,10
0.0092657114648592,0.0094573231995336,0.2007729613691259,-0.1060088049232039,19.174109448068915,0.0084,0.7,10
0.0093393173363775,0.0094083746106148,0.2120053011807048,-0.1083566108223541,18.943514958584128,0.0084,0.7,10
0.0097103505582161,0.0090578286184799,0.3451870971803221,-0.1326405534061452,16.968123947725175,0.0084,0.7,10
0.0097172960821082,0.0089701772835024,0.3942473144723226,-0.1404554232731752,16.611832447659808,0.0084,0.7,10
0.0096327301946719,0.0091056876917823,0.3267809277726455,-0.1310916307390711,17.363516818988,0.0084,0.7,10
0.0096740030792356,0.0088802106431053,0.4466673439630732,-0.1477078628637963,16.377048779572636,0.0084,0.7,10
0.0084882492303617,0.0107159878180914,0.0094032685577,-0.011546683521053,21.20052669800378,0.0084,0.7,10
0.0084412350773183,0.0107829266523544,0.0082988319533447,-0.0105469846290299,21.14957431533571,0.0084,0.7,10
0.0083957710987331,0.0108529209601898,0.0071665157127139,-0.0094567678689289,21.09249341840999,0.0084,0.7,10
0.0083514927161367,0.010922171928467,0.0062442855990842,-0.0085486810224202,21.03225206516021,0.0084,0.7,10
0.0087245679624047,0.0103239316287593,0.0287330178050252,-0.0275686317835566,21.19715884217704,0.0084,0.7,10
0.0086696569029174,0.0103860559875421,0.0260793500427296,-0.025802586806817,21.197592882240745,0.0084,0.7,10
0.0084646721479355,0.0106484710716235,0.0165174153650481,-0.0185853371846263,21.114085813966494,0.0084,0.7,10
0.0085142065355669,0.0105812145394982,0.018625860812435,-0.0202861954333285,21.14964172493583,0.0084,0.7,10
0.0085649063583807,0.0105150475105494,0.0209157859891692,-0.0220648586422649,21.1739682685412,0.0084,0.7,10
0.0086167165666099,0.0104499931800254,0.0234039462496927,-0.0239085047416944,21.19104849937272,0.0084,0.7,10
0.0091979228571942,0.0095112126591764,0.1876193353049023,-0.1025962278937463,19.38540774501981,0.0084,0.7,10
0.009126505521178,0.009562137432129,0.1771986136379154,-0.0998783477488523,19.5624958713985,0.0084,0.7,10
0.0087524139167033,0.0101793735239024,0.0504143991269141,-0.0429172360791094,20.97003658125634,0.0084,0.7,10
0.0086955368750698,0.0102412935647406,0.045896466027619,-0.0402663687621193,20.9977909465419,0.0084,0.7,10
0.0090990953596247,0.0097341104568328,0.118293388661119,-0.0765392754197618,20.15158893023981,0.0084,0.7,10
0.0090237597726321,0.0097825962984795,0.1138223268368796,-0.0754027482516109,20.23514636359099,0.0084,0.7,10
0.0089590567447089,0.0098429989521947,0.104581460361275,-0.0715910974685722,20.39779077842964,0.0084,0.7,10
0.0088935163451037,0.0099071606116377,0.0954242539273984,-0.0676401907244585,20.500175214108456,0.0084,0.7,10
0.0088243240821813,0.0099684448808781,0.0885265812404836,-0.064579485718309,20.590507647089307,0.0084,0.7,10
0.0087721174902749,0.0100209676114985,0.0822687736627441,-0.0616317481692724,20.65388127558478,0.0084,0.7,10
0.0087151893089953,0.0100845611523426,0.0747626391019554,-0.0577724687043931,20.714572059563206,0.0084,0.7,10
0.0090611516634957,0.0096207692401869,0.1640437791221927,-0.0957962972839192,19.731806216897457,0.0084,0.7,10
0.0100095554011678,0.008596459060899,0.5963732742050921,-0.1484652231239254,14.243875080793387,0.0084,0.7,10
0.0099102790407179,0.0086421406147092,0.5711452367922264,-0.1501203688825061,14.7966442613521,0.0084,0.7,10
0.0098220970343768,0.0087067574581641,0.5364681927278867,-0.1507999866995232,15.31007958715773,0.0084,0.7,10
0.0100225559636862,0.0084794700069229,0.6614038564390098,-0.1468336055656399,13.822956428450732,0.0084,0.7,10
0.0100824479964874,0.0080607116296472,0.8626471391985572,-0.116959556844461,12.431681121580276,0.0084,0.7,10
0.0100691218490701,0.0083515672974333,0.7303024814401534,-0.1412318148745696,13.241514432893023,0.0084,0.7,10
0.0100485959948609,0.0081840769769577,0.8080007017882014,-0.1292483343983222,12.87860365172868,0.0084,0.7,10
0.0102003121481103,0.0071991926695369,1.0599389615648849,0.0150558319106451,10.871795813538538,0.0084,0.7,10
0.0100824174760427,0.0079489289250556,0.9041697418096768,-0.1036486181144361,12.230816256371094,0.0084,0.7,10
0.0101754315863034,0.0073213955850902,1.0511993552199563,-0.0059299140676394,11.034884909029785,0.0084,0.7,10
0.0101543914113164,0.0074476578665432,1.0354147815256416,-0.0274746050014609,11.214592428749448,0.0084,0.7,10
0.0101388025398631,0.0075712530233724,1.013557340847102,-0.0480637522642473,11.382212862634914,0.0084,0.7,10
0.0101641080609478,0.0076718734400182,0.9966713931181832,-0.0644966102995556,11.38901789270619,0.0084,0.7,10
0.0101202987098389,0.0078065333830196,0.9551776000685164,-0.0846502928948079,11.774383564104385,0.0084,0.7,10
0.0097228020098084,0.0086729142117332,0.5553498509190992,-0.1522657951194374,15.499977478241156,0.0084,0.7,10
0.0096453789659722,0.0087694326297541,0.5062185169029684,-0.1519495966561538,16.065889165587123,0.0084,0.7,10
0.0100189628173322,0.0050135468293507,0.080117888867964,0.0395329038592497,17.444513385511467,0.0084,0.7,10
0.0101112819897642,0.0052096746141909,0.199452704073257,0.0832490152144491,16.128792980553836,0.0084,0.7,10
0.0100305432345572,0.0050838703471719,0.127924703857769,0.0597979679240916,17.07245749457832,0.0084,0.7,10
0.0100331318634289,0.0051763868408561,0.1947656870906924,0.0851707889957725,16.569715265994486,0.0084,0.7,10
0.0101111654885136,0.0053156679900024,0.2788927462872761,0.1079087833106722,15.61706937660422,0.0084,0.7,10
0.0101118706146151,0.0054339809164422,0.3646701967679078,0.1295429695478184,15.071913669805284,0.0084,0.7,10
0.0099033169725609,0.0049142184804491,0.0498245735274603,0.0271695366779422,18.34462474194085,0.0084,0.7,10
0.0099047074781213,0.0048832626718572,0.0286824016682736,0.0159715811568543,18.452505615355054,0.0084,0.7,10
0.0099451664157424,0.0049781022250647,0.0792488209879018,0.0408969492267528,17.822247044412922,0.0084,0.7,10
0.0098314689447583,0.0048727403271593,0.0474852885124244,0.027078965994966,18.7090867234245,0.0084,0.7,10
0.0098345451160718,0.004842441876346,0.0273266411501733,0.0159001340060897,18.804799609382403,0.0084,0.7,10
0.0097604971288813,0.0048298698927098,0.0451770568786782,0.0269233134657139,19.05151465032504,0.0084,0.7,10
0.0097651782504402,0.004800284091566,0.025996986294815,0.0157966138473346,19.136338167457964,0.0084,0.7,10
0.0101912562822742,0.0055792755057482,0.4567669294279842,0.1423218114882571,14.108167434483208,0.0084,0.7,10
0.0102046678216529,0.0056820539264004,0.525926197502757,0.1510510230116922,13.70614928587524,0.0084,0.7,10
0.01011333645966,0.0055393979701465,0.4381833214172604,0.1440777421405858,14.646827032740404,0.0084,0.7,10
0.0101405078979549,0.0057549827503662,0.5772627598057719,0.1601149269612559,13.65999538519064,0.0084,0.7,10
0.0101619472615245,0.0058694917143175,0.6463897571132909,0.1625569229625034,13.164681211904778,0.0084,0.7,10
0.0102592568649145,0.0060260540587251,0.7366350786339552,0.1569363163324421,12.256650082943638,0.0084,0.7,10
0.0101826276085596,0.0059653993155919,0.7014607468207559,0.1616995760994267,12.790251711492951,0.0084,0.7,10
0.0102579051300258,0.0061775785282621,0.8158735768499008,0.1511760300607031,11.863859431676683,0.0084,0.7,10
0.0102070119175839,0.0062905067220686,0.8642756504560378,0.1451670172702735,11.880748413506314,0.0084,0.7,10
0.0102134109503735,0.0063944590289059,0.9072519509908904,0.1353874152578141,11.554002140945927,0.0084,0.7,10
0.01022242380816,0.006489031683783,0.9425189945373872,0.124703176669691,11.404015232881047,0.0084,0.7,10
0.0101381968689185,0.0063413518890892,0.8791819920886731,0.1428861037827263,12.05085319320536,0.0084,0.7,10
0.0102527249390633,0.0066829196910368,1.004620713072738,0.0984086405113716,10.911260394100609,0.0084,0.7,10
0.0101729432604419,0.0065892259620144,0.96800539746269,0.11358000135282,11.412749767394216,0.0084,0.7,10
0.0101954296313387,0.0068224171274087,1.026323852299561,0.078841439947832,11.046211455100131,0.0084,0.7,10
0.0101039209080236,0.0069236460692173,1.026625498491663,0.0643967345746958,11.42491396526723,0.0084,0.7,10
0.0100939879778202,0.0071357725010764,1.0407044690016416,0.028073453251975,11.417071920270692,0.0084,0.7,10
0.0101085017503242,0.0070291507390897,1.0380134443021185,0.0463284155797631,11.34785623904557,0.0084,0.7,10
0.0042605976022843,0.0118224439801855,-0.0001864819563695284,-0.0042684342738129,19.210733273434187,0.0084,0.7,10
0.0042299165744389,0.0117566840318898,-0.0001438875876433011,-0.0025085081210028,19.140774834471102,0.0084,0.7,10
0.0042935191115794,0.0118322416463335,-0.000259026915944034,-0.0062544991724903,19.219008136504613,0.0084,0.7,10
0.0046226536151756,0.0122953952021056,-0.00016845486147177403,-0.0207943005552534,19.52395656919965,0.0084,0.7,10
0.0043508667093939,0.0119508151934555,-0.00021656788117734293,-0.0092695878267082,19.320439202529236,0.0084,0.7,10
0.0043508736423,0.0118690574509223,-0.0003415894041317317,-0.0094296594403188,19.25470824953094,0.0084,0.7,10
0.0044237412205528,0.0120764886748898,-0.0001399220698806934,-0.0128074895424371,19.41064618275073,0.0084,0.7,10
0.0044238822931,0.011994940704636,-0.00027187093400593646,-0.0129553638799218,19.35005381341293,0.0084,0.7,10
0.0044949846324371,0.0121314538254111,-0.00016918480451989898,-0.0159934145102543,19.438580149872333,0.0084,0.7,10
0.0045579074155122,0.0122115344299049,-0.000165385739174421,-0.0184664526627,19.482677651224225,0.0084,0.7,10
0.0083084749903668,0.0109915367620011,0.0054517412025111,-0.0077471404517518,20.96798745289905,0.0084,0.7,10
0.0081164440460979,0.011351769994318,0.0025701869330908,-0.0045960420402682,20.63128789969992,0.0084,0.7,10
0.0082670542283464,0.011061994737874,0.0047245391791736,-0.0069822775143105,20.90227564318113,0.0084,0.7,10
0.0081519395116885,0.0112805079111442,0.0029522933858753,-0.0050132337488007,20.697404780841904,0.0084,0.7,10
0.0081894686139994,0.0112077946876858,0.0034225477479796,-0.0055332381067946,20.766528021179884,0.0084,0.7,10
0.0082275225237389,0.0111355933126607,0.00399604327582,-0.0061767022436214,20.833321284221288,0.0084,0.7,10
0.0078624978053373,0.0116064212247578,0.0040194404583277,-0.0085355678894661,20.34126285723749,0.0084,0.7,10
0.0071070621674942,0.0123059299189766,0.0017118298999595,-0.0284879670412797,20.110039769707104,0.0084,0.7,10
0.0075290412127812,0.0119476949968927,0.0040341062840307,-0.0159221514503409,20.15714008817,0.0084,0.7,10
0.0075684801874503,0.0118719164820345,0.0045606527209247,-0.015187316731856,20.172423858417822,0.0084,0.7,10
0.0074159206470804,0.0120503913252891,0.0036495654102978,-0.0192145295841895,20.13584562648684,0.0084,0.7,10
0.0074369413985505,0.0119732219696228,0.0043647604172898,-0.0189161476172347,20.132168395441614,0.0084,0.7,10
0.0071928107850784,0.0122214566496378,0.0024854964806436,-0.0259844112216375,20.110134030583836,0.0084,0.7,10
0.0072888384345595,0.0121500497573031,0.003055808602884,-0.0230986560875332,20.11513749032101,0.0084,0.7,10
0.007343319501617,0.0120722696095838,0.0037162148991752,-0.021537589816947,20.120951000040296,0.0084,0.7,10
0.0077313003446896,0.0116954595170525,0.0048999012789964,-0.0116698592707307,20.25811123094192,0.0084,0.7,10
0.0077551461999413,0.0116108029072354,0.0058548691541825,-0.0122204378824854,20.29032289209712,0.0084,0.7,10
0.0075910442882975,0.0117873667603521,0.0054474236765013,-0.0152990559435343,20.189617219678425,0.0084,0.7,10
0.0076169060159573,0.0117027772781057,0.0064605286944808,-0.0155127502163203,20.211272036857206,0.0084,0.7,10
0.0080143243717421,0.0114433755965153,0.0034550090927958,-0.0063650508738647,20.502457393107345,0.0084,0.7,10
0.0080479299762155,0.0113666922321883,0.004035384395224,-0.0069371292734586,20.56113377106777,0.0084,0.7,10
0.0078937342226813,0.0115274896207057,0.0046468533232556,-0.0089408161714406,20.38602792381389,0.0084,0.7,10
0.0079263625802923,0.0114504494225378,0.0053510746495949,-0.009451811473687,20.43265858169677,0.0084,0.7,10
0.0068227577232128,0.0124634724822956,5.2934947803264345e-05,-0.0355922974521262,20.092543857459983,0.0084,0.7,10
0.0069046158092384,0.0123680221886183,0.000921224545053927,-0.0336731231775419,20.085797105796384,0.0084,0.7,10
0.0069890418572832,0.0122750292876939,0.0018927689050556,-0.0315618707002744,20.0824471402068,0.0084,0.7,10
0.0094706576014205,0.0091949717120497,0.2978034808747546,-0.1286841224425252,17.971177956047637,0.0084,0.7,10
0.0095488939241597,0.0091546004807219,0.3098347488243966,-0.1296953446434323,17.66746511745657,0.0084,0.7,10
0.0093926216328679,0.0092431314878197,0.2827412237171705,-0.1265927938475939,18.264877808763103,0.0084,0.7,10
0.0093161927619131,0.0092944333086244,0.2671019803268545,-0.1240329886431534,18.524561096180857,0.0084,0.7,10
0.0091722735716881,0.0094030378645113,0.2356332594819896,-0.1174336178661143,19.019770660917743,0.0084,0.7,10
0.0092425492858668,0.0093480800958234,0.2512680942185044,-0.1209483248875758,18.785612915712463,0.0084,0.7,10
0.0096212898520629,0.0089892629272159,0.3913252457690822,-0.1423879536318467,16.903397114667527,0.0084,0.7,10
0.0095518603318747,0.0090653929145681,0.3563790953249747,-0.1383538386890176,17.314941183814756,0.0084,0.7,10
0.0095724430115733,0.0088700948731648,0.4565078574685435,-0.1499753265705763,16.6105164500207,0.0084,0.7,10
0.0084163944598555,0.0107167246000691,0.0145885703127855,-0.016964523816092,21.074214960964245,0.0084,0.7,10
0.0083693940312187,0.0107858114948602,0.0128382990664236,-0.0154436315420012,21.02740351562869,0.0084,0.7,10
0.0083237160061208,0.0108556820844953,0.0112695180797409,-0.0140289233984129,20.976861505124383,0.0084,0.7,10
0.0082794414852501,0.0109263667691653,0.0098539427847673,-0.0127147493222136,20.921248061013685,0.0084,0.7,10
0.0086393852364148,0.0103040008289799,0.0417719512443698,-0.0377248916064625,21.015004356069245,0.0084,0.7,10
0.0085846812060605,0.0103680372686089,0.037819114474469,-0.0351621874924752,21.021572399816137,0.0084,0.7,10
0.0083785838061041,0.010637024055729,0.0242678464822818,-0.0254450806024689,20.960669922506103,0.0084,0.7,10
0.008428963397109,0.0105672529538237,0.0273101661738034,-0.0277646864629393,20.988567065457207,0.0084,0.7,10
0.008479349721655,0.0105001809039575,0.0305345362366195,-0.030132076444749,21.00833500738109,0.0084,0.7,10
0.0085314736140462,0.0104335279357632,0.0340453034546167,-0.0326129849920303,21.01891556861671,0.0084,0.7,10
0.0091016672471536,0.0094582862363673,0.2210448454537869,-0.1138926844878521,19.23237326310878,0.0084,0.7,10
0.0090282087858332,0.0095115137730185,0.2086168245885976,-0.1106583208562473,19.38663555085003,0.0084,0.7,10
0.0085986554689009,0.0102109404272844,0.0625229052902263,-0.0510851859049431,20.788574802717424,0.0084,0.7,10
0.0086560162224986,0.0101442691455489,0.0691136562803563,-0.0547554657718653,20.76338689614076,0.0084,0.7,10
0.0089948861315261,0.0096849788367196,0.1502137757451796,-0.091080749730426,19.9151831277592,0.0084,0.7,10
0.008906425678345,0.0097259900124567,0.1479122198213016,-0.0907004944557416,19.997308519438665,0.0084,0.7,10
0.0088546057766736,0.0098007728705281,0.1311428299069469,-0.0841544024097182,20.190888021235292,0.0084,0.7,10
0.0087349337545808,0.0099130616379907,0.1139872028249685,-0.0770146502610998,20.36247082472025,0.0084,0.7,10
0.008784935779651,0.0098615601746523,0.1220553544533505,-0.0805614246667797,20.25997197541872,0.0084,0.7,10
0.0086118650896216,0.0100430728494674,0.0958546747055536,-0.0685732309506116,20.51157556693244,0.0084,0.7,10
0.0086687085081649,0.0099798873392876,0.104576634727868,-0.0727605318688836,20.423368409017645,0.0084,0.7,10
0.008955035529356,0.00956713830557,0.1962611115985675,-0.1071272348575668,19.55934659622988,0.0084,0.7,10
0.0099085159669241,0.0085121514367694,0.6411495787282138,-0.1489401948754709,14.36922982580269,0.0084,0.7,10
0.0098095274428114,0.0085818351154467,0.6030286717538093,-0.1510593067081191,14.9406567928855,0.0084,0.7,10
0.0099189667755245,0.0083922452822387,0.7019292430567944,-0.1440778993736992,13.968122350398668,0.0084,0.7,10
0.0099895120606794,0.0079874738485993,0.878952249013012,-0.1077532797058003,12.727264567557624,0.0084,0.7,10
0.0099876705340654,0.0080821410186133,0.8438176329540192,-0.1186865518724961,12.903162610180578,0.0084,0.7,10
0.0099329614354075,0.0082523346150852,0.7678219209294053,-0.1347799845167529,13.573118011108098,0.0084,0.7,10
0.0099359720235711,0.0081478068566621,0.8123899429682258,-0.125121768963802,13.308135611838162,0.0084,0.7,10
0.0100732771890803,0.0072547639468658,1.0364895221299049,0.0074768928158212,11.533847686489358,0.0084,0.7,10
0.0099907681083851,0.0078732709267344,0.9165240748340996,-0.0926923058932659,12.458428027242052,0.0084,0.7,10
0.0098960086449953,0.0079057251637919,0.8936024304843396,-0.0956548211910519,12.986568280132156,0.0084,0.7,10
0.010052354456178,0.0073809667139122,1.0250080527531462,-0.0143609447981567,11.683940108640314,0.0084,0.7,10
0.0100368016160802,0.0075171849156492,1.005799818800966,-0.0376197781628804,11.846540999162682,0.0084,0.7,10
0.010044011999168,0.0076672861600117,0.9791160013646888,-0.0625278231467983,11.978593776300984,0.0084,0.7,10
0.0099886834739689,0.0077683216352154,0.9457471347313028,-0.0772361235212559,12.322655164314282,0.0084,0.7,10
0.0096986136263132,0.0085463124718338,0.6179424616137462,-0.1502441695674617,15.1987750584243,0.0084,0.7,10
0.0096148035546367,0.0086416005105186,0.5701634972320339,-0.152093700133115,15.749191485362465,0.0084,0.7,10
0.0095366042523919,0.0087404049492875,0.5217895048591038,-0.1525329044251885,16.265331496107738,0.0084,0.7,10
0.0099584385670732,0.0050415406110633,0.1193022663930915,0.0585882382566116,17.479985293011723,0.0084,0.7,10
0.0100307372988734,0.0052801780471788,0.2700081153483819,0.1097375359198602,16.07193524931296,0.0084,0.7,10
0.0099583817116871,0.0051342048487728,0.1840549317958135,0.0846208016321197,17.00074412589376,0.0084,0.7,10
0.0099532438931815,0.0052399203699719,0.2583167944931238,0.1103115307817411,16.506621682297105,0.0084,0.7,10
0.0100292629970421,0.0053967711384668,0.3519293891225241,0.131634609526258,15.516777598794055,0.0084,0.7,10
0.0100304082488602,0.0055003531898026,0.4218725300098181,0.1462950528458275,15.076712854634808,0.0084,0.7,10
0.0098731894432763,0.0049393254267628,0.0765391529498256,0.0412643311448992,18.20353324636959,0.0084,0.7,10
0.0098823862231733,0.0050065943367829,0.1182071163307207,0.0605640283056285,17.86320621362938,0.0084,0.7,10
0.009801907188872,0.0048978443707106,0.0730059406555198,0.0411349795365501,18.555759567310474,0.0084,0.7,10
0.0096922151741225,0.0047868006426807,0.0429772278665743,0.026719076499225,19.36045989294561,0.0084,0.7,10
0.0096966319248357,0.0047568056984348,0.0247076203971413,0.0156677715456125,19.447341797562704,0.0084,0.7,10
0.0097315339178612,0.0048550574979122,0.0695437384321781,0.0409113927300329,18.890811161680464,0.0084,0.7,10
0.0101083999869212,0.0056508160176731,0.5130176674478202,0.1555468693154415,14.177713722214692,0.0084,0.7,10
0.01003995546669,0.0055850122705529,0.4762747307594341,0.1547624505991308,14.7033675553153,0.0084,0.7,10
0.0100599879614671,0.0057414308274639,0.5727298897644038,0.1643807097181076,14.105559815357967,0.0084,0.7,10
0.0100717123637351,0.0058393896496935,0.6303766576392603,0.1669969716707345,13.711942492572083,0.0084,0.7,10
0.0100894688876888,0.0059627428043233,0.6989882056562147,0.1664146011968582,13.254568837366657,0.0084,0.7,10
0.0101396042326014,0.006082332555407,0.7627157084922603,0.1609201919397972,12.665222299794246,0.0084,0.7,10
0.0101295338968628,0.0062294695905773,0.8317390190883102,0.1526973507479852,12.341627101965242,0.0084,0.7,10
0.0101019268615331,0.0064610131399734,0.9193713055362026,0.1315138821060656,12.061733910772489,0.0084,0.7,10
0.0100641191180893,0.0066095509954911,0.9590485956640136,0.1135050963500446,11.985865511756057,0.0084,0.7,10
0.0100391005446184,0.0063313114445818,0.8659049210609192,0.1470874093690497,12.566432735881806,0.0084,0.7,10
0.0101007623624311,0.006707038409336,0.9883722200379986,0.0987722250863868,11.62188533525894,0.0084,0.7,10
0.0100350511861674,0.0069789492342504,1.0209821857334778,0.0564723636111305,11.774195359938346,0.0084,0.7,10
0.0100522164866748,0.0068299785261671,1.0047197593820365,0.0807389364324191,11.727092876085274,0.0084,0.7,10
0.0100158863537136,0.0069123445554359,1.0104857336084947,0.0680668476699349,11.87118607778215,0.0084,0.7,10
0.0099623877252395,0.0071804160989661,1.0179906917983492,0.0227668884592243,12.069507845994956,0.0084,0.7,10
0.0100003271456486,0.0070639455973276,1.0214710182613318,0.04250791061927,11.94069048883678,0.0084,0.7,10
0.006689892155101,0.0124405137786382,-2.8003861294856548e-05,-0.0380005820151221,20.05628317448452,0.0084,0.7,10
0.0065503183667315,0.0124180893848607,-0.00010143405883933368,-0.0400394095233192,20.01520279041929,0.0084,0.7,10
0.0064049738714009,0.0123968469738121,-0.00018171897726696504,-0.0416478703924277,19.970079514483363,0.0084,0.7,10
0.0042558476186693,0.0117401401058935,-0.0002528616158711087,-0.0042291654138177,19.12950242986589,0.0084,0.7,10
0.0042247626055887,0.0116756726641854,-0.0001876105462560737,-0.0025097188523572,19.054636713066607,0.0084,0.7,10
0.0042939818710788,0.0117555253976574,-0.00035561275227238414,-0.0064892476313053,19.14599857742509,0.0084,0.7,10
0.0043486378870723,0.0117875828436433,-0.0004519036443546769,-0.0094818771523595,19.182481587860597,0.0084,0.7,10
0.0047453692848865,0.012297525380623,-0.0004711227216148284,-0.0250962747891326,19.52918895780104,0.0084,0.7,10
0.004694557945512,0.0122077336607272,-0.00047717000629951496,-0.0235971419129854,19.4861302331999,0.0084,0.7,10
0.004421778936429,0.0119066434995062,-0.0004187417469969221,-0.0130041808884948,19.29058822886842,0.0084,0.7,10
0.0044249633183181,0.011826212017305,-0.0005350922866978019,-0.0132884392421888,19.22417951989053,0.0084,0.7,10
0.0044939184361693,0.0119439392421953,-0.0004717174188503521,-0.0162627981910928,19.3228108064196,0.0084,0.7,10
0.0045302737245289,0.0120271541549941,-0.0004064620111545789,-0.0177123105999462,19.381449620511344,0.0084,0.7,10
0.0046256895449102,0.0121182063330621,-0.0004499918978968065,-0.0212955811860696,19.435594106820275,0.0084,0.7,10
0.004853996258394,0.0122988921334532,-0.0007139306633051598,-0.0284190790968478,19.54148386728355,0.0084,0.7,10
0.0049694521190875,0.0123009153171184,-0.000917943346032928,-0.0315072838388824,19.55879071401944,0.0084,0.7,10
0.0062539577992177,0.0123775899168206,-0.0002864080530244195,-0.0427844515343182,19.92188605647929,0.0084,0.7,10
0.0050904154518091,0.0123029169208288,-0.0010633299105072,-0.0342966539123378,19.5815759043316,0.0084,0.7,10
0.0052173404694207,0.0123048786312721,-0.0011353601001373,-0.0367755594325706,19.609571357710312,0.0084,0.7,10
0.0061000841711714,0.0123600992977359,-0.00041763109469508376,-0.0434007111154442,19.87192193044832,0.0084,0.7,10
0.0059450903069901,0.0123442836532326,-0.0005727129731604696,-0.0434852795501374,19.82139562799514,0.0084,0.7,10
0.0053511550041648,0.0123079892176182,-0.0011289300880011,-0.0389304288254897,19.642934343983423,0.0084,0.7,10
0.0054920602245,0.0123127038068067,-0.0010476433864483,-0.0407271847176338,19.681424483127504,0.0084,0.7,10
0.0057907083471849,0.0123306850427724,-0.0007430248459756645,-0.0430477339766399,19.771721902344648,0.0084,0.7,10
0.0056391219666726,0.0123200691745316,-0.000909941737400045,-0.0421160822684423,19.724615341553573,0.0084,0.7,10
0.0082367032089724,0.0109979144709188,0.0085776024602748,-0.0114930119686455,20.86349385164509,0.0084,0.7,10
0.0080827297306855,0.0112908625811306,0.0047268422625359,-0.0076356304928063,20.621347043202004,0.0084,0.7,10
0.0081956361428259,0.0110703781936505,0.0074241975470512,-0.0103607488158503,20.803917777467635,0.0084,0.7,10
0.0081187020686268,0.011215707156464,0.0055417023227839,-0.008468636948728,20.683378070389143,0.0084,0.7,10
0.0081559924015709,0.0111436029405584,0.0064088725268642,-0.0093451822562639,20.742652941373084,0.0084,0.7,10
0.0077875820919634,0.0115313993994293,0.0067516038777885,-0.0126104627542874,20.326476754648063,0.0084,0.7,10
0.0070764950642662,0.0121869562774379,0.0028736003229517,-0.0292846662475586,20.08335052766149,0.0084,0.7,10
0.0074568239105497,0.0118870240106393,0.0053387849705729,-0.0188561627755912,20.148519768466823,0.0084,0.7,10
0.0074785536508952,0.0118010594004983,0.006470592006221,-0.0189239827795497,20.15233278384323,0.0084,0.7,10
0.0073441514868722,0.0119946792586659,0.0046114913832078,-0.0218302604264094,20.118021414284275,0.0084,0.7,10
0.0073769774736342,0.0119178827962599,0.0054682133109233,-0.0212340268921534,20.11706383334706,0.0084,0.7,10
0.0071682912410648,0.012106875429439,0.0037450743397589,-0.0268226532512624,20.08962350020177,0.0084,0.7,10
0.0072541659954528,0.0120386759636323,0.0043957264768125,-0.0244492551655732,20.09694560924558,0.0084,0.7,10
0.0076423275089282,0.0116168461822907,0.007700534047372,-0.0159849032114574,20.23286054318652,0.0084,0.7,10
0.0076675189584946,0.0115286248780197,0.0092570760050833,-0.0167632542629561,20.25790728947336,0.0084,0.7,10
0.0075080509313504,0.011713454233308,0.007730815162253,-0.0189685329607617,20.17480521922629,0.0084,0.7,10
0.0075299810046371,0.0116272987538813,0.0092765297805813,-0.0194734367076286,20.18241727104917,0.0084,0.7,10
0.0079599810407623,0.0113716165807877,0.0062443179026306,-0.0101824645526371,20.484368149014028,0.0084,0.7,10
0.0079958825093894,0.0112938302220927,0.0072474308302816,-0.0110291158029834,20.53719092447003,0.0084,0.7,10
0.0078214789290034,0.0114521204050355,0.007782843818469,-0.0131754487439357,20.36484898815164,0.0084,0.7,10
0.0078597155328067,0.0113720244699732,0.0089310715130945,-0.0138501637343494,20.407568701323186,0.0084,0.7,10
0.0067745926630514,0.012339931149603,0.0009617028146274332,-0.0363169681998922,20.050578926910514,0.0084,0.7,10
0.0068614173607256,0.0122426032882751,0.0021142948129291,-0.0344421041008833,20.04836772702978,0.0084,0.7,10
0.0069523263943246,0.0121498157060942,0.0033415490255474,-0.0323727381261795,20.050556465988937,0.0084,0.7,10
0.0093830533362753,0.0091421935358304,0.33229290130466,-0.1367181125999574,17.940877614505798,0.0084,0.7,10
0.0094663332070877,0.0090908742370649,0.3505486423896484,-0.1389253218584944,17.580095625902064,0.0084,0.7,10
0.0090895294012869,0.0093641543631377,0.2601328628191341,-0.1239046173246477,18.960914101922352,0.0084,0.7,10
0.0093038180305128,0.0091934396810957,0.3149093544719654,-0.1343932524799011,18.193609968791417,0.0084,0.7,10
0.0092246563142315,0.0092490563754663,0.2966455968383728,-0.1313800633124466,18.461833217200866,0.0084,0.7,10
0.0091538355148397,0.0093060858383083,0.2783023461649699,-0.1278414950653003,18.719305992278752,0.0084,0.7,10
0.0094903379822152,0.0089753594524762,0.4069070627813205,-0.146279670095981,17.131067442231743,0.0084,0.7,10
0.0094587303322881,0.008837571132745,0.4757365136679083,-0.151418788430616,16.71696056341494,0.0084,0.7,10
0.0083299812476079,0.0107070771319289,0.0215117221012048,-0.0232766062233891,20.927097577510967,0.0084,0.7,10
0.0081923496288001,0.0109221827513471,0.014691195319902,-0.0176043120870583,20.796794431385948,0.0084,0.7,10
0.0082826267516132,0.0107780067516157,0.0190029441924935,-0.0212440286088753,20.88665763214393,0.0084,0.7,10
0.0082372411553525,0.0108489112276289,0.0167587198615396,-0.0193733297514191,20.844828306551108,0.0084,0.7,10
0.0082814247189186,0.0106183688176943,0.0334245527284405,-0.0323344650978208,20.795060828028863,0.0084,0.7,10
0.0085438129750954,0.0102757928981091,0.0567534388300427,-0.0476617050184036,20.83000991189667,0.0084,0.7,10
0.0084893052210735,0.0103416456075378,0.0514220737899942,-0.0444183789960458,20.82984544600171,0.0084,0.7,10
0.0083321096354599,0.0105465493662731,0.0375030831098468,-0.0352071773910051,20.82028077800008,0.0084,0.7,10
0.0083839564064081,0.0104762661224091,0.0418646756730872,-0.0382015842302134,20.829165400903825,0.0084,0.7,10
0.0084357205726536,0.0104091034986972,0.046419516752195,-0.0412119614723067,20.83971403737752,0.0084,0.7,10
0.0090129839956519,0.0094191752931031,0.2455182637982569,-0.1204899611541975,19.12719861362984,0.0084,0.7,10
0.009018168871222,0.0093321624421433,0.2789886108069735,-0.1276999536898704,18.87132060344228,0.0084,0.7,10
0.0089362636912784,0.009466238715122,0.2347063627880586,-0.1176496878919806,19.283734329737783,0.0084,0.7,10
0.0084899208819877,0.0101725446980352,0.0810717199517999,-0.0609160752299788,20.591450479983283,0.0084,0.7,10
0.0085528232698666,0.010103365189058,0.0888561371989842,-0.0650426904484386,20.53871430703074,0.0084,0.7,10
0.0088828746229937,0.0096282568672569,0.1829027807585996,-0.1030092174556909,19.74155392905359,0.0084,0.7,10
0.0087660468145569,0.0097749383516053,0.1490769157513153,-0.0911134218154621,20.056128836260942,0.0084,0.7,10
0.0088031589666351,0.0096952861045982,0.1694684651715445,-0.0984013775993274,19.848026360132906,0.0084,0.7,10
0.0085227410814475,0.0100158285041313,0.1111777221046683,-0.0748025501138049,20.348464474968345,0.0084,0.7,10
0.0086447121208603,0.00989067123769,0.1297279251140103,-0.0831730235595228,20.229291505640383,0.0084,0.7,10
0.0086898379287978,0.0098169532137884,0.1449869636906202,-0.0893582918328519,20.07334307746008,0.0084,0.7,10
0.0085658431545913,0.0099325002150589,0.126836877413874,-0.081599541718587,20.225058288521264,0.0084,0.7,10
0.0088598626970152,0.0095270694687995,0.2198062492005159,-0.1134844565668469,19.45449790115435,0.0084,0.7,10
0.0097866514399567,0.0084374282198172,0.6736547725773719,-0.1463443497137848,14.56840970223847,0.0084,0.7,10
0.0098120422828174,0.0082943179839731,0.7399172194772757,-0.1372807550875844,14.11254999395095,0.0084,0.7,10
0.0098821478364843,0.0080450039446955,0.8456864830755209,-0.1133047962878898,13.320460833747346,0.0084,0.7,10
0.0098355124032353,0.0081678018120068,0.7943825842731594,-0.1262682895481938,13.75151957238942,0.0084,0.7,10
0.0099443376383828,0.0073067633062983,1.0113636303539553,0.0007151760722313708,12.170080104542462,0.0084,0.7,10
0.0098953248615837,0.007801155614244,0.9233308005168582,-0.0807130553357954,12.831240309501764,0.0084,0.7,10
0.0097766562434208,0.0079298738444496,0.8699670358771073,-0.0968631683744258,13.538698057380604,0.0084,0.7,10
0.0098181501624896,0.0078403607433756,0.9013820592560188,-0.0850031367505363,13.23283194657034,0.0084,0.7,10
0.0099298872733396,0.0074380346181743,0.9977740150396268,-0.0220881292771957,12.28971753138902,0.0084,0.7,10
0.0099278861021562,0.0075726439764388,0.9783153384720206,-0.0450429032087509,12.408956754471369,0.0084,0.7,10
0.0099098248768257,0.0076901662358463,0.952400484554236,-0.0638799842027657,12.564202990063537,0.0084,0.7,10
0.0096654116682982,0.0084387256694521,0.6663654234326684,-0.1450796865109563,14.990547766139034,0.0084,0.7,10
0.0095816151089228,0.0085109035347191,0.6300090743398347,-0.1477283316296479,15.4931853832253,0.0084,0.7,10
0.0095038061728891,0.0086096330151883,0.5825638986111503,-0.1503601429856269,15.959822205977346,0.0084,0.7,10
0.0094254586616379,0.0087091584840066,0.535794949672156,-0.1514189865076167,16.42041555991486,0.0084,0.7,10
0.0098831419735445,0.0050943431208816,0.1764949452965876,0.0849862936368445,17.411263951513117,0.0084,0.7,10
0.0099500475704362,0.0053582041823822,0.3388515373318896,0.1330924182589143,15.96906793309162,0.0084,0.7,10
0.0098757357383906,0.0051973531779773,0.2464630911344113,0.1105423721160379,16.917558699150362,0.0084,0.7,10
0.0098665713377869,0.0053101369275991,0.3215174293303403,0.1333384915956894,16.42706685017941,0.0084,0.7,10
0.0099469238244819,0.005466486941524,0.4101636175938206,0.1490768270630516,15.518642158228433,0.0084,0.7,10
0.0099594008903212,0.005563643213023,0.4703345696065283,0.1587255868722748,15.128890779352064,0.0084,0.7,10
0.0098100503692963,0.0049651840237155,0.1128107483784861,0.060435908667165,18.231155313276087,0.0084,0.7,10
0.0098088090717106,0.0050534218687637,0.1691665481202024,0.0851817904735437,17.78206964841857,0.0084,0.7,10
0.0097383704331472,0.0049223858062702,0.1075319596697156,0.0601730734515492,18.58198961615144,0.0084,0.7,10
0.009625134377156,0.0047427109321195,0.0408566147192788,0.0264623796348269,19.64733824264701,0.0084,0.7,10
0.0096289303038113,0.0047120241661691,0.0234645935531114,0.015509298756206,19.739344645248444,0.0084,0.7,10
0.0096619511570906,0.0048109167533514,0.0661727362016344,0.0406203034931493,19.20333870658611,0.0084,0.7,10
0.009667520474653,0.0048781499269236,0.1023354368874641,0.0598023144796901,18.898404248948424,0.0084,0.7,10
0.0099882878082364,0.0056712913142312,0.534313851310945,0.1651256703241136,14.605447502202306,0.0084,0.7,10
0.0099822325984708,0.0057914812264881,0.6050227829887272,0.170719361745901,14.182143608577505,0.0084,0.7,10
0.0099958671166107,0.0066576234626591,0.9614117607895446,0.1082118581867615,12.221225556923638,0.0084,0.7,10
0.0099961838777142,0.0059185030766036,0.6744514314640395,0.1711846439122352,13.761012925735852,0.0084,0.7,10
0.0100063503073803,0.0060435520023413,0.7382069254475271,0.1677274563051214,13.340081198848877,0.0084,0.7,10
0.0100247085626591,0.0061834565627466,0.8040711932499626,0.159698475368363,12.976301477215786,0.0084,0.7,10
0.0099696480684014,0.0065506892444152,0.9301598889657856,0.1236868474130545,12.53841236654275,0.0084,0.7,10
0.0099504861327099,0.0064201106567894,0.8880855040774523,0.1401010113000542,12.755670205149425,0.0084,0.7,10
0.0099244872034487,0.006280883090279,0.8359017828325168,0.1551065034848636,13.16977964756282,0.0084,0.7,10
0.0099720359233899,0.0067575532794609,0.9791279598679372,0.0938005841277169,12.260473309114024,0.0084,0.7,10
0.0099444689245515,0.0069681398248091,1.0046261053853789,0.0601733543031281,12.251365784476304,0.0084,0.7,10
0.0099437672702079,0.0068610168332338,0.9919313725685832,0.0779575522924269,12.308829351471998,0.0084,0.7,10
0.0098336815611587,0.0072221468859308,0.9949100296495716,0.0179716928079103,12.647127151095562,0.0084,0.7,10
0.0098585754430727,0.0070739269245233,0.9974832960348304,0.0435975456110381,12.539974536533522,0.0084,0.7,10
0.0066368085063642,0.0123126448000815,0.0010011299060835,-0.0386253572029155,20.01004425472656,0.0084,0.7,10
0.0064930321507576,0.0122872091658482,0.0010121323660504,-0.0405129350215733,19.96508610089758,0.0084,0.7,10
0.0063439457939472,0.0122642324981306,0.0009683420437348642,-0.041932119705583,19.916554753869665,0.0084,0.7,10
0.0042494704864184,0.0116607291640784,-0.00031318563370113286,-0.0041424416911785,19.04677599539789,0.0084,0.7,10
0.004217957587686,0.0115947802895213,-0.00022781185879076888,-0.0024825334348068,18.964361951314444,0.0084,0.7,10
0.0042881373079615,0.01167376622386,-0.0004426295847594793,-0.0064053066879941,19.065948386107667,0.0084,0.7,10
0.0043443154453182,0.0117049121216293,-0.0005589526539691173,-0.0094349022640561,19.10776120379397,0.0084,0.7,10
0.0042424926620354,0.0115807782966402,-0.0003698221788126931,-0.0040782958448471,18.95915810737866,0.0084,0.7,10
0.0042095263652634,0.0115140408038787,-0.00026276768243105054,-0.0024238671575432,18.870040904769105,0.0084,0.7,10
0.0044202092196019,0.0117422566629395,-0.00063560661042553,-0.0131709194527174,19.15377745883528,0.0084,0.7,10
0.0048009827892143,0.0122033625604048,-0.0006889188047542756,-0.0270376486220419,19.49527721704467,0.0084,0.7,10
0.0047437788822783,0.0121097792032758,-0.0006474960651974343,-0.0254008463514066,19.443985412827896,0.0084,0.7,10
0.0045108420521758,0.0117860542115896,-0.0006486201848334158,-0.0171281321408977,19.20255642712656,0.0084,0.7,10
0.0045150329458998,0.0118713518060223,-0.0005953487975381978,-0.0172699179430329,19.26956340291393,0.0084,0.7,10
0.0046025311994777,0.0119359265492139,-0.0005933459982728849,-0.020659803117139,19.326330393468268,0.0084,0.7,10
0.0046686724434567,0.0120207661444235,-0.0006002605210145471,-0.0230014071534562,19.38803507476792,0.0084,0.7,10
0.0049132730734895,0.0121997856042822,-0.000845601255943115,-0.0302020100721227,19.50965229696376,0.0084,0.7,10
0.0050316009187077,0.0121964366763688,-0.000923304837027472,-0.0330748856517267,19.529869577615116,0.0084,0.7,10
0.0061899775073115,0.0122443624298699,0.0008453789421310698,-0.0428479155219909,19.8656727594862,0.0084,0.7,10
0.0051565438212319,0.0121935047313004,-0.0009046309094615538,-0.0356474652444836,19.55554061814375,0.0084,0.7,10
0.0052881795108891,0.0121919055866236,-0.0007827327876810874,-0.0378964653575015,19.58688983807709,0.0084,0.7,10
0.0060340348697394,0.0122269454108533,0.0006473866906568183,-0.0432281872195342,19.813717957827805,0.0084,0.7,10
0.0058781451620487,0.0122119095735938,0.0003859149993955392,-0.0430824705969742,19.761962309684616,0.0084,0.7,10
0.005427000547724,0.0121918450101037,-0.0005608053501653332,-0.0398027827911214,19.62368296193404,0.0084,0.7,10
0.0055722812257081,0.0121944584677856,-0.0002623225048015272,-0.0413290924328304,19.665453208108065,0.0084,0.7,10
0.0057228883461569,0.0122003954381362,7.328239737250805e-05,-0.0424339611584911,19.711691570576395,0.0084,0.7,10
0.0081497372825896,0.0109954018356828,0.012837869041815,-0.015983552290216,20.746115429826204,0.0084,0.7,10
0.0080327567818494,0.0112170164757694,0.0084122013113668,-0.0120447536643163,20.59131674324897,0.0084,0.7,10
0.0081086714597175,0.0110692819824353,0.0111804891915485,-0.0145135453820582,20.6948955837309,0.0084,0.7,10
0.0080691768515892,0.0111439186514251,0.0097013902042481,-0.0131950911710564,20.64143834628827,0.0084,0.7,10
0.0076993563894668,0.0114484068288752,0.0107411581714299,-0.0174268152322677,20.287244105809847,0.0084,0.7,10
0.0074203980422428,0.0117365422118581,0.0083103237053387,-0.021449391466562,20.142726614522942,0.0084,0.7,10
0.0070486968219662,0.0120626494341216,0.0045370571995951,-0.0300991468674441,20.058256392693707,0.0084,0.7,10
0.00736630774277,0.0118199998497102,0.0071809189072283,-0.0222919857709352,20.120401073317613,0.0084,0.7,10
0.007267385212867,0.0119087308364084,0.0062800782266734,-0.0246294722989368,20.092729692622267,0.0084,0.7,10
0.0071476582278918,0.0119817407708481,0.00559357168904,-0.0276978386276594,20.07233020599189,0.0084,0.7,10
0.0075624243273449,0.0115420879375118,0.0109048769115768,-0.0198662852221152,20.20612069180437,0.0084,0.7,10
0.0075946831329405,0.0114569289229904,0.0128052529495702,-0.020554814666174,20.229824768378588,0.0084,0.7,10
0.0074187765365492,0.0116462524443152,0.0103920532996772,-0.0225830285380111,20.13999566368804,0.0084,0.7,10
0.007463977736254,0.011556711066571,0.0121768787397029,-0.0225797696623686,20.157776272132324,0.0084,0.7,10
0.0078983913289147,0.0112920847869542,0.0102827426510489,-0.0147591610907445,20.455365903329724,0.0084,0.7,10
0.0079350256253981,0.01121260011529,0.0119338612296237,-0.0160072432714562,20.49830223546299,0.0084,0.7,10
0.0077342302059784,0.011363679283896,0.0125430565540153,-0.0183707369407283,20.31818816175343,0.0084,0.7,10
0.007774162216045,0.0112873669062561,0.0142259248008268,-0.0192144067422238,20.35269102883889,0.0084,0.7,10
0.0080935077046376,0.0109120392682809,0.0205197155933326,-0.0226889366598965,20.666117642273207,0.0084,0.7,10
0.0067263013162278,0.0122104775307599,0.0023453151553557,-0.0369987665432745,20.008188943808765,0.0084,0.7,10
0.0068195132950569,0.0121123298453946,0.0038475283331982,-0.0351844007889383,20.010847643113653,0.0084,0.7,10
0.0069176163007468,0.0120193238804011,0.0053998805127695,-0.033193429536209,20.018736703375797,0.0084,0.7,10
0.0093009028700973,0.0091031755602553,0.3566652012016602,-0.1410661950111543,17.890865644978135,0.0084,0.7,10
0.0093638261730993,0.0090272829215595,0.3884804328072515,-0.144959363531822,17.515809136778895,0.0084,0.7,10
0.0090675926121705,0.0092713798649077,0.2996977546858038,-0.1319134077097532,18.63787037435611,0.0084,0.7,10
0.0092054725045064,0.0091286347995609,0.3511687906745822,-0.140528362558784,18.089973427028323,0.0084,0.7,10
0.009126402682626,0.0092007938084396,0.3249765226106965,-0.1363714342912839,18.381823828951905,0.0084,0.7,10
0.0093693346379118,0.008904756607152,0.4459078948636125,-0.1498622557673579,17.148246626841892,0.0084,0.7,10
0.0093458337485807,0.008783732127213,0.5014913576199925,-0.1510163232051096,16.823188085243256,0.0084,0.7,10
0.0082321130797661,0.0106907477158751,0.0297309756724738,-0.0296457751693608,20.77195916487349,0.0084,0.7,10
0.0081383919418098,0.0108371072160067,0.0232996349620423,-0.0248399147316794,20.701889780959338,0.0084,0.7,10
0.0081850054458274,0.0107626674576615,0.0263852155503224,-0.0271680316791315,20.7386020676546,0.0084,0.7,10
0.0081708747927218,0.0105987040341906,0.0433985728936738,-0.0385641044427043,20.64594459539916,0.0084,0.7,10
0.008219551311068,0.0105248105519267,0.0487448785244755,-0.0420064350751809,20.642682236625244,0.0084,0.7,10
0.0084385764614697,0.0102393873970358,0.0735067662596376,-0.0568400551234134,20.61372094163013,0.0084,0.7,10
0.0083813583833447,0.0103113347542772,0.066287143196478,-0.052701943158091,20.65111222493737,0.0084,0.7,10
0.0082736726381793,0.0104514346147346,0.0541895679127517,-0.0454341812455913,20.664539070964903,0.0084,0.7,10
0.0083243594747746,0.0103789571856961,0.0605690383892098,-0.0493045689018233,20.64191348468873,0.0084,0.7,10
0.0084036129603016,0.0101503973783558,0.093489841600169,-0.0661255631876432,20.4323238147534,0.0084,0.7,10
0.008972175057935,0.0092510661731052,0.3139101529832945,-0.1333899166789907,18.68370644181905,0.0084,0.7,10
0.008923730818874,0.0093487185538501,0.2795679767495385,-0.1272311561049696,18.97059971783027,0.0084,0.7,10
0.0088375327466074,0.0094235065858384,0.2581874289177561,-0.1220207258422385,19.17510447628919,0.0084,0.7,10
0.0084432658634366,0.0100637145003065,0.1078219401111915,-0.0727977993311516,20.35225439154533,0.0084,0.7,10
0.0087874239283217,0.0095897782657566,0.2050338237683775,-0.1090004913727631,19.591453866062505,0.0084,0.7,10
0.0087008077664666,0.0097189387971163,0.1723548208729216,-0.0986540425000463,19.89699832419281,0.0084,0.7,10
0.0087222517167434,0.0096416879264415,0.1941859269503078,-0.1052849652884012,19.707156523160435,0.0084,0.7,10
0.0084572972684582,0.0099503430058073,0.1323140060540951,-0.0823338403334257,20.19874462768448,0.0084,0.7,10
0.0085815363995384,0.0098218770752949,0.1540316267071777,-0.0914555109043066,20.059793192793222,0.0084,0.7,10
0.0086233547966679,0.0097463212415894,0.1713578091512644,-0.0975095067558734,19.876659171643823,0.0084,0.7,10
0.0084887925939628,0.009841298984528,0.1568100718077334,-0.0910912564727642,20.01526304486438,0.0084,0.7,10
0.0087599991200599,0.0094874364008042,0.2415389218369546,-0.1175312778541539,19.346223371404324,0.0084,0.7,10
0.0096954007498567,0.0083280510055416,0.7165279107472079,-0.1383157824388742,14.638258774272378,0.0084,0.7,10
0.0097020838054923,0.0082002109418033,0.768460769874923,-0.1272295820147111,14.296636141949492,0.0084,0.7,10
0.009713220525797,0.0080472924727656,0.8246656993627026,-0.1106570461104922,13.9461936154179,0.0084,0.7,10
0.0098130376355053,0.0073566423457963,0.9848898879170944,-0.0054201813713432,12.772846694915854,0.0084,0.7,10
0.0096570450884116,0.007904469278253,0.8609979871872033,-0.0905695210768777,13.909646156104158,0.0084,0.7,10
0.0098019654454631,0.0077419607110531,0.9237230460137288,-0.0699066914529669,13.157477687569694,0.0084,0.7,10
0.0097203682740658,0.0078238578772338,0.8915390122302816,-0.0805924344721477,13.593720747670488,0.0084,0.7,10
0.0098038278942736,0.0074922771636625,0.969329739457323,-0.0288730634735307,12.898467216989522,0.0084,0.7,10
0.0097919442125648,0.007615857316891,0.9480585987154572,-0.0494547452519034,13.052407544289837,0.0084,0.7,10
0.0095646701216246,0.0083715717056883,0.688699495781366,-0.1391489702211771,15.14932458256162,0.0084,0.7,10
0.0094716953934436,0.008478937038751,0.6380761352065424,-0.1440604752131375,15.691368869773072,0.0084,0.7,10
0.0093925041077259,0.0085767795315495,0.5929897723569698,-0.1470983771726169,16.149155898085112,0.0084,0.7,10
0.0093160397802011,0.0086646594445528,0.5529500400168158,-0.1484882010913433,16.5577346011278,0.0084,0.7,10
0.0098010649103724,0.0051556149170215,0.2357885585557045,0.110641852222099,17.329372297198457,0.0084,0.7,10
0.0098619604053043,0.0054293221855053,0.3974600947947473,0.1515213627617579,15.948404768817944,0.0084,0.7,10
0.0097843238617801,0.0052710904318956,0.3110998672237439,0.1350493020926214,16.840932785867405,0.0084,0.7,10
0.0097779737679537,0.0053859648191105,0.3819246500839214,0.1530198387448015,16.39352718557277,0.0084,0.7,10
0.0098705141895393,0.0055344342561477,0.4607766137955791,0.1624761784631874,15.53782029790507,0.0084,0.7,10
0.009892407665995,0.0056426886884105,0.5231645680806506,0.1693178543274515,15.07743428549769,0.0084,0.7,10
0.0097357602340897,0.0050103731913045,0.1613699692927329,0.0849089387670577,18.164092032189213,0.0084,0.7,10
0.0097238865787764,0.0051131765038529,0.2264210510519212,0.1111106743729064,17.695844218649015,0.0084,0.7,10
0.00966404784355,0.0049660497163869,0.1536805702672599,0.0844747191630286,18.486322157139337,0.0084,0.7,10
0.0095565798753709,0.0046957099408833,0.0387015090854553,0.0261234935373196,19.9290749202215,0.0084,0.7,10
0.0095620970926099,0.0046659571078086,0.0222477599678017,0.0153144302906675,20.01354905057954,0.0084,0.7,10
0.0095931537592512,0.0047653623359083,0.0628534806492905,0.0402209136135616,19.502584465780785,0.0084,0.7,10
0.0095974707111064,0.0048329402732435,0.0974986071735909,0.0593907069693606,19.20659463025476,0.0084,0.7,10
0.0095895749576173,0.0049189858051521,0.1463523341762827,0.0840302277443341,18.81217515172871,0.0084,0.7,10
0.0094891935679896,0.00464758363321,0.0366234506299694,0.0257490238394587,20.196128957862573,0.0084,0.7,10
0.0094961565356396,0.0046186210627254,0.0210585751380557,0.0150924593359141,20.272605857604518,0.0084,0.7,10
0.0098996600449243,0.0057479485722855,0.5829563910524925,0.1739584527092073,14.673972662344724,0.0084,0.7,10
0.0098278369992019,0.0057038731500279,0.5609993551444437,0.1762833419654325,15.0814468431632,0.0084,0.7,10
0.0098996424367932,0.0058696371187354,0.6484289380897197,0.1757635977969691,14.32495638305341,0.0084,0.7,10
0.0098726505210844,0.0066601574445561,0.9443316141291628,0.1107196829221661,12.809126392596635,0.0084,0.7,10
0.0098984113398559,0.0060079355455642,0.7171995696611323,0.1732939734870226,13.91067637315241,0.0084,0.7,10
0.0099085482812953,0.0061400351583919,0.7774763396599158,0.1663987201937662,13.569541705818509,0.0084,0.7,10
0.0098402050443539,0.0065103181840761,0.9022157404170152,0.1318294698835506,13.120566525784271,0.0084,0.7,10
0.0098230253845054,0.006371896711127,0.858108721471719,0.1486032033975302,13.41246975998186,0.0084,0.7,10
0.0098038099114578,0.0062356388572756,0.808154169527684,0.1622637335587876,13.748310641594951,0.0084,0.7,10
0.0098401998471978,0.0067911071525722,0.9645733452712788,0.0913795820456672,12.78809913598094,0.0084,0.7,10
0.0098132061427134,0.0069186558144311,0.9776482549745928,0.0710917109213596,12.816344319289769,0.0084,0.7,10
0.0097014872467283,0.007276777451097,0.9698225217859172,0.0112145709155885,13.210774849076325,0.0084,0.7,10
0.0097231728489292,0.0071408516733255,0.9753919204899724,0.0346953385117457,13.118449036831947,0.0084,0.7,10
0.0097324590132444,0.007023641385048,0.9725396638456196,0.0549468576930036,13.105202806768483,0.0084,0.7,10
0.0097491656323964,0.0067152066195963,0.936908830026146,0.1049212445234639,13.24266090750273,0.0084,0.7,10
0.0065841202598124,0.0121798355749463,0.0025447692068563,-0.0391569498328504,19.96310491803287,0.0084,0.7,10
0.0064356373119213,0.0121521754264544,0.0026565643912669,-0.0408548449219857,19.913733630162195,0.0084,0.7,10
0.0062818388418785,0.0121287232051434,0.0026306535029543,-0.0420483366733511,19.861288973472146,0.0084,0.7,10
0.0042786870956788,0.0115898450558903,-0.0005081830010041882,-0.0061590552408313,18.978508964236266,0.0084,0.7,10
0.0043385986498062,0.0116220892758053,-0.0006462652666725335,-0.009318196658668,19.02799669726183,0.0084,0.7,10
0.0044188679280456,0.0116561519172945,-0.00072034791334843,-0.0131819887612311,19.082581251009863,0.0084,0.7,10
0.0042357353322378,0.0114981704911507,-0.0004296780626900261,-0.0040861033144226,18.864863633338448,0.0084,0.7,10
0.0041994967954468,0.0114334851385903,-0.0002913355063654254,-0.0023352599175047,18.771592147391644,0.0084,0.7,10
0.0042725455494255,0.0115056118494516,-0.0005803374442441891,-0.0061284722156323,18.88705458575166,0.0084,0.7,10
0.0042251938039915,0.0114156734658783,-0.0004676724377388985,-0.0039168603843691,18.767007388911995,0.0084,0.7,10
0.0041878936097754,0.0113531423140386,-0.000311906147292273,-0.0022172878338033,18.670529810465425,0.0084,0.7,10
0.004512538665245,0.0116884838299247,-0.0006783055498438977,-0.0171693287845248,19.13339531483123,0.0084,0.7,10
0.0046032210168116,0.0117325362216109,-0.0005590819428658123,-0.020562292052241,19.19367973410452,0.0084,0.7,10
0.0048536588757186,0.0121017070576994,-0.0007450828310780069,-0.0286760527525388,19.456076430232503,0.0084,0.7,10
0.004790498007809,0.0120069084602816,-0.0006495482279769809,-0.0269003943225368,19.39900214940276,0.0084,0.7,10
0.0046379602349683,0.0118180235881154,-0.0005916606633187301,-0.0219393523324544,19.265179028820427,0.0084,0.7,10
0.00472365735906,0.0119155466188746,-0.0005872207515236952,-0.0248305683900185,19.33485390067684,0.0084,0.7,10
0.0049693931578345,0.0120936264565972,-0.0007385904898812595,-0.0316376522512033,19.474199989155668,0.0084,0.7,10
0.0050916167168438,0.0120857170015493,-0.0006047544354041032,-0.0342895575185834,19.497808791579384,0.0084,0.7,10
0.0061243925110982,0.0121090994874752,0.0024525906807574,-0.0427028912979437,19.807387922885287,0.0084,0.7,10
0.0052211646991843,0.0120785188761632,-0.00033073502679009426,-0.0366294922105575,19.52716651751421,0.0084,0.7,10
0.0053574913719927,0.0120733036052341,7.42493969116499e-05,-0.0386302185759868,19.56242842399932,0.0084,0.7,10
0.0059657087728978,0.012092145633934,0.0021386652127706,-0.0428154284493733,19.753290631205427,0.0084,0.7,10
0.005808110732826,0.0120784044142857,0.0017122535204096,-0.0424218909654658,19.699494047777225,0.0084,0.7,10
0.0055016173037997,0.0120706694337299,0.0005908636327940833,-0.0402872138761921,19.60334218399632,0.0084,0.7,10
0.0056522895068488,0.0120718866189854,0.0011635941117438,-0.0415660733898133,19.64893384767048,0.0084,0.7,10
0.0080509572858537,0.0109869764002049,0.0179990743353185,-0.0207154988672184,20.628249199359768,0.0084,0.7,10
0.0079712240151638,0.0111382354767943,0.0137036131442277,-0.0173551586946019,20.546242748082975,0.0084,0.7,10
0.0080100224909467,0.011062439342687,0.0157373141153408,-0.0189469656906895,20.58626607689177,0.0084,0.7,10
0.0076253282775978,0.0113694926512571,0.0151287673780109,-0.0216280320766646,20.25193432548136,0.0084,0.7,10
0.0073262660910356,0.0117095942812452,0.0099128553287829,-0.0244885305948267,20.106718315897897,0.0084,0.7,10
0.0073201378843383,0.0116249804814775,0.0122307039100684,-0.0256185950599409,20.100994264620628,0.0084,0.7,10
0.0070213870055039,0.0119326670888006,0.0068657841047571,-0.0310255354097915,20.032402226982786,0.0084,0.7,10
0.0072377310009018,0.0117791598466798,0.0090586521294982,-0.0263438532131054,20.079409500958093,0.0084,0.7,10
0.007134000762514,0.0118547050766624,0.0080481473741099,-0.0286013457603834,20.05153044071591,0.0084,0.7,10
0.0075020783180225,0.0114681092252523,0.0143096850303202,-0.0230455107827402,20.18892346191657,0.0084,0.7,10
0.0075315700620145,0.0113851109297798,0.0167251222040949,-0.0239519649041691,20.198400904604146,0.0084,0.7,10
0.0073627836509042,0.0115547608786158,0.0137645460490557,-0.0254115615185471,20.11539007480716,0.0084,0.7,10
0.0074148654446336,0.0114838067493207,0.0153621395079441,-0.025166851588164,20.1372467499125,0.0084,0.7,10
0.0078176291228817,0.0112052982279724,0.016255352243906,-0.0203654634097741,20.40043791244491,0.0084,0.7,10
0.0078606335882801,0.011123187504383,0.0186658066770957,-0.0218907275262306,20.42760795064512,0.0084,0.7,10
0.0077258518128425,0.0112055189218348,0.0192852340336527,-0.0232309720346681,20.32032153703118,0.0084,0.7,10
0.0076578918642811,0.0112675187790407,0.0184141337742748,-0.0233636754341443,20.27450856537074,0.0084,0.7,10
0.0079838257693976,0.0108940957611734,0.0273567248892443,-0.0277595598982893,20.542045775201064,0.0084,0.7,10
0.0080240609023818,0.0108283558212864,0.0303265792068443,-0.0298277186365846,20.55421327049425,0.0084,0.7,10
0.0066790408872541,0.0120756813922598,0.0043397697058987,-0.0376127239139859,19.96502857153716,0.0084,0.7,10
0.0067788051745913,0.011976068450426,0.0062936595797281,-0.0359020051441138,19.97285682558468,0.0084,0.7,10
0.0068841065360418,0.0118822965444407,0.0082677534934665,-0.0340530227856252,19.98659709924497,0.0084,0.7,10
0.0092491479222273,0.0090265160224866,0.3942842646863422,-0.1455025828465604,17.739851304888276,0.0084,0.7,10
0.0092876675780528,0.0089480959413526,0.4282125198742625,-0.1482830607126756,17.400075836676514,0.0084,0.7,10
0.0091595073632378,0.0090257639331374,0.3979177868470845,-0.1449930596664111,17.84436927252817,0.0084,0.7,10
0.0090214689446247,0.0091679674135006,0.3443550006384002,-0.1380517142556402,18.394393211515503,0.0084,0.7,10
0.0090816974907228,0.0090819057990464,0.3770560899134873,-0.1423343320655015,18.13896745565525,0.0084,0.7,10
0.0092690314276332,0.0088558050659082,0.4696420743134939,-0.1497905246213929,17.198422149532888,0.0084,0.7,10
0.0092364061990407,0.0087304395772182,0.5232386933823845,-0.1482283120019894,16.902926685657665,0.0084,0.7,10
0.0081173311545249,0.0106698238744282,0.0393543645143793,-0.0358770418702191,20.60968404773354,0.0084,0.7,10
0.0080789821318797,0.0107546196865365,0.0335146831876203,-0.032018605108341,20.61173870043065,0.0084,0.7,10
0.0080779890106232,0.0105823911893718,0.0515020489109854,-0.0426845459586991,20.498807009060357,0.0084,0.7,10
0.0081837078123351,0.0104329051659511,0.0636336440859472,-0.0498830947412533,20.50956394576629,0.0084,0.7,10
0.0081108111046138,0.0104888920266847,0.0610082707721748,-0.0479750191110073,20.473647472466947,0.0084,0.7,10
0.0082916639483716,0.0102881371084869,0.0778015542354347,-0.0578446914651747,20.490026691914675,0.0084,0.7,10
0.0083282520942664,0.0101992837663564,0.0905080542326449,-0.0641632826691261,20.424452523743494,0.0084,0.7,10
0.0082179524763544,0.0103408982231379,0.0748623148687075,-0.0558052040273406,20.46171184665812,0.0084,0.7,10
0.0089242328574765,0.009146351295185,0.3569336512155963,-0.1377352573904321,18.457162750724155,0.0084,0.7,10
0.0083355787776993,0.0100864235965968,0.112101892054469,-0.0731279120602518,20.296776109158557,0.0084,0.7,10
0.0088737827155873,0.0092323286742502,0.3261508216492108,-0.1334939416889362,18.678398389507823,0.0084,0.7,10
0.0088113664243743,0.009308655471673,0.3010712387586511,-0.1289270916410143,18.94132804439584,0.0084,0.7,10
0.0087342088223571,0.0093827354867052,0.2790126000538402,-0.12404191907405,19.096248426836578,0.0084,0.7,10
0.0083626783858842,0.0099689163013839,0.1356896437004634,-0.0821182358326264,20.15034212094272,0.0084,0.7,10
0.0086871996761261,0.0095558936340137,0.2242582326555688,-0.1125537569026167,19.51619297810659,0.0084,0.7,10
0.0086188776600521,0.0096482586844684,0.2006845456425073,-0.1057425929883267,19.68211168431765,0.0084,0.7,10
0.0083876444713251,0.009855270980374,0.1611078275018112,-0.0905403992185197,19.998295770266797,0.0084,0.7,10
0.0085204289274991,0.0097258466343422,0.1855327327901954,-0.1000191026254308,19.804829189364167,0.0084,0.7,10
0.0084279980097047,0.0097638581116298,0.1818370447752914,-0.0970344682931882,19.84374942743919,0.0084,0.7,10
0.0086537611644265,0.0094456284867388,0.2622993845954343,-0.1194866443031612,19.259417491124115,0.0084,0.7,10
0.0095943166567567,0.0082447658790423,0.7411541080882875,-0.129206857210752,14.752219196129966,0.0084,0.7,10
0.0094981639597483,0.0082756994232183,0.7205514193782588,-0.12947106317149,15.155705558499198,0.0084,0.7,10
0.0095914769332995,0.0081131992103375,0.7879970091281613,-0.1154174061879506,14.474998674231854,0.0084,0.7,10
0.0095684644882245,0.0079836862911255,0.8261143406503108,-0.0987342752770327,14.352774738261418,0.0084,0.7,10
0.0095592702614162,0.0078790811087676,0.8537728011364007,-0.0840102242376069,14.229071937927802,0.0084,0.7,10
0.0096773249349917,0.007415242995478,0.9560642790986584,-0.0125178675145741,13.361744002925375,0.0084,0.7,10
0.0096058060473041,0.0077956649293065,0.8811565733627907,-0.0732136373310102,13.95348286825542,0.0084,0.7,10
0.0096609099914791,0.0076946767625489,0.9118586746695688,-0.0590873381946851,13.637049991765194,0.0084,0.7,10
0.009668999606532,0.0075439311304197,0.9393204299428178,-0.0343763964698734,13.45266170614495,0.0084,0.7,10
0.0094356186011605,0.0083568849472842,0.6846211753496215,-0.1346288414063412,15.518706803785266,0.0084,0.7,10
0.0093519575889154,0.0084478482730722,0.6432188405562219,-0.1388875448822697,15.93610884082021,0.0084,0.7,10
0.009274288430292,0.0085411843092016,0.6018815185203615,-0.142138264959848,16.342297786489752,0.0084,0.7,10
0.0092023847656392,0.0086238846391417,0.5655760169260781,-0.1438355107279721,16.678807189734112,0.0084,0.7,10
0.0097104171786859,0.0052244105113191,0.2957211536077721,0.1346167722213144,17.239674058693428,0.0084,0.7,10
0.0097785698883612,0.0054919334177641,0.4444052776321501,0.1650395210495572,15.990523469914878,0.0084,0.7,10
0.0096970916784471,0.0053392098251001,0.3651647925113623,0.1536962195297919,16.78437881097861,0.0084,0.7,10
0.0096924644553335,0.0054408712158362,0.4238021449844476,0.1661291924962515,16.42653060816372,0.0084,0.7,10
0.0097845899304812,0.0056135875801779,0.5133092184699145,0.1743297462093602,15.53561252689607,0.0084,0.7,10
0.0096550066375344,0.0050649934671852,0.2130577330093105,0.1094205862327603,18.06139449911092,0.0084,0.7,10
0.0096367165588639,0.0051765548211764,0.2809360477250231,0.133852140794594,17.60283445554887,0.0084,0.7,10
0.0095745883565701,0.005021246385665,0.206021626007647,0.1103986413630493,18.38149474705713,0.0084,0.7,10
0.0095252441827213,0.004718440967451,0.0595983021847718,0.0397172098486922,19.78233731126133,0.0084,0.7,10
0.0095283190735408,0.0047861633694687,0.0926300213393738,0.058777753715654,19.4980107593675,0.0084,0.7,10
0.0095184801816307,0.004872256821204,0.1394877518959373,0.0834404836231759,19.124776704831813,0.0084,0.7,10
0.009497868645937,0.00497521319738,0.1980037615034293,0.1105896439586325,18.70503496827129,0.0084,0.7,10
0.0094244964665717,0.0045994985505513,0.0346624345966118,0.0253500397908205,20.43564337084018,0.0084,0.7,10
0.0094311339215314,0.0045700316044431,0.0199078902857215,0.0148501606769372,20.51401659869797,0.0084,0.7,10
0.0093609850408061,0.0045504376680366,0.0327819361371881,0.0249194792310264,20.658434204567268,0.0084,0.7,10
0.0093670545837415,0.0045202044829578,0.0188002076545298,0.0145858935337066,20.741093040968327,0.0084,0.7,10
0.0094583654148809,0.0046703434077447,0.0564549305327166,0.0391529420898785,20.04394528711146,0.0084,0.7,10
0.0095701437809775,0.0073327149477471,0.9439295628927687,0.0046229725456772,13.730699344219516,0.0084,0.7,10
0.009753824958234,0.0057105580744956,0.567126773297035,0.1803756051378839,15.292824227910234,0.0084,0.7,10
0.0097996911260341,0.0058042956170388,0.6150906909577679,0.1801083072298417,14.852084133423691,0.0084,0.7,10
0.0098012913101512,0.00594798879884,0.68589878803484,0.1787401456309248,14.45287633396026,0.0084,0.7,10
0.009732283305014,0.0065980175928943,0.9100079773873934,0.1224173115936943,13.42335365685017,0.0084,0.7,10
0.0097759136386755,0.0060864395671814,0.7467473541200399,0.1738084265073867,14.150425615328874,0.0084,0.7,10
0.0097173384601813,0.0064597757497464,0.8727249990403428,0.1408038562060534,13.69299053375442,0.0084,0.7,10
0.0097018713114609,0.0063246910773927,0.8298674409610113,0.1563143776380918,13.973926236043392,0.0084,0.7,10
0.0096801179748525,0.0061980303506237,0.7839251298277365,0.1684679610603336,14.264455506119685,0.0084,0.7,10
0.0097028908456073,0.006816567494427,0.94643948768834,0.0900519856461969,13.318794770613552,0.0084,0.7,10
0.0096633363693591,0.0069291130270229,0.953537808939632,0.0723993041676051,13.385210753045342,0.0084,0.7,10
0.0095915837266162,0.0071930531075467,0.952579463962364,0.0285107074862409,13.633653711276835,0.0084,0.7,10
0.009606432935517,0.0070495651046574,0.9525224098516202,0.053125257610028,13.598795911979789,0.0084,0.7,10
0.0096189597603294,0.0066997706806184,0.9147632701021874,0.1097856411500975,13.806716071368694,0.0084,0.7,10
0.0065313113350884,0.0120414041700471,0.0047447802507977,-0.0395787405329354,19.9146599129068,0.0084,0.7,10
0.0063769239858168,0.01201255787623,0.0049463028885495,-0.0410366732976432,19.860243936900464,0.0084,0.7,10
0.0062178486604752,0.0119907407651309,0.0048684904549654,-0.041947836962313,19.803307741548423,0.0084,0.7,10
0.0043271888740608,0.0115399244471934,-0.0006990186613743625,-0.0089037483987328,18.94342878266322,0.0084,0.7,10
0.0044126164008068,0.0115724082585829,-0.0007482759015393627,-0.0129053537353654,19.004181968671336,0.0084,0.7,10
0.004522576173478,0.0116026020627534,-0.0006047993354403402,-0.0173993529429207,19.06724438935724,0.0084,0.7,10
0.0042636497039738,0.0114239568795221,-0.0006248050149103604,-0.0059459028706321,18.79471695601759,0.0084,0.7,10
0.0043226480207699,0.0114570482985064,-0.0007417227002743256,-0.0088077635155131,18.857292400318237,0.0084,0.7,10
0.0042134561491561,0.0113362520097454,-0.000490622530856112,-0.0037057950604598,18.66969095051133,0.0084,0.7,10
0.0041747363733595,0.0112730405882328,-0.0003226955358197497,-0.0020706319223971,18.56788997551083,0.0084,0.7,10
0.0042517961031523,0.0113424847685513,-0.000644602439603334,-0.0056196809496417,18.70021470936675,0.0084,0.7,10
0.0046416455265105,0.0116427755137112,-0.00028117277797929844,-0.0216194989415613,19.137323207640065,0.0084,0.7,10
0.0047045873668452,0.0117341108346392,-0.0002933609785091768,-0.0238912154411876,19.218961256338563,0.0084,0.7,10
0.0049037228371312,0.011994353866434,-0.0005528825918094488,-0.0299592186720849,19.41480874770991,0.0084,0.7,10
0.0048348305753993,0.0119005558225501,-0.000411306344925363,-0.0280278672241093,19.35165491588395,0.0084,0.7,10
0.0047618185690043,0.0118138507520386,-0.0003435985291646911,-0.0258152601203734,19.286411738807388,0.0084,0.7,10
0.0050238092420402,0.0119814957267428,-0.0002887575424181774,-0.0327018281329866,19.436448248842456,0.0084,0.7,10
0.0051505030401227,0.0119689364504146,0.000160062776435744,-0.0351103486645054,19.46388900779272,0.0084,0.7,10
0.0060559127849354,0.0119719824799896,0.0045605595222549,-0.042288384617223,19.747125258156974,0.0084,0.7,10
0.005284402586723,0.0119577886122709,0.000791458036740926,-0.0371916649673943,19.49730444336713,0.0084,0.7,10
0.005425164767228,0.0119487871961878,0.0015790707266946,-0.0389338644403163,19.53717843839625,0.0084,0.7,10
0.0058932148405449,0.0119545235923051,0.0040799210739062,-0.042093323748573,19.689009556067592,0.0084,0.7,10
0.0057330727125349,0.0119435298903717,0.0033855044743106,-0.0414310078854778,19.63248610610688,0.0084,0.7,10
0.0055760962569447,0.0119439985673787,0.0024741991197234,-0.0403693465199278,19.58315634798583,0.0084,0.7,10
0.0079385371165354,0.0109697260439736,0.0243106992242647,-0.0256831227644755,20.494357465567845,0.0084,0.7,10
0.0078974031273167,0.0110455634330303,0.021421615194443,-0.02373007440696,20.470677688752005,0.0084,0.7,10
0.007890493408772,0.0108952199236193,0.0318718009865624,-0.0306269380278615,20.443273209703484,0.0084,0.7,10
0.0075561498065947,0.0112953369159395,0.0198955399880495,-0.0254115478966961,20.221850303649777,0.0084,0.7,10
0.0074830747433452,0.011321323121476,0.0204881764137805,-0.0266352074975234,20.17327785238551,0.0084,0.7,10
0.0072234636197797,0.0116639746305701,0.0121454380012444,-0.0277088664607997,20.06941011508491,0.0084,0.7,10
0.0072552756979086,0.0115533301478649,0.0152905360615885,-0.0281486509140835,20.065910638785457,0.0084,0.7,10
0.0069959249455579,0.0117952454239621,0.0100914308776578,-0.032058464439178,20.007298086079437,0.0084,0.7,10
0.0071123478067095,0.0117168212676299,0.0115484105839498,-0.0299508738803506,20.030049998223564,0.0084,0.7,10
0.0074273522914627,0.0113882401702517,0.0187887436006532,-0.0265991769401258,20.14526668056654,0.0084,0.7,10
0.0073133300214946,0.0114464242586796,0.0184320262540874,-0.0282885179932681,20.10055737783806,0.0084,0.7,10
0.0078062764876423,0.0110474761880658,0.0250375812677695,-0.0264790528826297,20.38277472951186,0.0084,0.7,10
0.007743631280225,0.0111123905063604,0.0235068806854277,-0.0258580703008977,20.333949558582017,0.0084,0.7,10
0.0076478792778884,0.0111562960068464,0.0242612674225753,-0.026945158828889,20.27538613901878,0.0084,0.7,10
0.0075608852866763,0.0111957185023057,0.0247026239172493,-0.0279531204603456,20.21593564319622,0.0084,0.7,10
0.0079095329070155,0.0108067879363045,0.0381536444461967,-0.0344507311739267,20.42778518907048,0.0084,0.7,10
0.0079777965837733,0.0107392428154484,0.040808460124602,-0.0361806046171334,20.46843053115356,0.0084,0.7,10
0.0066322688343027,0.0119341868594972,0.007133802218233,-0.0381469667405847,19.919706202874405,0.0084,0.7,10
0.0067389716461711,0.0118326612372784,0.0096779428235143,-0.0365897159175319,19.93458718840652,0.0084,0.7,10
0.0068516057030823,0.0117378025642311,0.0121926966127141,-0.0349594295249255,19.952148550170367,0.0084,0.7,10
0.0091791663987302,0.0089266522117599,0.4400270428169598,-0.1477392332737945,17.50084521017362,0.0084,0.7,10
0.009079866077507,0.0089668653899228,0.424536771359916,-0.145199478595871,17.75235833342415,0.0084,0.7,10
0.008970678422399,0.0090786450307861,0.3818934632241493,-0.1406551476262343,18.222736604210823,0.0084,0.7,10
0.0090057673746066,0.0090044924238648,0.4104742777791768,-0.1429914434090238,17.993959680888125,0.0084,0.7,10
0.0091547943941226,0.0087971983497595,0.4941971008340136,-0.147221145460166,17.221775188011815,0.0084,0.7,10
0.0091456080413653,0.0086923379502127,0.5362423761018043,-0.144448057730065,16.981851773843285,0.0084,0.7,10
0.0080043110595627,0.0106420688538361,0.0491979718790773,-0.041010413208896,20.4475790888024,0.0084,0.7,10
0.0080036022357468,0.0105293975995231,0.0625723382761145,-0.0477226733179708,20.403489427219554,0.0084,0.7,10
0.0081125282403498,0.0103768031416373,0.0768185589062002,-0.0554829807654688,20.40276107415114,0.0084,0.7,10
0.0080207044606713,0.0104037932325952,0.0787646736062089,-0.0552217895239534,20.33625956178437,0.0084,0.7,10
0.0082215071163056,0.0102271330283405,0.0937777007502831,-0.0641951291515033,20.365720458567125,0.0084,0.7,10
0.0082437567800805,0.0101091528236225,0.114526923748956,-0.0726827779781142,20.24604877560369,0.0084,0.7,10
0.0081305363044743,0.0102556080393607,0.0952638057883965,-0.0635340057803001,20.30852489178409,0.0084,0.7,10
0.0088683748711125,0.0090534019154725,0.3936858381662841,-0.1386184589477996,18.248376114020243,0.0084,0.7,10
0.0088424928410253,0.0091448256732705,0.3599998176850464,-0.1359889329995879,18.46225193232821,0.0084,0.7,10
0.0082645705108565,0.009989369030015,0.1383075742105841,-0.0811591432559183,20.10058267490922,0.0084,0.7,10
0.0087671982912696,0.0091991270048658,0.3423864602737035,-0.1324917457348395,18.667484172137023,0.0084,0.7,10
0.0087189768100579,0.0092814530139452,0.3148616161646227,-0.1284686622595714,18.878327467512005,0.0084,0.7,10
0.0086310962550163,0.0093240127632896,0.3036596201844632,-0.1247588841539789,19.00836358523537,0.0084,0.7,10
0.0082882244612627,0.0098673880460723,0.1649366192680705,-0.0894839406050115,19.938221975183414,0.0084,0.7,10
0.0085759676210224,0.0095207554544651,0.2427142642227313,-0.1141039006192188,19.41417881901098,0.0084,0.7,10
0.0084904158952675,0.0095970556536475,0.2246740073634043,-0.1085024384498111,19.56178276054996,0.0084,0.7,10
0.0083268442614088,0.0097441941655507,0.1934708441969199,-0.0975193964638637,19.75705395330624,0.0084,0.7,10
0.0084120184363298,0.0096622481770984,0.2106724260684382,-0.1035208306964472,19.669507517059724,0.0084,0.7,10
0.0085416603273116,0.0093987673934305,0.282838401878472,-0.1194409291517058,19.17442355085257,0.0084,0.7,10
0.0094947622486535,0.0081673525997033,0.7588452154715615,-0.1186165473601447,14.945141608340911,0.0084,0.7,10
0.0094014519844681,0.0082379216201004,0.7249775138971862,-0.1229076677357534,15.367981332587858,0.0084,0.7,10
0.0094760136841534,0.0080358866686092,0.7987614795714135,-0.1025997178298501,14.785834589616329,0.0084,0.7,10
0.0094716470562536,0.0079097575886197,0.8334885721352597,-0.0856649461049898,14.620929539547374,0.0084,0.7,10
0.0094933885805236,0.0078018273535082,0.8628142976410743,-0.070599461430879,14.384277325015107,0.0084,0.7,10
0.0095409292896941,0.0074806033575887,0.9258353056189812,-0.0202388646068163,13.884882487154142,0.0084,0.7,10
0.0095214355825225,0.007692777991115,0.8899364287781663,-0.0546744461649903,14.109587606466954,0.0084,0.7,10
0.0095621247924405,0.0075944784675168,0.9135410503710212,-0.0399449319534869,13.937376974688243,0.0084,0.7,10
0.0093104494796219,0.008321245819277,0.6871757772485534,-0.1275825981887279,15.7671186527434,0.0084,0.7,10
0.0090922318451417,0.008609299693141,0.5660763153878832,-0.1392153859599261,16.874891848470437,0.0084,0.7,10
0.0092200516380041,0.0084084897152957,0.6484470850372147,-0.131446554587991,16.18354455218001,0.0084,0.7,10
0.0091473664209473,0.0085123806925257,0.6053958894301239,-0.1359474937394526,16.551329055787054,0.0084,0.7,10
0.0096204915816996,0.0052916230655207,0.3486459590861553,0.1538250267849448,17.162502433684924,0.0084,0.7,10
0.0096873766902883,0.005550192826362,0.4847484946859848,0.1759037559064555,16.031615386285072,0.0084,0.7,10
0.0096109446972325,0.0053906937423999,0.4045743594531591,0.1667815378589597,16.813327922101326,0.0084,0.7,10
0.0096025148223806,0.0054927771639392,0.4602555727609151,0.1767888748578798,16.493461221751563,0.0084,0.7,10
0.0096814967410551,0.0056614118968935,0.5440822597941488,0.182240032168168,15.730569950151152,0.0084,0.7,10
0.0095598210418861,0.0051305658747553,0.2689828833549843,0.1338993573192698,17.956878250708655,0.0084,0.7,10
0.0095506080515259,0.0052422711232541,0.3314303087322249,0.1529499312654455,17.56761421854731,0.0084,0.7,10
0.009474069570836,0.0050885890185524,0.2619392679709445,0.1357468209621013,18.257152644679103,0.0084,0.7,10
0.0092961831087715,0.0044983769281483,0.0309057965579687,0.0244286850013013,20.87177156186445,0.0084,0.7,10
0.009303942831633,0.0044691573532212,0.0177243160670803,0.0142916555880399,20.94689266403508,0.0084,0.7,10
0.0092326723725901,0.0044452208903598,0.0290605324654148,0.0238779811428611,21.085462140583942,0.0084,0.7,10
0.0092418211608264,0.0044169102538709,0.0166686797173927,0.0139647140964257,21.15281914193133,0.0084,0.7,10
0.0094599803908631,0.004738175230923,0.0879725971474727,0.058106037880329,19.77044634006188,0.0084,0.7,10
0.0094481037044623,0.0048229890728849,0.1322324808446238,0.082423721894302,19.41391523339797,0.0084,0.7,10
0.0094261983099038,0.0049256443921717,0.1881368465645692,0.1095405320363964,19.012256314391237,0.0084,0.7,10
0.0093990954965565,0.0050424719613786,0.2517336373827868,0.1357355884570757,18.561067225550328,0.0084,0.7,10
0.0093924249425416,0.0046210219897425,0.0534135650958413,0.0385381831345308,20.28947848723276,0.0084,0.7,10
0.0093274306169792,0.0045704679774668,0.0504721225232442,0.0378703845366407,20.520331943381816,0.0084,0.7,10
0.0093926234824265,0.0046888645073773,0.083406482319048,0.0573123724148194,20.02817788415527,0.0084,0.7,10
0.009444409053972,0.0073756180678221,0.9190520612156586,0.0005465163099449395,14.22106269710278,0.0084,0.7,10
0.0094301159429425,0.0074666439134818,0.908341031973035,-0.0144454095855945,14.29212809030056,0.0084,0.7,10
0.0094630784308127,0.0072457229210605,0.9291763114627596,0.0224386708489222,14.133903537204416,0.0084,0.7,10
0.0096836014859776,0.0057722505749754,0.5999192425504534,0.1847308303180455,15.326407164165628,0.0084,0.7,10
0.0096939630143833,0.0058882293447242,0.6554848095363836,0.1838888055033504,14.991101461120012,0.0084,0.7,10
0.0096989790146099,0.0059923941307038,0.7023564723883056,0.1805945755199614,14.690608578020676,0.0084,0.7,10
0.0096078584587791,0.0065454914827191,0.8808637649814653,0.1318669996733883,13.994051666073966,0.0084,0.7,10
0.009640237027929,0.0060830553205238,0.7370139041483856,0.1774817418217062,14.68728928712335,0.0084,0.7,10
0.0095987871502044,0.006408239694494,0.8440629427574885,0.1492271758456913,14.222145946482494,0.0084,0.7,10
0.0095881622844504,0.0062745811302264,0.8022077696387419,0.1636469156186324,14.480683019098548,0.0084,0.7,10
0.0095815290437355,0.0061728223623786,0.7667142373464313,0.1726971977031736,14.706596942544326,0.0084,0.7,10
0.009571100392047,0.0068385074252573,0.9283452131955976,0.0890542212079766,13.844978135594191,0.0084,0.7,10
0.0095571839340646,0.0069443331604485,0.9370787009287652,0.0719464071583973,13.846287384609305,0.0084,0.7,10
0.0094851872084269,0.0071126864900927,0.9335490652199456,0.0448708435886644,14.042009404343878,0.0084,0.7,10
0.0094959819773581,0.0070054852393705,0.931163499156631,0.0629221796818958,14.004815700228338,0.0084,0.7,10
0.0094741872164626,0.0067582926629326,0.9022316640832564,0.1033368507989332,14.244563190191604,0.0084,0.7,10
0.0094952324224493,0.0066263115978371,0.8826297735062089,0.1226653238311743,14.282630872913922,0.0084,0.7,10
0.0093859400031188,0.0066930873618938,0.8787353077300698,0.1147311787985906,14.595831972410664,0.0084,0.7,10
0.0064772972757991,0.0118947312387666,0.0078162035276402,-0.0398487625926928,19.86287465145119,0.0084,0.7,10
0.0063166563461563,0.0118678597569282,0.0080196839633329,-0.040987922424867,19.801415038074456,0.0084,0.7,10
0.0061511051258865,0.0118542939245835,0.0076281016105018,-0.0415636300877255,19.74484607228807,0.0084,0.7,10
0.0044037907653568,0.0114896468264676,-0.000741682112433735,-0.0124592721746996,18.923526161948413,0.0084,0.7,10
0.0045114441862308,0.0115167705964841,-0.0005026933722366045,-0.0167188617642925,18.99436639051623,0.0084,0.7,10
0.0046341164470465,0.0115412460800449,5.374990234265494e-05,-0.020858619039307,19.07060305695566,0.0084,0.7,10
0.0043114813087181,0.0113744978431721,-0.0007470870852773116,-0.0083678007332105,18.767805638553288,0.0084,0.7,10
0.004393763232444,0.0114058880786225,-0.0006927615407476471,-0.0118922533426769,18.843213136278248,0.0084,0.7,10
0.0041988192577847,0.0112557968471823,-0.0004896337221076386,-0.0033879824543797,18.568920549011317,0.0084,0.7,10
0.0041600398451286,0.0111932078970038,-0.0003220227367777507,-0.0018934670796584,18.463166826616195,0.0084,0.7,10
0.0042369267120182,0.0112612969891454,-0.00063113447318351,-0.0051558217709502,18.60312350470991,0.0084,0.7,10
0.0042985448627363,0.0112919960834314,-0.0007119193270311006,-0.0078168812329017,18.675577305758807,0.0084,0.7,10
0.004719397988474,0.0115812025869133,0.000416755512339294,-0.0235311834433497,19.12258448931017,0.0084,0.7,10
0.0047378757751456,0.0116590124961568,0.00012560503602005075,-0.0245095717527464,19.180499610697392,0.0084,0.7,10
0.004804136559953,0.0117112615454494,0.00021910496084704645,-0.0265520612767985,19.239291885417128,0.0084,0.7,10
0.0049521205453409,0.0118826681914514,-1.6727996156012053e-05,-0.0308499679802609,19.37146540668255,0.0084,0.7,10
0.0048771833906324,0.0117900068684289,0.00016644450504368916,-0.0287436620047491,19.304396887000014,0.0084,0.7,10
0.0050761727854304,0.0118643307829072,0.0006198264552190031,-0.0333233455066599,19.39688233171833,0.0084,0.7,10
0.0052077030789366,0.0118470858600177,0.001505089761995,-0.0354677002056253,19.428779688488323,0.0084,0.7,10
0.0059830272697287,0.0118310104448317,0.0072320313159837,-0.041516592525237,19.682419745640644,0.0084,0.7,10
0.0053465078826851,0.011831898795856,0.0026134206033989,-0.0372912809262934,19.46710126451742,0.0084,0.7,10
0.0054941086559031,0.0118214413241945,0.0038650469764813,-0.0388263720484928,19.51357654148105,0.0084,0.7,10
0.0058134072634034,0.0118100022998163,0.0065516506982146,-0.0409263731484103,19.61619022921911,0.0084,0.7,10
0.0056490812075598,0.0118110354841515,0.0052579726420152,-0.0400185648974235,19.56276116651517,0.0084,0.7,10
0.0078261316960066,0.0109599388191342,0.0299544677928432,-0.0295239393205387,20.38875920218317,0.0084,0.7,10
0.0078148328032642,0.0108540538777347,0.038674364593716,-0.0344700753415485,20.371889446270227,0.0084,0.7,10
0.0074781351097574,0.0112328516174902,0.0249148121626916,-0.0288869245443697,20.15546319030072,0.0084,0.7,10
0.0074174758821485,0.0112936364685826,0.0232412667619766,-0.0287683250199791,20.13470485271866,0.0084,0.7,10
0.0071958807559858,0.0114622661599352,0.0195234076707252,-0.0306116112431058,20.05176965695633,0.0084,0.7,10
0.0071108746639019,0.0115606644575803,0.0165539633271305,-0.0312521093388833,20.0120064833376,0.0084,0.7,10
0.0069720852585101,0.0116471764492648,0.014590122599358,-0.0332353577621709,19.98323236540796,0.0084,0.7,10
0.0073290311118738,0.0113192358362457,0.0237753571510354,-0.0301659266035349,20.08682064278295,0.0084,0.7,10
0.007214718685556,0.0113541179851317,0.0240494396182809,-0.0317448697780746,20.02979355822272,0.0084,0.7,10
0.0077252644958066,0.0110034235704085,0.0310140893253983,-0.0303387483858541,20.31956189649665,0.0084,0.7,10
0.0076424591154485,0.0110480890804612,0.0310073783216079,-0.0306785417613757,20.25858996321463,0.0084,0.7,10
0.0075542024961533,0.0110853103717379,0.0314506312585936,-0.0313546797071551,20.202840456554267,0.0084,0.7,10
0.0074664570457009,0.0111324473213776,0.0310053827958244,-0.0317071048388003,20.148062141569323,0.0084,0.7,10
0.0078194248610616,0.0107681831503972,0.046209814991465,-0.0384036487436795,20.33900491323767,0.0084,0.7,10
0.0078861205491953,0.0106864641813519,0.0509741567012788,-0.0411899798748152,20.37155126814726,0.0084,0.7,10
0.0065870521125902,0.0117842659156596,0.011002768883101,-0.0385546368314948,19.87358749770349,0.0084,0.7,10
0.006699570428246,0.0116809046058655,0.0142727910195636,-0.0372236047598822,19.89291644999293,0.0084,0.7,10
0.0068158849567439,0.0115831765181289,0.0176091825765462,-0.0359788892225727,19.914188959549268,0.0084,0.7,10
0.0090626711301397,0.008851496619302,0.4713131415986986,-0.1451610686027787,17.509257943596214,0.0084,0.7,10
0.008979459683479,0.0089108300838668,0.4474893820127212,-0.1429143070180148,17.777845176718667,0.0084,0.7,10
0.0089171340026027,0.0089842141291813,0.4193877476026011,-0.1408550148150012,18.003566890821777,0.0084,0.7,10
0.0090365495606086,0.0087205668321637,0.5218776329145794,-0.1416421527316332,17.25085241466891,0.0084,0.7,10
0.0079090429932138,0.0105596188040686,0.064258023326527,-0.0476416252529442,20.3351457883925,0.0084,0.7,10
0.0079232290649497,0.0104356386531239,0.0799429629659735,-0.054393027018814,20.26500975774284,0.0084,0.7,10
0.0080351966837345,0.0102825848764946,0.0969005476094774,-0.0626282095068105,20.24236530990095,0.0084,0.7,10
0.0079382433310592,0.0103081019385543,0.09842974469403,-0.0615040048566729,20.18586840450356,0.0084,0.7,10
0.0088077185962662,0.0089606737964496,0.4281069196295299,-0.1370094085687832,18.093851438268917,0.0084,0.7,10
0.0081484127614751,0.0101321726088494,0.1166580775207277,-0.0717363529751414,20.18932336636163,0.0084,0.7,10
0.0081693671264977,0.0100097364714681,0.1402213447873319,-0.0797162809014929,20.06000419032784,0.0084,0.7,10
0.0080530941158798,0.0101566807899861,0.118049895103949,-0.0703112793304684,20.13886407595089,0.0084,0.7,10
0.0087407774495176,0.0090763950850677,0.3867711222740319,-0.1341959730867703,18.40903262283268,0.0084,0.7,10
0.0081912118800194,0.0098879099167384,0.1660687585290652,-0.0873100711082637,19.9155012064415,0.0084,0.7,10
0.0086371113424858,0.009190476036603,0.348583682988325,-0.1288052082076806,18.69895512573808,0.0084,0.7,10
0.0085179547859969,0.0092712819780275,0.3243700974490195,-0.1226757500645232,18.924587195576592,0.0084,0.7,10
0.0082139839863158,0.0097691244192255,0.1934703127833655,-0.0942301814020798,19.76880172075421,0.0084,0.7,10
0.0082397386004576,0.0096857449084655,0.2133911823426727,-0.0989510175480673,19.633208773431097,0.0084,0.7,10
0.0084525961418248,0.0094767451096637,0.2624313796244618,-0.1138507827565255,19.332558659025977,0.0084,0.7,10
0.0083657467408361,0.0095520621635649,0.2441512335006126,-0.1082630036894007,19.45971728774033,0.0084,0.7,10
0.0083050523618624,0.0096284738034074,0.225571405774678,-0.1032180989561269,19.575370396130783,0.0084,0.7,10
0.0084185550305468,0.0093543188294489,0.3007695899804047,-0.1169551393765437,19.110926674943016,0.0084,0.7,10
0.00937132369161,0.0080965923187606,0.7676658988346484,-0.1063651429554442,15.212331515611949,0.0084,0.7,10
0.0092767366983176,0.0081901270808867,0.7277843816454436,-0.1133786096295446,15.624972446050606,0.0084,0.7,10
0.0093598084850617,0.0079447031739137,0.8090142188724341,-0.0866038136691399,15.026431113283849,0.0084,0.7,10
0.0093839188256426,0.0078137067633834,0.8438501804332538,-0.0687654538589004,14.72683512283366,0.0084,0.7,10
0.0094183383024434,0.0077198730842176,0.8684898122455289,-0.0555170528534228,14.555254545634998,0.0084,0.7,10
0.0094133576757737,0.0075798181143857,0.8914511127300032,-0.0330169070239407,14.473322990854609,0.0084,0.7,10
0.0093319752340346,0.0074516601535876,0.8935781548957741,-0.0091175444285567,14.660739874614649,0.0084,0.7,10
0.0091781553943921,0.0082841961025404,0.6874192858466842,-0.1189543495764278,16.05547729705071,0.0084,0.7,10
0.0089952130561938,0.0085978623555889,0.5653507451645757,-0.1344996475853564,17.063594108957236,0.0084,0.7,10
0.0090262689288293,0.0085087652184181,0.5988013269472933,-0.1305737154717541,16.813813161688497,0.0084,0.7,10
0.0090712235747861,0.0083882878648865,0.6435262994730652,-0.1236365996186515,16.48298137677169,0.0084,0.7,10
0.0077566636141977,0.0008668965203717715,0.0002144241622449368,-0.0032730668367715,20.240993255686195,0.0084,0.7,10
0.00778277981784,0.000848892648051978,0.00013882654390065665,-0.0018466757666955,20.216881239217635,0.0084,0.7,10
0.0077770839191846,0.0009189230389662536,0.00011298892527322266,-0.001944199584893,20.263846648009324,0.0084,0.7,10
0.0091730732235067,0.0043909508782378,0.0265537503021059,0.0226879574878186,21.260958297687825,0.0084,0.7,10
0.0091807106924036,0.0043634845646044,0.0156502829436418,0.0136351354260397,21.330563536085936,0.0084,0.7,10
0.0095362017128381,0.0053417934607644,0.3865418380220506,0.1669136087391053,17.15978253793516,0.0084,0.7,10
0.0095931765760519,0.0056035866807059,0.5182269812432366,0.1841456979428972,16.155855066489977,0.0084,0.7,10
0.0095168283872657,0.0054388836358007,0.4390242933502782,0.1777253039532307,16.910738921443908,0.0084,0.7,10
0.0095091983558648,0.005544043476848,0.4926002565924317,0.1853476377601269,16.588818327515117,0.0084,0.7,10
0.0095852386736806,0.0057181593661294,0.5749689251934327,0.1881152530749917,15.819115411445576,0.0084,0.7,10
0.0094660248500134,0.0051902411659585,0.3162025193859652,0.1531198261801619,17.875906853388162,0.0084,0.7,10
0.009472824624606,0.0052782687715371,0.3607835445970194,0.1642131721202819,17.563737915720107,0.0084,0.7,10
0.0093893537763997,0.0051442340736387,0.3040811330534457,0.1531745931057323,18.22346785772837,0.0084,0.7,10
0.0092633025348524,0.004518616318258,0.0476414917898831,0.0371354616233729,20.733256309823844,0.0084,0.7,10
0.0091998190854861,0.0044641559419594,0.0444885566293381,0.0360394810780077,20.94923190918496,0.0084,0.7,10
0.0093793097151797,0.0047754287286113,0.1264692475148688,0.0819264037634616,19.67140117611226,0.0084,0.7,10
0.0093589563669931,0.0048747665355896,0.1778096250698203,0.1078042977582178,19.2899013009193,0.0084,0.7,10
0.0093310192531301,0.0049927920056862,0.2395887124093923,0.1344175697179234,18.83593102323845,0.0084,0.7,10
0.0093148697222666,0.0050912341289183,0.2892964690281129,0.1520608390272147,18.484160030593443,0.0084,0.7,10
0.0093263365214524,0.0046381389456633,0.0788788970231289,0.0563725200339346,20.266633655911303,0.0084,0.7,10
0.0092609580784725,0.0045862320437745,0.0745502032906334,0.0553564175461777,20.493753237651987,0.0084,0.7,10
0.0093133769448483,0.0047256465767577,0.1199274544583691,0.0807150740517776,19.91731368848732,0.0084,0.7,10
0.0093240956090817,0.0072992635177811,0.9033778914878808,0.0169346086396574,14.617770172243478,0.0084,0.7,10
0.0093670518442946,0.0071587097207364,0.9139523328949428,0.0398795645229018,14.458974229325444,0.0084,0.7,10
0.0092572123648865,0.0071855463770963,0.8950504332260907,0.0379909179625072,14.83054614873615,0.0084,0.7,10
0.0095805715831349,0.0058444747643729,0.6337166293828228,0.1884251503957872,15.449253063977176,0.0084,0.7,10
0.0095997608148191,0.0059677542012214,0.6879827014630084,0.1845003706034482,15.154685257218777,0.0084,0.7,10
0.0094933300702309,0.0064909760219441,0.8528880166418283,0.1409706305135648,14.468029996885408,0.0084,0.7,10
0.0095051214184941,0.0060808918519333,0.7280341644618796,0.1811121316289368,15.17356440551008,0.0084,0.7,10
0.0094841679152442,0.0063539295778692,0.8157168707458914,0.1573401114953485,14.725832040460688,0.0084,0.7,10
0.0094848233279566,0.0062227935964598,0.7758105008254073,0.1703932956773889,14.923648193937028,0.0084,0.7,10
0.0094469385517445,0.0068998387984409,0.9150938490432452,0.0814049204748871,14.280138642616874,0.0084,0.7,10
0.0093869943305053,0.0070235828488609,0.9139374114017472,0.0622714625224912,14.428210439441388,0.0084,0.7,10
0.0093535291456323,0.0068028259273521,0.8895062375165957,0.0986104762055757,14.605084287820404,0.0084,0.7,10
0.0093912285416047,0.0065702570415156,0.8570372046007461,0.1320648292115729,14.711139080791904,0.0084,0.7,10
0.0092979932210953,0.0067285898840401,0.8710354397691049,0.110795236271881,14.8605521257827,0.0084,0.7,10
0.0093009992843969,0.0066379947614771,0.857188303069476,0.1239248881826595,14.926054016788283,0.0084,0.7,10
0.0091133068615392,0.0043373402347604,0.0250647301289497,0.0222081409842524,21.420742176354967,0.0084,0.7,10
0.0091206317016099,0.0043089021670034,0.0146856940828227,0.0132867246374076,21.501520781129777,0.0084,0.7,10
0.006419150343721,0.0117276704719217,0.012366393642179,-0.0398803994865797,19.80523373362131,0.0084,0.7,10
0.0062489354632046,0.0117323558729143,0.011517269425203,-0.0406827757084049,19.74796151895284,0.0084,0.7,10
0.0060746146282537,0.011711802613951,0.0110815914464456,-0.0407837689771666,19.679963335344898,0.0084,0.7,10
0.0044985314244603,0.0114391249941256,-0.0003616870856611857,-0.0159070954346862,18.921018035613965,0.0084,0.7,10
0.0046182483699863,0.0114645149035605,0.00031464978730477185,-0.0198557437608617,19.004575525017355,0.0084,0.7,10
0.0047045016036307,0.0114962833838809,0.0008525642026226011,-0.0224681625146874,19.06044625763567,0.0084,0.7,10
0.0047756992526831,0.0115270042688462,0.0012664975770299,-0.0245062228935354,19.11441802526767,0.0084,0.7,10
0.0043809501108863,0.0113221101984755,-0.0005879832906494783,-0.0111444540115353,18.757925991417085,0.0084,0.7,10
0.0044812748314608,0.0113492491088093,-0.0001376634652058481,-0.0147806218603221,18.844864972500464,0.0084,0.7,10
0.004182798668439,0.0111730216858765,-0.0004728127408206248,-0.0030491273342864,18.46177344876342,0.0084,0.7,10
0.004143815479625,0.0111136723020997,-0.0003094021173419283,-0.0016905960213438,18.36009923972275,0.0084,0.7,10
0.0042211499302591,0.0111798770491765,-0.0005946535224736212,-0.0046635276094211,18.50289528801539,0.0084,0.7,10
0.004278621327605,0.0112106930466245,-0.0006399892571995161,-0.0069543065673802,18.580950761376965,0.0084,0.7,10
0.0043675006986312,0.0112382353374801,-0.0004077054777349473,-0.0102804229166323,18.672035197818584,0.0084,0.7,10
0.0048239660064683,0.0116011035412877,0.001062045540302,-0.0263187984897085,19.182280030624494,0.0084,0.7,10
0.0048403221903804,0.01151175758194,0.0020644381753671,-0.0258203639515229,19.13180315006133,0.0084,0.7,10
0.0049131795762309,0.0116753671758189,0.0011551370687539,-0.028880451059458,19.25183371743464,0.0084,0.7,10
0.0049972590826202,0.0117655958697116,0.0009773340344575831,-0.0312451093723419,19.326313417555536,0.0084,0.7,10
0.0051264357935726,0.0117412189155039,0.0021351957638458,-0.0334310647606073,19.355807709740574,0.0084,0.7,10
0.0052632897105384,0.0117196180058671,0.0035964831813865,-0.0353020116206853,19.393381572656384,0.0084,0.7,10
0.0059067128419549,0.0116640121273529,0.0111530171056561,-0.040079791778105,19.605684216150987,0.0084,0.7,10
0.0054080422114043,0.0117042391318393,0.005252101065714,-0.0369258468993089,19.43765859001177,0.0084,0.7,10
0.0055602345415881,0.0116899929246493,0.0070916799643061,-0.0382440443408478,19.49060918592275,0.0084,0.7,10
0.0057153278309723,0.0116558927648572,0.0095227998511007,-0.03906408187068,19.540973521144757,0.0084,0.7,10
0.0077319431896565,0.0108967232796317,0.0387403153098587,-0.0344789708014657,20.30005153072111,0.0084,0.7,10
0.0077399055446515,0.0107878371119272,0.0479480403795451,-0.0389762459959106,20.270815745035573,0.0084,0.7,10
0.0073657478250744,0.0111987735858369,0.0294522336958786,-0.0319406368138878,20.09864504625057,0.0084,0.7,10
0.0070720251579094,0.0113923054483777,0.0240218104927097,-0.033620861593532,19.981592109279443,0.0084,0.7,10
0.006945040492628,0.0114887759038113,0.0207640785181149,-0.0346707690519075,19.948627020126995,0.0084,0.7,10
0.0072373709989507,0.0112304173235986,0.0301944944720829,-0.0334291530904793,20.044802609876285,0.0084,0.7,10
0.0071406710069487,0.0112740577136474,0.0292913852422985,-0.0340814457460706,20.002893825742955,0.0084,0.7,10
0.0076418977067736,0.010930410729092,0.0395688913648902,-0.0349068973688421,20.237923758234498,0.0084,0.7,10
0.0075505766068647,0.0109689656953471,0.0397685182714006,-0.0351174694625539,20.178045843098683,0.0084,0.7,10
0.0074569504175078,0.0110103422258983,0.0395272876246097,-0.0352524243822746,20.12165991369398,0.0084,0.7,10
0.0073590971943141,0.0110575908567227,0.0386831707471583,-0.0353267435728765,20.072667183402768,0.0084,0.7,10
0.007766449842695,0.0106882285546426,0.05675922714511,-0.043096310067051,20.27309255774615,0.0084,0.7,10
0.007800872804988,0.0105835052931553,0.0670096704163041,-0.0477223860757391,20.24380258772144,0.0084,0.7,10
0.0065550535730278,0.0116354409321338,0.0158612889880146,-0.0386548311779413,19.82747425880522,0.0084,0.7,10
0.0067911793875732,0.0114331678285707,0.0241078864064533,-0.0367517545366521,19.87090443578198,0.0084,0.7,10
0.006651921805638,0.0115081648531573,0.0209563600831767,-0.0378331224141245,19.838771588364235,0.0084,0.7,10
0.0089439263315073,0.00878688732217,0.4941472412240272,-0.1398499595616554,17.52451017390167,0.0084,0.7,10
0.0088646512318175,0.0088700311622028,0.46181335898383,-0.1383658050564198,17.813474618883223,0.0084,0.7,10
0.0087385862110853,0.0088446718802553,0.4681030110501361,-0.1321922309807426,17.937082177864934,0.0084,0.7,10
0.0089157606998784,0.0086610749817973,0.5388619652729468,-0.1340750300063308,17.356141095375545,0.0084,0.7,10
0.0078207953822241,0.0104612422963987,0.0818222273107132,-0.0536853708756296,20.19729538074432,0.0084,0.7,10
0.007838166353422,0.0103355623066482,0.0993949940765041,-0.0599882382044661,20.12604825217753,0.0084,0.7,10
0.0079555884261687,0.0101817617684769,0.1190426525489943,-0.0685182598245483,20.087863053139863,0.0084,0.7,10
0.0078556877939682,0.0102074589404778,0.1196170635800194,-0.0664109273296324,20.041462507066765,0.0084,0.7,10
0.0086715578101803,0.0089425210832056,0.4332719434200176,-0.1308545192569071,18.212271534223376,0.0084,0.7,10
0.0080731090966564,0.0100317222968062,0.141402810750369,-0.0777674024796801,20.01819794332342,0.0084,0.7,10
0.0080953510178057,0.0099074765658779,0.1668951726092884,-0.0848591175759119,19.88350213649873,0.0084,0.7,10
0.0079751535664875,0.0100547427239362,0.1420408930664819,-0.0754092541428804,19.97937115070067,0.0084,0.7,10
0.0085873443657465,0.0090441606715645,0.3982517963307914,-0.1277527707367046,18.472075494492984,0.0084,0.7,10
0.008119947314921,0.0097860689433103,0.1938936828223213,-0.0913347779363343,19.74112961688385,0.0084,0.7,10
0.0084895721706457,0.0091392079100526,0.3671678392930238,-0.1232049276235908,18.7133358512766,0.0084,0.7,10
0.0083878579702285,0.0092270439563107,0.3402809906090025,-0.1178679852020987,18.901424727460665,0.0084,0.7,10
0.0081484940532611,0.0096776194549455,0.2193953897637634,-0.0967526900352674,19.61102208293413,0.0084,0.7,10
0.0082125480002214,0.009620107580606,0.2317831598101625,-0.1010211769327715,19.532288093260583,0.0084,0.7,10
0.00832419801407,0.0094397319115765,0.2779737395319332,-0.1110654341928799,19.263473684247348,0.0084,0.7,10
0.0082402793728836,0.0095369688297063,0.2532758699076666,-0.1049300191777958,19.418613465518785,0.0084,0.7,10
0.0082862410440594,0.0093128543513351,0.3157053009897148,-0.1121391838562659,19.07903758461187,0.0084,0.7,10
0.009248754487265,0.0080509540789397,0.7658616658468943,-0.0960574287410069,15.477076480258086,0.0084,0.7,10
0.0091464855844066,0.0081495998112264,0.7256512232666914,-0.1033930964994506,15.905754365734635,0.0084,0.7,10
0.0092861094843674,0.0078310621732105,0.8255450528927624,-0.0676676421347763,15.105096960465485,0.0084,0.7,10
0.0092150642299687,0.0079177236242091,0.7957560325907217,-0.077103270957813,15.395435352176094,0.0084,0.7,10
0.0093001193884332,0.0077026856804605,0.8533001252572285,-0.0488773989060863,14.922804944678107,0.0084,0.7,10
0.0092572840184917,0.0075483106518797,0.870165777821735,-0.0226365658371774,14.917817104150316,0.0084,0.7,10
0.0092180131630987,0.0074062112977825,0.87847276853487,0.0021174675089638,14.995507077213247,0.0084,0.7,10
0.0090511570282636,0.0082434394316673,0.6876158293564174,-0.1090839778070776,16.26417149493486,0.0084,0.7,10
0.0089122451559662,0.0085381802932375,0.5812078495224604,-0.1270721895839049,17.07587220051155,0.0084,0.7,10
0.0089303238744895,0.0084300808047317,0.6182474936996009,-0.1201824990165168,16.83032858714569,0.0084,0.7,10
0.0089600673557904,0.0083191497931639,0.6555533576557718,-0.1119828001280108,16.616204973294053,0.0084,0.7,10
0.007753001548279,0.0009338457116233524,0.00016306954403048164,-0.0033158581111163,20.272848162849726,0.0084,0.7,10
0.0077720713657962,0.0009890375519602654,8.766102477639028e-05,-0.0020643986673566,20.30206091279065,0.0084,0.7,10
0.0077246970774784,0.000921578284104358,0.0002254141877885536,-0.0049489011896874,20.27673844064864,0.0084,0.7,10
0.0091356161616368,0.0044070293833063,0.0414563088692031,0.0349515076720621,21.13734342717181,0.0084,0.7,10
0.0094240692535821,0.0053712170576573,0.4129850105350775,0.1777343672347018,17.321102547169172,0.0084,0.7,10
0.009495145430503,0.005650826677379,0.5449122060950468,0.1902773173373013,16.276364283278664,0.0084,0.7,10
0.0094180369508375,0.0054927846526253,0.4727943586241135,0.1871086061904954,16.952201469048195,0.0084,0.7,10
0.0094292605428772,0.0055846574897575,0.5157730844766252,0.1909241363907195,16.652117913217868,0.0084,0.7,10
0.0094703850357049,0.0057752346711383,0.6019053510352618,0.1925031628039168,15.986301760671056,0.0084,0.7,10
0.0093715476102989,0.0052543082455913,0.3607845158690295,0.1691549504166552,17.819675763103543,0.0084,0.7,10
0.0093108965621296,0.0051794524691317,0.3319679305385416,0.1645503480943762,18.180396333294937,0.0084,0.7,10
0.0091965612210186,0.0045330836269142,0.0703558627236666,0.0542488763821459,20.70727444409349,0.0084,0.7,10
0.0091369578799703,0.0044748812379832,0.0640566927353202,0.0514201791623539,20.908313562215955,0.0084,0.7,10
0.009291109750311,0.0048267732922018,0.1700252386981836,0.1069335345956248,19.53286183428869,0.0084,0.7,10
0.0092638424662599,0.0049380237356126,0.2259772680448439,0.1320842274593749,19.117901480434664,0.0084,0.7,10
0.0092413040325091,0.0050498481246524,0.2808821685714627,0.152534676009343,18.745276070414164,0.0084,0.7,10
0.0092345272420284,0.0051473526435288,0.3265172736305186,0.1663198633411969,18.45149883064352,0.0084,0.7,10
0.0092463452184732,0.0046731871142717,0.1134491007734024,0.0793436965363573,20.151306144433192,0.0084,0.7,10
0.0091801835063487,0.0046194873760169,0.107223923154375,0.077854359063721,20.37840952741091,0.0084,0.7,10
0.00922198640902,0.0047741399588954,0.1614000229579104,0.105450748853555,19.78071021137497,0.0084,0.7,10
0.0091868918907304,0.00727201082522,0.8812904020387009,0.0254825560317936,15.042093636687662,0.0084,0.7,10
0.0092653070164092,0.0070793875166892,0.8956615726546492,0.0555840659660661,14.798947630332233,0.0084,0.7,10
0.0091608497990965,0.007147635384249,0.8792937936908692,0.0467998508221163,15.142339554319362,0.0084,0.7,10
0.0094554394108007,0.0059359959243744,0.669271163226857,0.1895660618079813,15.665489768284486,0.0084,0.7,10
0.009398959683355,0.0060496400422093,0.7097825356347973,0.1849898707857633,15.543807406990018,0.0084,0.7,10
0.009382705864955,0.00644162687884,0.8272160610520406,0.1486832776388284,14.909180025813209,0.0084,0.7,10
0.009393328802385,0.0061552995486649,0.74586625757419,0.1776375499142373,15.34047111328924,0.0084,0.7,10
0.0093640915116713,0.0062971119232079,0.78700426057618,0.1651304341135526,15.154246859759125,0.0084,0.7,10
0.0092853993724945,0.0069300253931455,0.8915199631311942,0.0796778215729012,14.76877348615241,0.0084,0.7,10
0.0092382627363064,0.006804240789891,0.8718387983581511,0.1003373200902138,15.02726195394022,0.0084,0.7,10
0.0092889431570771,0.0065293850192542,0.8350672953880779,0.1388255329723075,15.123773236144643,0.0084,0.7,10
0.0092195914948021,0.0067002469943089,0.8554427023577942,0.1161565012393477,15.19068477315508,0.0084,0.7,10
0.0092222992612997,0.0066064023210387,0.8406898388108066,0.1293430742991713,15.254900025971915,0.0084,0.7,10
0.0090534001752692,0.0042831913720574,0.0240394929609311,0.0220713876911245,21.586975644937382,0.0084,0.7,10
0.0090616036417085,0.0042531852489756,0.0137476621634422,0.0129080712005542,21.666200609099267,0.0084,0.7,10
0.0090738590520398,0.0043521830765109,0.0393110665868922,0.0343667930238419,21.317640181612788,0.0084,0.7,10
0.0064369679637233,0.0115804498545609,0.0176470305503716,-0.0392671497040584,19.77880575620033,0.0084,0.7,10
0.0063147635928946,0.0116055436832139,0.0161550965739624,-0.0398347463387144,19.734402590827813,0.0084,0.7,10
0.0061752193549289,0.0115923136173377,0.0157788470982988,-0.039927011382352,19.683376961163415,0.0084,0.7,10
0.0060309013489578,0.0115736852059266,0.0152736297927017,-0.0395894109459598,19.628937174752995,0.0084,0.7,10
0.0045977387960897,0.0113865966960137,0.0006212900956450123,-0.018589006949346,18.93319523980183,0.0084,0.7,10
0.0046944682334675,0.0114114133145488,0.0014477164396339,-0.0213531118064235,19.00500302965283,0.0084,0.7,10
0.004790357491693,0.0114446574079839,0.0022105798323086,-0.0239913097751286,19.06319529785694,0.0084,0.7,10
0.0044669403822682,0.0112654426790813,0.0001774606554676189,-0.0136693928483036,18.762796949991472,0.0084,0.7,10
0.0045788114681905,0.0112944597380255,0.0011425953014882,-0.0170863909355896,18.859114925790184,0.0084,0.7,10
0.004163019503081,0.0110957021576387,-0.00042237835631434825,-0.0025645905641796,18.364001582127223,0.0084,0.7,10
0.0041260729989246,0.0110344619884951,-0.00027712169760535545,-0.0014535091174589,18.252519710458262,0.0084,0.7,10
0.0042020752425258,0.0110999295545682,-0.0005098637784873345,-0.0040287602413397,18.405312373269517,0.0084,0.7,10
0.0042670149979081,0.0111278852223306,-0.0004910171697344131,-0.0063565594765201,18.487655823151872,0.0084,0.7,10
0.0043513056978292,0.0111521155699237,-0.0001498232263692403,-0.0092177157350972,18.583522113476054,0.0084,0.7,10
0.0044508002664187,0.0111774742009004,0.0006108973270877693,-0.0123271138505813,18.68170434213752,0.0084,0.7,10
0.0048834448439245,0.011450782303146,0.0033496912444896,-0.025968786976243,19.1125626717637,0.0084,0.7,10
0.00493787847128,0.0115439700652579,0.0027333483319197,-0.0281898789205358,19.198446558767163,0.0084,0.7,10
0.0050386633264734,0.0116402646956999,0.0025933661741827,-0.0310378206422429,19.27672228346957,0.0084,0.7,10
0.005176003519198,0.0116111249322419,0.0044602985716294,-0.0329610319653389,19.313938783581406,0.0084,0.7,10
0.0059227449928843,0.0115241573098684,0.0159955120401909,-0.0387132039877269,19.573481505219423,0.0084,0.7,10
0.0053192900164395,0.0115886508714,0.0066027819141886,-0.034605087039981,19.361063212472075,0.0084,0.7,10
0.0058069668287749,0.0115415342187919,0.0140476806888696,-0.0383412530678403,19.532998141129625,0.0084,0.7,10
0.0054650008307825,0.0115742247031711,0.0087859806777434,-0.0360496374777761,19.406351870460195,0.0084,0.7,10
0.0055873611482826,0.0115710713347968,0.0104499233392838,-0.0371227273502677,19.460864583916425,0.0084,0.7,10
0.0056828917935133,0.0115021308035676,0.0138000415657113,-0.0370017342774535,19.46756658431365,0.0084,0.7,10
0.0076487959630933,0.0108169979224591,0.0490262011930996,-0.0391478559093188,20.21161590990045,0.0084,0.7,10
0.0076642517834066,0.0107067329977842,0.0592834546473785,-0.0434288007879509,20.19201104659754,0.0084,0.7,10
0.0072484646607481,0.0111019386281958,0.0380602788641241,-0.0356849773565887,20.01500324621232,0.0084,0.7,10
0.0070289167678901,0.0112405996328633,0.0326185819758831,-0.0357874325776903,19.92711910154492,0.0084,0.7,10
0.0069088973901599,0.0113142143017566,0.0295061147897518,-0.0363410190269133,19.90152286179131,0.0084,0.7,10
0.0071220625268612,0.0111467783609299,0.0372205141541773,-0.0361765860560584,19.960679121123423,0.0084,0.7,10
0.0070098663150034,0.0111370200387339,0.0393774128074285,-0.0371520042271338,19.90613744809889,0.0084,0.7,10
0.0075531814682883,0.0108492894865369,0.0496318477076204,-0.0391422667322322,20.15329202823264,0.0084,0.7,10
0.0074558184783187,0.010885632782135,0.0495909454089366,-0.0389523025563216,20.096255933849505,0.0084,0.7,10
0.0073563602779139,0.010925674076047,0.0489594869967714,-0.0386735344264325,20.0457614176024,0.0084,0.7,10
0.0072535902901715,0.0109674856197623,0.0479427548913935,-0.0384156931085804,20.000150118914465,0.0084,0.7,10
0.0076880385926131,0.0105975127193668,0.0705458856829958,-0.0478998977357232,20.166671539056463,0.0084,0.7,10
0.0077139421538979,0.0104845678823447,0.0837178090779177,-0.0527870378454843,20.123936891561524,0.0084,0.7,10
0.0065157344752737,0.011498437457316,0.021241666752213,-0.0386644013586267,19.78567942733807,0.0084,0.7,10
0.0066868334786646,0.0113735613919987,0.0273106616243794,-0.0376906361143936,19.826444085966084,0.0084,0.7,10
0.0067665258002604,0.0112902286447574,0.0315870034657656,-0.0374845124265338,19.844928995287745,0.0084,0.7,10
0.0065753740329939,0.0113805727431615,0.0269208110506155,-0.0381889641340946,19.778706233034477,0.0084,0.7,10
0.008803351389975,0.0087317194619267,0.5094002960971111,-0.1317753043299928,17.62132990451299,0.0084,0.7,10
0.0086808035269394,0.0087437418149253,0.5002508104085035,-0.1257112865299914,17.80544337302369,0.0084,0.7,10
0.0086157302626344,0.0088186514099747,0.4732871286767171,-0.1250073600520883,18.045321067724515,0.0084,0.7,10
0.0088033388775773,0.0085912581198385,0.5567711200080111,-0.1247440402663926,17.362212842398062,0.0084,0.7,10
0.0077331781343493,0.0103601186850323,0.1005749329555895,-0.0583556983072034,20.067295096077466,0.0084,0.7,10
0.0077526434425546,0.0102333582087812,0.1198824846254903,-0.0640376523722401,19.992951351416888,0.0084,0.7,10
0.0078750684501503,0.0100790353672079,0.1421242116877668,-0.072687086379516,19.941587189168867,0.0084,0.7,10
0.0077724959223331,0.0101042541526882,0.1417368978546864,-0.0696731050094286,19.905223924972866,0.0084,0.7,10
0.0085362806702699,0.008911014570073,0.4410832691944839,-0.1232714058916384,18.268512939718395,0.0084,0.7,10
0.0079969632906683,0.0099278605748654,0.1672518145687019,-0.081975851944864,19.85497320265284,0.0084,0.7,10
0.0080214436889424,0.0098013997990303,0.1944896345680699,-0.088063062301994,19.71744909455003,0.0084,0.7,10
0.0078963921233394,0.009950113455727,0.1669083142342109,-0.0786801255345784,19.82936921277408,0.0084,0.7,10
0.0084475745427594,0.0090057051066584,0.4092656182983117,-0.1202745181544013,18.499594993283637,0.0084,0.7,10
0.008050431623694,0.0096748922369288,0.2236409578721369,-0.093628603111453,19.56475574362668,0.0084,0.7,10
0.0083542248467673,0.0090977936926081,0.3797503441229428,-0.1162240473532478,18.706968213837182,0.0084,0.7,10
0.0082574532499365,0.0091858790675719,0.353019370104626,-0.1113673213952856,18.885906908611474,0.0084,0.7,10
0.0081190275741399,0.0095599715091502,0.2506743182207623,-0.0997353291703235,19.430550500796304,0.0084,0.7,10
0.0081731623247646,0.0094108845335372,0.2895423983261083,-0.1053808576698002,19.238862244349864,0.0084,0.7,10
0.0081603903195839,0.0092693732489244,0.3291097944356138,-0.1060743640565908,19.026583031829144,0.0084,0.7,10
0.0091132857396642,0.0080153365408251,0.7582294096035139,-0.0856722889997336,15.797732310885849,0.0084,0.7,10
0.0090108116284014,0.008113501452026,0.7200747931164181,-0.0928229709401939,16.181584241548972,0.0084,0.7,10
0.0091816707924377,0.0077853376338524,0.8196740413974904,-0.0568605254943095,15.338686830917815,0.0084,0.7,10
0.0090783969829673,0.00787850269642,0.7856472623311753,-0.0657986939266901,15.714244247254394,0.0084,0.7,10
0.0091546210433803,0.0076460204227579,0.8398639343193771,-0.0344776946285179,15.302076356271687,0.0084,0.7,10
0.0091205054624094,0.0075029199307884,0.8532618496217165,-0.0104001878884323,15.3095444730884,0.0084,0.7,10
0.0090873267528103,0.0073631026905786,0.8600679043207425,0.0134764649156738,15.362098193593924,0.0084,0.7,10
0.0089157319326278,0.0082119707656806,0.6824734338617109,-0.0990536415552459,16.534615174642965,0.0084,0.7,10
0.0088068645431544,0.0084641598065741,0.5978023935542768,-0.1162506405851228,17.133004429753,0.0084,0.7,10
0.0088232351441742,0.0083252214597168,0.6411049048347505,-0.1054330583330924,16.899536735755476,0.0084,0.7,10
0.0077477471290623,0.0010042947979629,0.00012157672118380698,-0.0035019222822209,20.31661513321185,0.0084,0.7,10
0.007768279385044,0.0010592651123896,5.775050160300472e-05,-0.0021778081852538,20.353589720229163,0.0084,0.7,10
0.0077424500899993,0.0010719357599191,7.330125938274108e-05,-0.0037567150707855,20.364958075645205,0.0084,0.7,10
0.007765717967519,0.0011295724614728,2.4794798077214358e-05,-0.0022832212858842,20.405094223771723,0.0084,0.7,10
0.007719515480808,0.000989155793221202,0.0001658854692986048,-0.0051614708820976,20.31836452961053,0.0084,0.7,10
0.0076863987325451,0.0009607386570214396,0.0002150128241332761,-0.0070191468979879,20.308780067636672,0.0084,0.7,10
0.0076755973287965,0.0009056161797483704,0.0002959978773849335,-0.0076187576668426,20.278509679866364,0.0084,0.7,10
0.0090719347246714,0.0044222275783995,0.0618162224342937,0.0513454508920023,21.083048419775334,0.0084,0.7,10
0.0093208211786694,0.0053446991313101,0.4093324368946063,0.1814001143051226,17.63953097719557,0.0084,0.7,10
0.0093268337935014,0.0054476946405921,0.4570966157948324,0.18893313068381,17.297010755669486,0.0084,0.7,10
0.0093817976340693,0.0056754077955173,0.5582840297321644,0.1950220443201197,16.488619292885407,0.0084,0.7,10
0.0093399620702604,0.0055686846495719,0.511716293644482,0.1941912996163601,16.898083495820444,0.0084,0.7,10
0.0093242128650218,0.005826309718526,0.6214502417783451,0.196018951927538,16.24620717906774,0.0084,0.7,10
0.0092436607106292,0.0052609259872734,0.3775877959152199,0.1783465191115889,18.04837425651252,0.0084,0.7,10
0.0091159809385781,0.0045646409597951,0.1010147683441547,0.0761077415603408,20.576355118276865,0.0084,0.7,10
0.0090518202223522,0.0045089794967816,0.0954001801807439,0.0744914541277236,20.775013623993438,0.0084,0.7,10
0.0091604651596437,0.0052155154126088,0.365333491283307,0.1787918117588358,18.33960531506671,0.0084,0.7,10
0.0091933515607452,0.0048849673472653,0.2148645366833204,0.1304778101931061,19.384256757856004,0.0084,0.7,10
0.0091656329665476,0.0049993554385662,0.2694415190847409,0.1518618998800351,19.0081279189521,0.0084,0.7,10
0.0091539913965825,0.0051048650793884,0.3173559644174601,0.1670578688508943,18.691934968723213,0.0084,0.7,10
0.0091528406492191,0.0047180107453513,0.1523415123336817,0.1034727464934573,20.01483883569779,0.0084,0.7,10
0.0090892035629412,0.0046636553685262,0.1438814104655278,0.1012977302897977,20.238204177785253,0.0084,0.7,10
0.0091225156434986,0.0048286440408338,0.2034920954478486,0.1284168356637382,19.637368095155804,0.0084,0.7,10
0.0090580093875571,0.0072283408356651,0.8613872178885945,0.036400800964232,15.429060787062598,0.0084,0.7,10
0.009159575626476,0.0070143373911206,0.8760239652787712,0.0686077167435865,15.171900505226864,0.0084,0.7,10
0.0090419788311528,0.0070971321543091,0.8594816214631843,0.0580506040984022,15.49196392632864,0.0084,0.7,10
0.0093185577975017,0.005985147900939,0.6819363494675371,0.1900166009418519,15.916353585064453,0.0084,0.7,10
0.0093214311285904,0.0060915785191725,0.7191866820361847,0.1833242603045867,15.680350897517078,0.0084,0.7,10
0.0092702821995578,0.0064061575693073,0.8053118651285757,0.1543165733412782,15.314066975973946,0.0084,0.7,10
0.0092855062924116,0.0061895932685568,0.7474859210459507,0.1761167032191432,15.61880021643809,0.0084,0.7,10
0.0092520253745997,0.0062923664231371,0.7741017449141894,0.1667908143563621,15.540971323565788,0.0084,0.7,10
0.0092088243954922,0.0059271249744001,0.6556375711795598,0.1946006996767443,16.355948192393097,0.0084,0.7,10
0.0091471881876138,0.0068859645005887,0.8659198405599159,0.0893444783848096,15.235483904921637,0.0084,0.7,10
0.0091311140009433,0.0067574881705179,0.8502144804107337,0.1091437445053831,15.38385971361666,0.0084,0.7,10
0.0091664112416359,0.0065137347183006,0.8162484273430809,0.1423066232857842,15.520341407403224,0.0084,0.7,10
0.0091323131273297,0.006636370824663,0.833417611573864,0.1264340481291176,15.4959854445064,0.0084,0.7,10
0.0089924542225568,0.0042252978716467,0.0227948878074633,0.0217276785684527,21.73248666829832,0.0084,0.7,10
0.0090036463015095,0.0041963549970754,0.0128363744433074,0.0125122594168517,21.806288617742297,0.0084,0.7,10
0.0089349532077925,0.004166933132912,0.0212192402614466,0.0209874475792542,21.87686870555717,0.0084,0.7,10
0.008946781322124,0.0041384307006231,0.0119523107943961,0.0120973801217813,21.949737238542173,0.0084,0.7,10
0.0090195564712281,0.00429667003322,0.0358556860396853,0.0325122421813687,21.471945845121848,0.0084,0.7,10
0.0090099041414086,0.0043662121749588,0.0584425046060098,0.0502739336046077,21.25413496823045,0.0084,0.7,10
0.0063806113893023,0.0114786679419414,0.0216388396651923,-0.0390495106350825,19.734446341890244,0.0084,0.7,10
0.0062544615768101,0.0114703445656051,0.0212378213293402,-0.0390632455000738,19.67999746052188,0.0084,0.7,10
0.0061213035575443,0.0114539489350772,0.020838471560959,-0.0387095922832466,19.627777503380084,0.0084,0.7,10
0.0059990947973277,0.0114411525483362,0.0201126033954443,-0.0381313797807599,19.57279234593593,0.0084,0.7,10
0.0041498378582388,0.0110157372113027,-0.0003728585316211052,-0.0023395699127114,18.257973857474155,0.0084,0.7,10
0.004106821171538,0.0109556051617583,-0.0002310240880188017,-0.0011853482818331,18.147868195292155,0.0084,0.7,10
0.00468309761478,0.0113243000044822,0.0021821366068051,-0.0200103556731155,18.93431958679156,0.0084,0.7,10
0.0047635996448509,0.0113601385160849,0.0028927373984931,-0.0222672766410088,19.00481771407319,0.0084,0.7,10
0.0048704852018837,0.0113552203927352,0.0045611222975312,-0.0243613291410568,19.05093715498091,0.0084,0.7,10
0.0045570209167352,0.0112037754549398,0.0017447432151924,-0.01535438831926,18.778362842520863,0.0084,0.7,10
0.004666621010023,0.0112360777509228,0.0030520716294715,-0.0183070797198388,18.87267898214652,0.0084,0.7,10
0.0041856858196411,0.0110193603280863,-0.00040338173505078057,-0.0034838505051774,18.30634289562304,0.0084,0.7,10
0.004250342680073,0.0110459491081352,-0.00029417028719582144,-0.005513883698412,18.39364435512627,0.0084,0.7,10
0.0043368680112701,0.0110680607667725,0.00021873498701999847,-0.0080909473902766,18.497010713180483,0.0084,0.7,10
0.0044361405543536,0.011093735102667,0.0011767484873275,-0.0108981963557822,18.600797627992065,0.0084,0.7,10
0.0045473637012796,0.0111132280428376,0.0027019727782291,-0.0136952657240149,18.70584075806535,0.0084,0.7,10
0.0049824306743157,0.0114157463686037,0.0052902750281928,-0.0272814083869166,19.141972124999864,0.0084,0.7,10
0.0050812870023447,0.0115043931010257,0.0051215373298571,-0.0301817665288312,19.230482782631984,0.0084,0.7,10
0.0052271822336463,0.0114728222179148,0.0079061269649996,-0.0318350755797275,19.273729872760256,0.0084,0.7,10
0.0049844643695365,0.0112907438718717,0.0078804094968175,-0.0251289786609416,19.090062383599072,0.0084,0.7,10
0.0058730935349044,0.0114176325173498,0.0195326824700126,-0.0371718930600176,19.525719167575517,0.0084,0.7,10
0.0053772453160385,0.0114536476232691,0.0107517957866043,-0.0333572277341201,19.33510749792633,0.0084,0.7,10
0.0057544985234955,0.0114015217190001,0.0184982439278373,-0.0361018950304988,19.47334349379396,0.0084,0.7,10
0.0055377470518383,0.011437783711249,0.013777340007569,-0.0348154538640973,19.389954511727925,0.0084,0.7,10
0.0056509001647581,0.0113795299884597,0.0177549593643366,-0.034869874324157,19.421095762486026,0.0084,0.7,10
0.0075631188768721,0.0107326883522131,0.0605132314873765,-0.0432133203543705,20.12666113386285,0.0084,0.7,10
0.0075799347142918,0.0106178210240613,0.0725111622237363,-0.0474085627760523,20.095747566883592,0.0084,0.7,10
0.007149478738286,0.0110076173279613,0.0467579012041916,-0.0382269646982082,19.955878152267072,0.0084,0.7,10
0.0069263713010826,0.0111743713512868,0.0377285578951583,-0.0373020766707841,19.89743542361012,0.0084,0.7,10
0.0068284672768681,0.0112034039185885,0.036545488678553,-0.0375516503199029,19.84074128521272,0.0084,0.7,10
0.0070396673133793,0.0110357970805537,0.0462571987949847,-0.0382513182344671,19.89758877761844,0.0084,0.7,10
0.0069462230838025,0.0110763490366501,0.0442690326983935,-0.0380584736553628,19.871961599520372,0.0084,0.7,10
0.0074610887661591,0.0107632405472553,0.0608691214427322,-0.0427067940235784,20.068067706263708,0.0084,0.7,10
0.0073579274518063,0.0107974602305577,0.0604916387903773,-0.0420367628071165,20.01444139531978,0.0084,0.7,10
0.0072548354991765,0.0108355919817146,0.0593705554753299,-0.0412729165963325,19.96735653336334,0.0084,0.7,10
0.0071507752184358,0.0108748275280705,0.0578340355627938,-0.0405201016904144,19.921919190910675,0.0084,0.7,10
0.0076015288970832,0.0105023474352746,0.0859997886283041,-0.0518238261564517,20.058055514985952,0.0084,0.7,10
0.0076251425529774,0.010384287916854,0.1014341627305198,-0.0564909132330554,20.007278410526396,0.0084,0.7,10
0.0064557327987915,0.0113611690831782,0.0276028132556256,-0.0384064905727701,19.729119276286383,0.0084,0.7,10
0.0066491660132912,0.0112556727783619,0.0337983592665042,-0.0379270601601945,19.79525312759986,0.0084,0.7,10
0.006734781406482,0.0111614346701429,0.0396261326829366,-0.0379385996907271,19.79780054759305,0.0084,0.7,10
0.00652705839642,0.0112375701888242,0.034715472208475,-0.0379569570358086,19.727406888193016,0.0084,0.7,10
0.0086946243606481,0.0086372303338406,0.5356064829581765,-0.1214060900208219,17.60902221611997,0.0084,0.7,10
0.0085860704511626,0.0086997476123771,0.5100672791757175,-0.1183624532724629,17.84222389942177,0.0084,0.7,10
0.0084922041587622,0.0087814769576236,0.480433222123569,-0.1164687883078783,18.09211660576988,0.0084,0.7,10
0.0086872353215861,0.0085151967496882,0.5732429487226831,-0.1132185500222658,17.41740071570226,0.0084,0.7,10
0.0076456538353252,0.0102582149765395,0.120026083475112,-0.0614694889475106,19.945385697547405,0.0084,0.7,10
0.0076667928920629,0.0101297660758593,0.1410143211943424,-0.0664229929580633,19.86784461468069,0.0084,0.7,10
0.007793665449442,0.009973928123109,0.1659477323006762,-0.0750610276343721,19.80383186590084,0.0084,0.7,10
0.0076884472615301,0.0099989893838124,0.164460111564367,-0.0711842314264466,19.77803446859813,0.0084,0.7,10
0.0084028927556007,0.0088736612910981,0.4489251475793205,-0.1144871624246,18.317165637904377,0.0084,0.7,10
0.0079201093361654,0.0098213188512759,0.1937493096214022,-0.0842195211521713,19.70461457140092,0.0084,0.7,10
0.007948496350017,0.0096920422041654,0.2225909008431656,-0.0892663879465045,19.570011288359765,0.0084,0.7,10
0.007816663142643,0.009842849052953,0.1923594431155679,-0.0800381814805345,19.691122532936365,0.0084,0.7,10
0.0083139796610839,0.008968192333718,0.4180177773150945,-0.1117788450637666,18.528539160327195,0.0084,0.7,10
0.0079853018924402,0.0095641938392908,0.2527809408361418,-0.093853829364622,19.443462775705346,0.0084,0.7,10
0.0082221939031217,0.0090588058029661,0.3895922573025888,-0.1080741217081166,18.717842638772087,0.0084,0.7,10
0.0081322376105067,0.009145477683728,0.3636899414231603,-0.1038740521686248,18.879120724080497,0.0084,0.7,10
0.0080209215833185,0.0094344803861551,0.2854796312588508,-0.097621019188728,19.28032027035871,0.0084,0.7,10
0.0080665852355012,0.0093259407859047,0.3138342255107682,-0.1008145993470439,19.140287385548376,0.0084,0.7,10
0.0080438578992391,0.0092242817304222,0.3411940243731914,-0.0993267604017054,19.030237293640752,0.0084,0.7,10
0.0089693772487998,0.0079785462609102,0.7486167979477583,-0.0741057877507149,16.11541931157058,0.0084,0.7,10
0.0088688321694385,0.0080821157859968,0.711389176003204,-0.0819391106631183,16.45781277435597,0.0084,0.7,10
0.0090488891860792,0.0077390149358545,0.8085001326424477,-0.0443595261104763,15.673124487977786,0.0084,0.7,10
0.0089419845179044,0.0078350682490843,0.7753813155834485,-0.0534550305628802,16.03935099315399,0.0084,0.7,10
0.0090187993377274,0.0075979091096747,0.8255934481040691,-0.0216223971378066,15.654202759020349,0.0084,0.7,10
0.0089869612286627,0.0074559693961476,0.8365315080564403,0.0019376258542427,15.67338098241983,0.0084,0.7,10
0.0089541990244376,0.0073154042835563,0.8413567292087034,0.0254377454863619,15.71504100611771,0.0084,0.7,10
0.0087812299427209,0.0081874951462721,0.6747488567211527,-0.0891258860092538,16.761552554337822,0.0084,0.7,10
0.0086848243013299,0.0083850266549184,0.6113940297625228,-0.1027818378343436,17.21495544038721,0.0084,0.7,10
0.0087019164465623,0.0082701737498693,0.644597798618008,-0.0930382505136734,17.049623526249636,0.0084,0.7,10
0.0077387349497647,0.0011441163804996,1.6586466910985783e-05,-0.003976056093365,20.418205477384973,0.0084,0.7,10
0.0077644834832511,0.0011999436399797,-1.1612833239153997e-05,-0.0023683056232324,20.465056080531724,0.0084,0.7,10
0.0077371082858314,0.0012171264047774,-4.60427293455653e-05,-0.0041263684135153,20.47934021589711,0.0084,0.7,10
0.007764610839373,0.0012810859038156,-5.502922578185153e-05,-0.0024487147815343,20.533828032196883,0.0084,0.7,10
0.0077119298888609,0.0010601322554038,9.311320590181742e-05,-0.0055681203355829,20.366315163357125,0.0084,0.7,10
0.0077077376245667,0.0011322224044601,1.4244125775852122e-05,-0.0058369904306196,20.418116977529607,0.0084,0.7,10
0.0076720244520112,0.0010191077011921,0.00013733089754398747,-0.0078028294162644,20.348036701433237,0.0084,0.7,10
0.007633672661663,0.0009680242888025473,0.0001965405591750995,-0.0097909095213702,20.32390800687025,0.0084,0.7,10
0.0076102272237364,0.0009038253923395428,0.00028582858817452185,-0.0109074729568339,20.2939694027661,0.0084,0.7,10
0.0089850778411645,0.0044521254472008,0.0906981289609985,0.0733242832071353,20.95225365660277,0.0084,0.7,10
0.0092324204634139,0.0053870176146291,0.4356158134398375,0.1893115848493807,17.644932641611774,0.0084,0.7,10
0.0092290836983468,0.0055214145301133,0.4947767490640049,0.1964170134392245,17.28691827070003,0.0084,0.7,10
0.0092431045995484,0.0056761295789755,0.5596697172015661,0.1992592182305793,16.84242209652078,0.0084,0.7,10
0.0091913803970456,0.0058091285126219,0.6117023768243517,0.1987893131301809,16.633710903274643,0.0084,0.7,10
0.0091048904148837,0.005862077403182,0.628412494727545,0.1985318247160929,16.666490045207173,0.0084,0.7,10
0.0091501797608243,0.0053222034425896,0.4129364429993824,0.188609391788855,18.006966205811214,0.0084,0.7,10
0.0090876322131178,0.0052635331127537,0.3925595430070674,0.1870605545879907,18.28210405969398,0.0084,0.7,10
0.0090201332261997,0.004606629828657,0.1364452398395928,0.099575907927885,20.43728253741631,0.0084,0.7,10
0.0089551959863888,0.0045492254308192,0.1289204652549211,0.0974105091899148,20.63836231759775,0.0084,0.7,10
0.0090595249218444,0.0051676813387971,0.3546888467618178,0.1800471655075273,18.6050799392818,0.0084,0.7,10
0.009015771788328,0.0052555723317147,0.3948168389896541,0.1896528055245424,18.40336495231169,0.0084,0.7,10
0.0090922300353753,0.0049426560023043,0.2560172462378269,0.150024507719908,19.27021338987798,0.0084,0.7,10
0.009072115312653,0.0050444691529491,0.3015047971047742,0.1655336953453328,18.970935007126727,0.0084,0.7,10
0.0090539346294212,0.0047721205527244,0.1927221393159991,0.1261847120070711,19.864150909592265,0.0084,0.7,10
0.0089862368874514,0.0047144549895347,0.1823666060879737,0.1237995507604186,20.081192294042584,0.0084,0.7,10
0.0090228842316031,0.0048833491651142,0.2420561124848398,0.1473847768855618,19.525741137741733,0.0084,0.7,10
0.0089185021319376,0.0071703044390319,0.8400556675714623,0.0496375255672912,15.77809856976744,0.0084,0.7,10
0.0090374609381986,0.0069611288953477,0.8540087992456337,0.0797358858087402,15.53769385643379,0.0084,0.7,10
0.008931142682115,0.0070381868461583,0.840707454375185,0.0701041575181516,15.786339626336806,0.0084,0.7,10
0.0092107651604924,0.0060777870500988,0.7070366287558307,0.1858592936922692,16.04997046572694,0.0084,0.7,10
0.0091631118612625,0.0063560343147284,0.7811826782865879,0.1610161026798687,15.717072985663576,0.0084,0.7,10
0.0091713956728684,0.006223416332931,0.7474520701130672,0.1743305393941116,15.912588793992322,0.0084,0.7,10
0.0091030628985849,0.0060015934775531,0.6752968709263318,0.1918381447302919,16.426021394005087,0.0084,0.7,10
0.0090331912456956,0.0068283128918079,0.8433604528715449,0.1001539338563312,15.602332962967326,0.0084,0.7,10
0.0090333622204614,0.0066959293064856,0.828290786366137,0.1193569531921904,15.699012342377754,0.0084,0.7,10
0.0090549159995708,0.0064226370103723,0.7839124195716279,0.1543976279802972,15.906602925105163,0.0084,0.7,10
0.0090428815221532,0.0065645962843599,0.8096655823055271,0.1369654155510206,15.785692059404534,0.0084,0.7,10
0.0088796559773455,0.0041088330400584,0.0197788159729321,0.0202891735682225,21.98258519831994,0.0084,0.7,10
0.0088910319852797,0.004079430367597,0.0111152669061497,0.0116825328720162,22.061388190781457,0.0084,0.7,10
0.0088242168686252,0.0040484958600151,0.0183961816530888,0.0195503648917117,22.11500019750323,0.0084,0.7,10
0.0088364228916161,0.0040193713052918,0.0103018264153255,0.0112270516232746,22.18967358699693,0.0084,0.7,10
0.0089598567549899,0.0042398632677438,0.0339535304373563,0.0318865403250411,21.617267503283077,0.0084,0.7,10
0.0088991570406661,0.0041806586843838,0.0322105564248916,0.031339365105967,21.75762898985741,0.0084,0.7,10
0.008948876888654,0.0043091594852797,0.0552011691849019,0.0491860508775396,21.41023996980317,0.0084,0.7,10
0.008922548427348,0.0043942539803318,0.0855528426091376,0.0715937122621259,21.117264717206947,0.0084,0.7,10
0.0063301027584452,0.0113443414016962,0.0277746796241883,-0.0382606898145195,19.67940256349371,0.0084,0.7,10
0.004129207273199,0.0109378761371733,-0.0002785439573513091,-0.0018497803714696,18.159362545361308,0.0084,0.7,10
0.0040860677099399,0.0108771300868569,-0.0001656664353157362,-0.0008897957465365182,18.043489700888703,0.0084,0.7,10
0.006200843529469,0.0113275640563127,0.0275600218653736,-0.0377510614878102,19.62539142144145,0.0084,0.7,10
0.0060665608278286,0.0113143468298554,0.0267490060849768,-0.0369678538802738,19.566297913273733,0.0084,0.7,10
0.0059387972110331,0.0113047606775917,0.0255110127369658,-0.0360150362676404,19.515282475384197,0.0084,0.7,10
0.0041669937346118,0.0109417013183511,-0.0002461676743180159,-0.0028252138900869,18.21235440492359,0.0084,0.7,10
0.0047798255802602,0.0112650197995941,0.0045236324653197,-0.0211178270339262,18.95869916636264,0.0084,0.7,10
0.0048861533177146,0.0112458553444467,0.0069454731471747,-0.0226336433050516,19.001555296437523,0.0084,0.7,10
0.0046502706300291,0.0111400370813154,0.0042164379300323,-0.0162608611181137,18.79458856138828,0.0084,0.7,10
0.0047299644075805,0.0111737555836993,0.0052310800803562,-0.0184187676757623,18.871604712324384,0.0084,0.7,10
0.0042314385316474,0.0109645723290842,-2.749291055420964e-05,-0.0045245928014616,18.30051226794227,0.0084,0.7,10
0.0043207073341805,0.0109844287600179,0.0006911161662607987,-0.0067831199743833,18.411296086399396,0.0084,0.7,10
0.0046373375851666,0.0110525303250691,0.0055598087379738,-0.0141603016876993,18.737113582510705,0.0084,0.7,10
0.004418252776768,0.0110059237711723,0.0018849909682788,-0.0091619650255351,18.520933473042778,0.0084,0.7,10
0.0045261728290622,0.0110272308476499,0.0035950752860917,-0.0116450099441409,18.630720642346287,0.0084,0.7,10
0.0051222885360543,0.0113484205678736,0.0091113118583143,-0.0283012700885276,19.17737257748664,0.0084,0.7,10
0.0052850119763874,0.0113342317133587,0.0126503050438044,-0.0301504353528856,19.24293728544271,0.0084,0.7,10
0.0049631567938272,0.0111699436871647,0.0104930091648568,-0.0221812222345786,19.00422576947776,0.0084,0.7,10
0.0050815911800073,0.0112078341678561,0.0121807695577509,-0.0247672160363345,19.09422715173068,0.0084,0.7,10
0.0058175045087575,0.0112925772329905,0.0241902661822309,-0.0348876281429883,19.462412895917875,0.0084,0.7,10
0.005429155982064,0.0113142282528136,0.0161509837847884,-0.0314677354189556,19.304276972922324,0.0084,0.7,10
0.0057005391411896,0.0112808530484382,0.0226841753548037,-0.0336199098872208,19.40180124407653,0.0084,0.7,10
0.0055697667703091,0.011272740577435,0.0205120910135897,-0.0321666324577194,19.348865102927444,0.0084,0.7,10
0.0074727656974569,0.0106432620591821,0.07331734276279,-0.0465185138931088,20.03488237466805,0.0084,0.7,10
0.0074902394249624,0.0105246958496211,0.087037978954493,-0.0504273440079936,19.99692383786959,0.0084,0.7,10
0.0070443419597411,0.0109135135697094,0.0560838989343029,-0.0398211454422117,19.87502054514562,0.0084,0.7,10
0.0068358563958842,0.0110746409662227,0.0452185302754492,-0.0382504874246009,19.819967261201416,0.0084,0.7,10
0.0069230262122877,0.0109575157492584,0.0536949849058537,-0.0391663986355754,19.832775197861903,0.0084,0.7,10
0.0073643956578917,0.0106717618115664,0.0733301410140234,-0.045418348184729,19.979895662646104,0.0084,0.7,10
0.0070498148538623,0.0107823919141131,0.0680617296762682,-0.0415882405463832,19.849644054427436,0.0084,0.7,10
0.0072579277125187,0.0107057039736655,0.0722537142742834,-0.0441444470433481,19.930828094579624,0.0084,0.7,10
0.0071526203262028,0.0107423570617163,0.0705053432902208,-0.0428502232603668,19.88751933864232,0.0084,0.7,10
0.0075117182516891,0.0104049062601802,0.1024457694775275,-0.0545011330622444,19.952214060509423,0.0084,0.7,10
0.0075359358045013,0.0102836177271773,0.1197002231390464,-0.0586916758921498,19.89715226788616,0.0084,0.7,10
0.0064063189111302,0.0112250888991202,0.0349144535511239,-0.0376487641599605,19.67945924711488,0.0084,0.7,10
0.0066055151305335,0.0110953929577435,0.044124276994603,-0.0377902675157147,19.732039825559703,0.0084,0.7,10
0.0067062563236406,0.0110171404527981,0.0499262794957921,-0.0381386571028519,19.75272705584777,0.0084,0.7,10
0.0064757959672035,0.0111133188013934,0.042467960989333,-0.0372864176476874,19.683785874557174,0.0084,0.7,10
0.0065225417980215,0.011020905679372,0.0493175631354731,-0.0371209452114394,19.673024956759654,0.0084,0.7,10
0.0085718275243229,0.0085733490775191,0.5478500368443607,-0.1101769795441938,17.669606079296898,0.0084,0.7,10
0.0084612326208484,0.0086440357508246,0.5201354641055075,-0.1075922280966385,17.91326176064828,0.0084,0.7,10
0.0083585992656776,0.0087379373273204,0.4873082081799717,-0.1060590656841778,18.1539544932497,0.0084,0.7,10
0.0085619321715039,0.0084401562923368,0.5855988396217596,-0.0998048970826635,17.50035160227146,0.0084,0.7,10
0.0075575258183886,0.0101552422477714,0.1399904420262845,-0.0629720349037482,19.83080078542668,0.0084,0.7,10
0.0075801645836955,0.0100248717806701,0.1625432989067779,-0.0670934654456532,19.75136209409907,0.0084,0.7,10
0.0077111536187374,0.0098665499746474,0.1902310434845619,-0.0755741542947512,19.676685965726023,0.0084,0.7,10
0.0076033234408539,0.0098920645689867,0.187470764741977,-0.0708934296737644,19.66078244163036,0.0084,0.7,10
0.0082687179502229,0.0088376411132166,0.4545704085447428,-0.104641020333589,18.36978752705534,0.0084,0.7,10
0.0082201540211367,0.0087049234554544,0.4892115312738613,-0.0949802386165271,18.24567852718967,0.0084,0.7,10
0.0078423477100934,0.0097113406032411,0.2207796541311962,-0.0844741528190359,19.567904099790116,0.0084,0.7,10
0.0078714293226521,0.0095792592929372,0.2510951881296579,-0.0882932025706225,19.44009982958488,0.0084,0.7,10
0.0077354302119551,0.0097331145722212,0.2181078419734322,-0.0794353347153665,19.564672811680968,0.0084,0.7,10
0.0081805508094758,0.0089319765106362,0.4246459601826105,-0.1022435850544666,18.56689791057557,0.0084,0.7,10
0.0079015452876395,0.0094446489903733,0.2838099219010091,-0.0912885576562042,19.280522512333565,0.0084,0.7,10
0.0080946289852967,0.0090232140156853,0.3968432786486011,-0.0992135671461705,18.73490279240053,0.0084,0.7,10
0.008014510933281,0.0091105311980323,0.371386314596205,-0.0959464872462683,18.873744025215505,0.0084,0.7,10
0.0079398052941974,0.0093058080523145,0.3191032497805883,-0.0936156145083383,19.12676756441485,0.0084,0.7,10
0.0079493824861105,0.0091834125067304,0.3509612644950365,-0.0929744574556764,18.98912687375407,0.0084,0.7,10
0.0087292938511232,0.0080620678821655,0.6994635564984889,-0.0718970898524036,16.725700086846498,0.0084,0.7,10
0.0088071297387812,0.0079341079574662,0.7373387627457854,-0.0601767183249104,16.43411660801107,0.0084,0.7,10
0.0089156951471437,0.0076914720727109,0.7965095891685449,-0.0314919078114948,15.980083581325362,0.0084,0.7,10
0.0088105761123461,0.0077796358187805,0.7670444263207891,-0.0392831932010089,16.27693370244344,0.0084,0.7,10
0.0088859606237099,0.0075520818831905,0.8108007251230268,-0.0092257025732644,15.960001599538709,0.0084,0.7,10
0.0088392593565216,0.0074091527921142,0.81734755264954,0.0146496113174581,16.002905312493606,0.0084,0.7,10
0.0088271266068477,0.0072719123809888,0.8232290627414046,0.0364629879256501,16.029379809182917,0.0084,0.7,10
0.0086483700565007,0.0081734211460141,0.6638042046930059,-0.0798786897607157,17.00956461413152,0.0084,0.7,10
0.0085701865566777,0.0082875532571334,0.6273076297215378,-0.0868365452273303,17.306162228258568,0.0084,0.7,10
0.0077386476549651,0.001298114121043,-0.00011538017582345907,-0.0041531464994402,20.547892987898503,0.0084,0.7,10
0.007766489372352,0.0013622304661651,-0.00010047779640562384,-0.0025028100550433,20.611625954316263,0.0084,0.7,10
0.007741794556113,0.0013774098456092,-0.00018144429498128065,-0.0041447042683376,20.623162011147603,0.0084,0.7,10
0.0077700478710424,0.0014433239199652,-0.0001449001394720107,-0.0025280485809139,20.694038398316444,0.0084,0.7,10
0.0077457332929689,0.0014585495236609,-0.0002471845960644584,-0.0041538786475502,20.70415574111495,0.0084,0.7,10
0.0077752625402225,0.0015243302300184,-0.00018843091333389529,-0.0025241846216036,20.78072950529656,0.0084,0.7,10
0.007748871116134,0.0015398777403424,-0.0003211739021261772,-0.0042731791844413,20.789334031455805,0.0084,0.7,10
0.0077821029795652,0.0016052162681952,-0.00022808768728436703,-0.0024921311646497,20.873660884442707,0.0084,0.7,10
0.007704754257981,0.0012072861056546,-7.32032582823353e-05,-0.0060839904462555,20.477730254376524,0.0084,0.7,10
0.0077062616747771,0.001286759621762,-0.0001646355639106375,-0.0061221374651422,20.5423920252565,0.0084,0.7,10
0.0076601931974198,0.0010916602958354,2.4302492146125717e-05,-0.0084975419280793,20.393366907859416,0.0084,0.7,10
0.0076511000568571,0.0011676493757377,-9.285345512785858e-05,-0.0090869260971086,20.450779087854546,0.0084,0.7,10
0.0076017848004244,0.001040630430157,4.037352079523527e-05,-0.011483615362898,20.368958413009377,0.0084,0.7,10
0.0075560034324641,0.0009782273723566955,7.885516704440243e-05,-0.0135940823629642,20.338903570444455,0.0084,0.7,10
0.0075127259301755,0.0009050824124559406,0.0001266166177887652,-0.0154057188913925,20.304679072178804,0.0084,0.7,10
0.0088924324268612,0.004488510576559,0.1207891791865219,0.0945371674513676,20.807176268463845,0.0084,0.7,10
0.0091354109718143,0.005448958321864,0.467776446709447,0.1967260192126956,17.685603381716007,0.0084,0.7,10
0.009130682931567,0.0055967509634653,0.5285921617731729,0.2012041876532237,17.283956473578574,0.0084,0.7,10
0.0090059830931824,0.0059272010939415,0.6459955338353726,0.1967156503434924,16.803804287272325,0.0084,0.7,10
0.0090970464484124,0.0057344355308348,0.5818760718863628,0.2019205844190254,17.045184842902998,0.0084,0.7,10
0.0090153201123092,0.0058252526698793,0.6124742349826929,0.200785773407669,16.998873236825688,0.0084,0.7,10
0.0090423088114949,0.0053551944744625,0.433823729390378,0.1952964519945586,18.079655578597144,0.0084,0.7,10
0.0089177867491823,0.0046609792174279,0.1746225766828986,0.122310271423212,20.270285151486917,0.0084,0.7,10
0.00885444069479,0.0045940027218953,0.1621997588746642,0.1180229793194694,20.470017726797668,0.0084,0.7,10
0.0089467456599095,0.0053079102106674,0.4203312062162573,0.1956534623669368,18.376869362956004,0.0084,0.7,10
0.0089515258903427,0.0052002847104758,0.3775096364565509,0.188143193635496,18.6720430198115,0.0084,0.7,10
0.0089762297752653,0.0050890487120947,0.3307482966132193,0.1767683093874286,18.914937285065616,0.0084,0.7,10
0.0090006667377846,0.0049832980078496,0.2853243814553619,0.1630379191661311,19.228025596736934,0.0084,0.7,10
0.0089538783655411,0.0048228737304771,0.2286758954505131,0.1445700322562192,19.749086179385102,0.0084,0.7,10
0.0088847455385666,0.0047627521411624,0.2165646593040433,0.141852259452838,19.957709961628925,0.0084,0.7,10
0.0089372545066825,0.0049191983911765,0.2681554975056959,0.1593994691620184,19.50146135489882,0.0084,0.7,10
0.0088030096528459,0.0071636222101416,0.8219615712032479,0.0538339741173548,16.074031961092018,0.0084,0.7,10
0.0088410639161995,0.0070851223849168,0.8276304797871565,0.0649051838741813,16.03713601618593,0.0084,0.7,10
0.0089257764674827,0.0069033176447799,0.8333610473654723,0.0908385753793464,15.872186844292084,0.0084,0.7,10
0.0088245676869319,0.0069816938645377,0.8223710209614371,0.0809702960007737,16.072963729073418,0.0084,0.7,10
0.0090822717349108,0.006138504667212,0.7156366242270612,0.1823144007308602,16.256568147062804,0.0084,0.7,10
0.0090636405972706,0.0062778939789702,0.7515094546905722,0.1699928474304264,16.088261685463596,0.0084,0.7,10
0.0089954801964399,0.0060599855729034,0.686298981838995,0.1888489381156992,16.598479342142486,0.0084,0.7,10
0.0089605061405287,0.0063374102168981,0.7549919596830276,0.1644219966796492,16.250077858981314,0.0084,0.7,10
0.0089287705783035,0.0067660103935467,0.8218484340586335,0.1108228906777222,15.931894224445978,0.0084,0.7,10
0.0089319028326813,0.0066227973010729,0.8043394837851926,0.1304633756383472,16.0307649394766,0.0084,0.7,10
0.0089432265165995,0.0064795424373461,0.7820350138599417,0.148478704989028,16.144050045927827,0.0084,0.7,10
0.0087693219753302,0.0039864489494854,0.0170440146288179,0.0188005554147804,22.20925816388732,0.0084,0.7,10
0.0087829793827622,0.003958271250277,0.0095085670831629,0.0107611743095823,22.277870971357977,0.0084,0.7,10
0.0088333036009889,0.0041195091234881,0.0315520429797002,0.0318142070620959,21.891321810442875,0.0084,0.7,10
0.0087892891225526,0.0040610945783491,0.0276993731509538,0.0289506209451771,21.993430864810133,0.0084,0.7,10
0.0088887563083333,0.0042510031556242,0.0520884251420116,0.0480333493428394,21.55228444102922,0.0084,0.7,10
0.0088317373725301,0.0041899504588879,0.048217783236749,0.0460919921693818,21.68788237528784,0.0084,0.7,10
0.008860955538368,0.0043354992531703,0.0806587978895784,0.0697906828051792,21.26932118365016,0.0084,0.7,10
0.0088296587598253,0.0044310235142574,0.1144943586639724,0.0924426081304817,20.9723018091897,0.0084,0.7,10
0.0062822964631462,0.0112043708070397,0.035176579451739,-0.0369481233261931,19.62340193752442,0.0084,0.7,10
0.0041075213091149,0.0108579116216001,-0.00015185428548594225,-0.0013375780869163,18.056168144848357,0.0084,0.7,10
0.0040638178757162,0.0107990656228097,-7.830654166629795e-05,-0.0005642616960746063,17.942452460083224,0.0084,0.7,10
0.0041480400599463,0.0108641725325535,-3.772863361456004e-05,-0.002117144340823,18.117281830175383,0.0084,0.7,10
0.006142776473435,0.0111709469484209,0.0355896314027492,-0.0356516052287256,19.561881189008638,0.0084,0.7,10
0.0059989773978488,0.0111837982401178,0.032792014265734,-0.0346439170125531,19.510021696756212,0.0084,0.7,10
0.0058775522848653,0.0111790566786235,0.0309875101840385,-0.0334488384260564,19.45357521858881,0.0084,0.7,10
0.0042097767121912,0.0108841578135206,0.0002901382012890883,-0.003413524498991,18.20649055327303,0.0084,0.7,10
0.0048323993496296,0.0111450835641036,0.0080151379403921,-0.0195899418577957,18.92004398466537,0.0084,0.7,10
0.0047348042408414,0.0110864090152124,0.0071080809308255,-0.0166024282944686,18.827300065126558,0.0084,0.7,10
0.0042975024429026,0.0109026717606506,0.0011850444325948,-0.0052128323044573,18.32343414942669,0.0084,0.7,10
0.0047114997983593,0.0109893779600392,0.0089269609743596,-0.0137336674450461,18.756701560890694,0.0084,0.7,10
0.0043992812104291,0.0109210314419885,0.002722004322083,-0.0072524861052517,18.44188876043768,0.0084,0.7,10
0.0046190082530965,0.0109607739841707,0.0071424475570931,-0.011609389023913,18.665364850826617,0.0084,0.7,10
0.0045099672271094,0.0109392375652575,0.0048436334529495,-0.0094136442071409,18.559971349397586,0.0084,0.7,10
0.0053401396466166,0.0112031041985283,0.0183759124659669,-0.028036078424219,19.218473504788665,0.0084,0.7,10
0.0052140566120548,0.0112131720799448,0.0150578285155281,-0.0266890604061587,19.16689192996532,0.0084,0.7,10
0.0049405626718575,0.0110540633470072,0.0133900492445931,-0.0188701144999788,18.93741883556197,0.0084,0.7,10
0.0050575368794097,0.0110857165293457,0.0155519759668001,-0.0213549686939843,19.01685035282936,0.0084,0.7,10
0.0051587293147336,0.0111196038185822,0.0170619206025418,-0.0236174329464377,19.10320999882858,0.0084,0.7,10
0.0057609703835297,0.011171600221949,0.0291494521211783,-0.0321209463702184,19.40124678981832,0.0084,0.7,10
0.0054649916245303,0.0111838798060115,0.0221021063869916,-0.0290900251560916,19.27792195566801,0.0084,0.7,10
0.0056495323496521,0.0111671962129361,0.0270321908273183,-0.0308275279014772,19.3531283959812,0.0084,0.7,10
0.0055555017235486,0.0111457129510378,0.0259855721007663,-0.0292413203656339,19.29921587053201,0.0084,0.7,10
0.0073782437288702,0.010549779337346,0.0872065208558773,-0.0487885728737791,19.941903544714688,0.0084,0.7,10
0.0073972880521673,0.010428446641242,0.102494915576302,-0.0522347325069789,19.89975195611476,0.0084,0.7,10
0.0069536856871182,0.0108229675186595,0.065220368035562,-0.0404879508976754,19.82044198272376,0.0084,0.7,10
0.0067874958433647,0.0109298051356117,0.0567481154503388,-0.0387446200292274,19.76915043249813,0.0084,0.7,10
0.0068540495413048,0.0108491190792996,0.063554977723799,-0.0395280568526608,19.76590995349382,0.0084,0.7,10
0.0072646255817227,0.0105772848316472,0.0865978913844581,-0.0469891463360871,19.89163594287543,0.0084,0.7,10
0.0069485622492432,0.0106907536570175,0.0784414876574233,-0.0415767865995452,19.78060773444731,0.0084,0.7,10
0.0070489029572304,0.0106499318167825,0.0818370646678142,-0.0432463724445031,19.811145108705983,0.0084,0.7,10
0.0071553491365096,0.0106117990666769,0.0846154123584149,-0.0450921637788256,19.84658256026827,0.0084,0.7,10
0.0074200184924243,0.0103058461647511,0.1195239321202487,-0.055772846076215,19.85056977814345,0.0084,0.7,10
0.0074453112882649,0.010181366095647,0.1384981636308783,-0.0593536351731556,19.79271522604736,0.0084,0.7,10
0.0063648163719434,0.0110967049856209,0.0427974895347661,-0.0364760816952809,19.634333586385534,0.0084,0.7,10
0.0065987882475027,0.0109609617601258,0.0542054038429341,-0.037442693592745,19.706434781585127,0.0084,0.7,10
0.0066751007178591,0.0108806071505303,0.0610705073873913,-0.0379312411708369,19.709429659385705,0.0084,0.7,10
0.006434183437813,0.0110053138488397,0.0498972746570021,-0.036286335940966,19.631289577791986,0.0084,0.7,10
0.0065034812753328,0.0109440066922621,0.0551567661668171,-0.0365408946970707,19.644302709164837,0.0084,0.7,10
0.0084430263752174,0.0085031614291308,0.5588959813473017,-0.0970533147009202,17.75881045092233,0.0084,0.7,10
0.0083090435770581,0.0085839566988258,0.5274935972675369,-0.0937912407625375,18.00823276068805,0.0084,0.7,10
0.0084376577814181,0.0083651892139929,0.5950837027528988,-0.0854857569475005,17.579005458100536,0.0084,0.7,10
0.0074683832864706,0.0100512555749563,0.1602414570685123,-0.0628230041750572,19.724515755877785,0.0084,0.7,10
0.008166425609878,0.0085833943294722,0.5181273944757421,-0.0837645688141143,18.150565302558675,0.0084,0.7,10
0.0074925214433818,0.0099191541668579,0.1841541804935687,-0.0660268583993472,19.644629750955065,0.0084,0.7,10
0.0076274752942969,0.0097571486318222,0.2146816473604312,-0.0742103299510483,19.560287277399937,0.0084,0.7,10
0.0075171770343144,0.0097840937762522,0.2104197687581086,-0.0688049565871144,19.55359830251661,0.0084,0.7,10
0.0081341553386526,0.0088039175731286,0.4580592526131887,-0.0940225449609346,18.441554259030145,0.0084,0.7,10
0.0080852114973239,0.0086787300995375,0.4885010479124463,-0.083981968128552,18.339349028623875,0.0084,0.7,10
0.0077614568536677,0.0095993036802847,0.2478221098075553,-0.0826290610814967,19.44445859429204,0.0084,0.7,10
0.0077893263381099,0.0094647181621414,0.2793625535281112,-0.0850242227605857,19.307761626945368,0.0084,0.7,10
0.0076528228007627,0.0096215157834064,0.2437765602024288,-0.0768870791295674,19.450616214286484,0.0084,0.7,10
0.0080495092021489,0.0088987281846695,0.4290582501054468,-0.0921581922213129,18.612776847419024,0.0084,0.7,10
0.0078193802315,0.0093285130966418,0.3127160949905573,-0.0864628895766781,19.16453115267242,0.0084,0.7,10
0.0079687842430856,0.0089936049806968,0.4011759894801634,-0.0898908019483071,18.765368063848403,0.0084,0.7,10
0.0078980272945959,0.0090927097720186,0.3734567852260289,-0.0878388375097981,18.90595602841248,0.0084,0.7,10
0.0078506608131619,0.0092056023429133,0.3437682265019757,-0.0870237784920541,19.043125061050763,0.0084,0.7,10
0.0086076397612421,0.0080547379298219,0.6867779809151475,-0.0641136831368102,16.961481745744237,0.0084,0.7,10
0.0086587482921959,0.0079495249788614,0.7151002077658792,-0.0541745201150212,16.74796625840008,0.0084,0.7,10
0.008706209906711,0.0078429629634204,0.7414008169364656,-0.0427723298829562,16.600647144797847,0.0084,0.7,10
0.0087823929570559,0.0076459146902737,0.7834636340217188,-0.0187637466007191,16.262543817715226,0.0084,0.7,10
0.008676088095407,0.0077320718567802,0.7557550387009807,-0.0260861348874493,16.57043450516395,0.0084,0.7,10
0.0087449286209072,0.0073333621926564,0.807610968820377,0.0296676053793522,16.2605669591041,0.0084,0.7,10
0.0087560645441226,0.0075160812910238,0.7949821287220934,0.0015970777260277,16.266815262969157,0.0084,0.7,10
0.0087200930134714,0.0074182409292723,0.7982764734882354,0.0177029935402722,16.295272687061367,0.0084,0.7,10
0.0087006294734786,0.007218860407976,0.8056685809333112,0.0484435366075787,16.368854903506527,0.0084,0.7,10
0.0085290713365981,0.0081501198236723,0.6564875780362595,-0.0701940260685374,17.21769734649624,0.0084,0.7,10
0.0084271552198977,0.008228843545871,0.6275661662705413,-0.0719218717064039,17.458764686679455,0.0084,0.7,10
0.0077066154638368,0.0013653494659619,-0.00026022560829122094,-0.0062781452560036,20.612739659390694,0.0084,0.7,10
0.0077104870980121,0.0014470461615439,-0.0003465623802436472,-0.0062737183607805,20.690791869677664,0.0084,0.7,10
0.00771274559919,0.0015312088637626,-0.0004449149736146563,-0.0064099665848833,20.774941513877,0.0084,0.7,10
0.0077557676621517,0.0016211654070224,-0.0003805305515462717,-0.0042131345809496,20.88071028978108,0.0084,0.7,10
0.0077905404450916,0.0016859512933184,-0.0002633708021248855,-0.0024316515609716,20.968856574145235,0.0084,0.7,10
0.0077183098597255,0.0016130920917767,-0.0005236753916479255,-0.0063729327303425,20.86187465466142,0.0084,0.7,10
0.0077658920218662,0.0017034464536065,-0.0004245289166843988,-0.0040188918700861,20.975693273526165,0.0084,0.7,10
0.0078005532305057,0.0017665060947258,-0.0002922931604820746,-0.002342794503528,21.068259357977983,0.0084,0.7,10
0.0077769614121816,0.0017845975001977,-0.0004585224455616763,-0.0038155202231028,21.07467300990048,0.0084,0.7,10
0.0078121281623936,0.0018468515894042,-0.0003134111312039594,-0.0022268819881088,21.168683817942583,0.0084,0.7,10
0.0077917368207978,0.0018623685334358,-0.0004616455375743176,-0.0034410482117229,21.16950657871875,0.0084,0.7,10
0.0078252577312146,0.0019269580044857,-0.00032147946514653896,-0.0020761662580603,21.2747530356712,0.0084,0.7,10
0.0076505095110159,0.0013305243771306,-0.0003444281384133436,-0.0094080727720559,20.57764930573114,0.0084,0.7,10
0.0076496719942425,0.0012477866607612,-0.00021605687710782184,-0.0092912640100261,20.51125967914389,0.0084,0.7,10
0.0075762427697554,0.0011211832572435,-0.00014324633288288,-0.0128780716697472,20.419473493839632,0.0084,0.7,10
0.0075768359542125,0.0012042186474877,-0.0002736711301246735,-0.0129954688902322,20.48125351281956,0.0084,0.7,10
0.0075060856272644,0.0010653686274735,-0.00017169731746011644,-0.0160292715375886,20.392014308705058,0.0084,0.7,10
0.0074393831803433,0.0009867919743925045,-0.0001834925541006367,-0.0186702838210542,20.347068998250524,0.0084,0.7,10
0.0073759499743408,0.0009048450559214764,-0.0001899347046658697,-0.0209721817423535,20.306999455599584,0.0084,0.7,10
0.0081833328144116,0.0031035146081912,0.003700918202886,0.0064108590079563,22.55427909280355,0.0084,0.7,10
0.0082023575090021,0.0030803287017528,0.0019895337031842,0.0036615971998759,22.59867660378469,0.0084,0.7,10
0.0082390578785696,0.0031527354085856,0.0023813591018112,0.0042225005074345,22.640808635976644,0.0084,0.7,10
0.00822017696447,0.0031768965463641,0.0044291233143992,0.0074264716941177,22.593589054643516,0.0084,0.7,10
0.0082771460331584,0.0032244220079385,0.0027962472536416,0.0047874847213744,22.66948338032903,0.0084,0.7,10
0.0082591042305323,0.0032487754119207,0.0051173930404335,0.0083352037586756,22.618037907366787,0.0084,0.7,10
0.008316608812656,0.0032953612628022,0.0032490717530335,0.0053531458413589,22.68793634010716,0.0084,0.7,10
0.0082984084203536,0.0033220434843147,0.0060674692358826,0.0095282870626161,22.63649646942099,0.0084,0.7,10
0.0083574309398926,0.0033655266934744,0.0037318836769505,0.0059213153624109,22.69599530055675,0.0084,0.7,10
0.0087166194480226,0.0039241577598978,0.0157027855805072,0.0179584916003932,22.30679009529139,0.0084,0.7,10
0.0087307248061576,0.0038961506992336,0.008743795303524,0.0102721082766771,22.375855391381776,0.0084,0.7,10
0.0086658260159765,0.0038618148980305,0.0144410522179699,0.0171130805585508,22.3791265396006,0.0084,0.7,10
0.0086796779753862,0.0038330342989548,0.0080155896769539,0.0097731641066944,22.44455234784012,0.0084,0.7,10
0.0087880988856171,0.0045362080121009,0.1543497775543306,0.1157355997092181,20.640736171916927,0.0084,0.7,10
0.0089035541028658,0.0059679508314047,0.6531025189196688,0.1950732476556529,16.971398354878726,0.0084,0.7,10
0.0090277883376893,0.0055111716094175,0.4967181264807117,0.2019902036724416,17.678729144099886,0.0084,0.7,10
0.0090279005760526,0.0056344337236305,0.5439040702774548,0.2034449101500761,17.41805783788704,0.0084,0.7,10
0.008925765404172,0.005843441500185,0.615455579208044,0.2009063907642937,17.162181180043792,0.0084,0.7,10
0.0089675470474967,0.0057327761110172,0.5791008663156361,0.2035431270891482,17.29858175668321,0.0084,0.7,10
0.0089284508430907,0.0054297235989612,0.4683338273005927,0.2017963870908425,18.06930815066989,0.0084,0.7,10
0.0088178834481352,0.0047026643999804,0.20512730707566,0.1388482128103118,20.14964224275513,0.0084,0.7,10
0.0087525506283465,0.0046419357256834,0.1942253987470739,0.1356645113261819,20.338481991349173,0.0084,0.7,10
0.0088622710474067,0.0053459038135123,0.4392240512073796,0.2000427138810513,18.349105707432905,0.0084,0.7,10
0.0088568914506878,0.0052431675940811,0.4008316533370424,0.194732479251645,18.62383822261862,0.0084,0.7,10
0.0088744308766567,0.005128451408019,0.3557907341249092,0.185577022176601,18.94100592572117,0.0084,0.7,10
0.0089032768050647,0.005021078955485,0.3116713908103973,0.1737552723831371,19.17392082748013,0.0084,0.7,10
0.0087928911125392,0.004796571451609,0.2415636780579619,0.1539679492558144,19.9115023501658,0.0084,0.7,10
0.0088617009996261,0.0048556410402091,0.2539360473178428,0.1567434380403403,19.68317563053949,0.0084,0.7,10
0.0088506347259097,0.0049435442147266,0.2880466189456362,0.1681814953928429,19.46479748265081,0.0084,0.7,10
0.0087280974260161,0.007071804565383,0.8105416286366101,0.0697014988096956,16.324441689807156,0.0084,0.7,10
0.0087217922468179,0.0069471593410558,0.805680056731914,0.088120117474998,16.364738057423175,0.0084,0.7,10
0.0087995379261973,0.0068445715089334,0.8107162110227578,0.1015667441401819,16.213573138830498,0.0084,0.7,10
0.0089492857442005,0.0061903518224657,0.7185732476676614,0.1787665276583782,16.504113017311848,0.0084,0.7,10
0.008888347232241,0.0060773893515785,0.6834691276641466,0.1879390256687151,16.811360480005938,0.0084,0.7,10
0.0088593175411735,0.0062780139989545,0.7312498427164507,0.1708728551354856,16.59197648660607,0.0084,0.7,10
0.0088399565268418,0.0063973048225581,0.7544021027440676,0.1585548794858579,16.484016850437424,0.0084,0.7,10
0.0088187304660681,0.0066803749584687,0.7970199511374242,0.1240365120550802,16.26542468715157,0.0084,0.7,10
0.0088291960472847,0.0065325090393864,0.7773295458428889,0.1428867873058112,16.367762949588492,0.0084,0.7,10
0.0087906709622851,0.006021716983088,0.661637393348076,0.1918473401766198,17.139793519281422,0.0084,0.7,10
0.0087349839419072,0.0039992412580476,0.025678673812146,0.0277719932843116,22.097377805248907,0.0084,0.7,10
0.0087757652242138,0.0041280221192345,0.0445931751858225,0.0440937167476399,21.80801310515744,0.0084,0.7,10
0.0087200445138004,0.0040659260163432,0.041485130148622,0.0424179024174537,21.926237495800475,0.0084,0.7,10
0.008801282747725,0.0042747936498879,0.0755421270386175,0.0675749534356794,21.41233942098956,0.0084,0.7,10
0.0087433842931467,0.0042125485215424,0.0704024692841215,0.065068505078954,21.54268299115734,0.0084,0.7,10
0.0087670489308466,0.0043695526253285,0.1077141937825392,0.0898060369769636,21.11900304351987,0.0084,0.7,10
0.0087256140466104,0.0044747550732976,0.1454807515636003,0.1125110914271147,20.80098635568069,0.0084,0.7,10
0.0062563666970777,0.0110656411346194,0.0437713150721535,-0.0352541672661347,19.58812064127706,0.0084,0.7,10
0.006147038541964,0.0110331389562599,0.0445376834006239,-0.0337377896203056,19.528409000659437,0.0084,0.7,10
0.0040864084177762,0.0107775251889435,2.0712092909936537e-05,-0.000797412745938602,17.956221134118234,0.0084,0.7,10
0.0040400742923081,0.0107214417618276,3.143807902062241e-05,-0.00020986382944434737,17.843325016964396,0.0084,0.7,10
0.0041251899955368,0.0107812484430596,0.00024097302808364943,-0.0012543392904834,18.01979517395702,0.0084,0.7,10
0.0041836376841715,0.0108050057656374,0.0006394404447539761,-0.0021761845503144,18.113675013869056,0.0084,0.7,10
0.0060473518442272,0.0110677685904174,0.0406244955122347,-0.0332392833068686,19.494651146958063,0.0084,0.7,10
0.00593256704628,0.0110638848672433,0.0387797316617985,-0.0318693164474104,19.44583393908729,0.0084,0.7,10
0.0058187475598763,0.0110572002597671,0.0368311386980169,-0.0303727081832922,19.394977901569305,0.0084,0.7,10
0.0060937041570159,0.0109449503600368,0.0499451895478598,-0.0316168649807827,19.493079010744427,0.0084,0.7,10
0.0042740067421386,0.0108207897689458,0.0018000215096619,-0.0035287480642919,18.236505959860708,0.0084,0.7,10
0.0048271656471819,0.0110004703589891,0.0118381586492587,-0.0157339874814296,18.85022947752416,0.0084,0.7,10
0.0043750082579672,0.0108374360598726,0.0036039419352687,-0.0051048846737128,18.36196505241321,0.0084,0.7,10
0.0047690048450169,0.0109198165581657,0.0127243508486507,-0.0124815447270726,18.764921581708872,0.0084,0.7,10
0.004690568916867,0.0108903464555868,0.0111758552607373,-0.010544000234709,18.678903049649595,0.0084,0.7,10
0.0044893333017703,0.0108529325821962,0.0061888353608038,-0.0069006912594543,18.48960611293632,0.0084,0.7,10
0.0046012661659395,0.0108701546213315,0.0090073091606366,-0.0087867894277157,18.60072890217435,0.0084,0.7,10
0.0053817307812336,0.0110796322636905,0.0247650635888373,-0.0254355125164749,19.206391367361217,0.0084,0.7,10
0.005263550223858,0.0110941540190787,0.020884824920031,-0.0243449481684891,19.14216226603351,0.0084,0.7,10
0.0049313858485495,0.0109546663156281,0.0166460472316119,-0.0157473041429398,18.88891943651561,0.0084,0.7,10
0.0050317369807636,0.0109684986189863,0.0193121906564483,-0.0175230914359984,18.969942225974705,0.0084,0.7,10
0.0051700756581118,0.0109972283886694,0.022421700238483,-0.0202716569688337,19.059255380644405,0.0084,0.7,10
0.0057086995061097,0.0110525019070872,0.0345859912608002,-0.0289028793979471,19.34506387789169,0.0084,0.7,10
0.0054943333755477,0.0110671401712836,0.0283664346371888,-0.0265337603655222,19.251602360046626,0.0084,0.7,10
0.0055999896126455,0.0110566295482683,0.0316708512683599,-0.0276266336288738,19.285910824904587,0.0084,0.7,10
0.0054356568064269,0.0109843904284583,0.0311396702576726,-0.0234375396084615,19.195895420035487,0.0084,0.7,10
0.0072802501426365,0.0104530604586907,0.1019058109144611,-0.0498056426584289,19.85055448527944,0.0084,0.7,10
0.0073008819297921,0.0103290384847561,0.1187094428053717,-0.0526592055170038,19.80436614457977,0.0084,0.7,10
0.0068528249109865,0.0107350645318483,0.0744976995374111,-0.0401005610359312,19.740797337478732,0.0084,0.7,10
0.0067541120415789,0.0107984814617995,0.0685272365530395,-0.0387129934757223,19.72069912143135,0.0084,0.7,10
0.0066343947352903,0.0107469506912338,0.0733206980157649,-0.0370854288261998,19.658355900061952,0.0084,0.7,10
0.0068385468269055,0.010605614027555,0.0881974856516215,-0.040262189682471,19.697419267282594,0.0084,0.7,10
0.0071620249562281,0.0104804511080512,0.1004310130133733,-0.047261600556604,19.804366937120417,0.0084,0.7,10
0.0069432910783392,0.0105614464787533,0.0928077083874146,-0.0423737572610092,19.735709365487462,0.0084,0.7,10
0.0070491033132175,0.0105174969014057,0.0972074689640601,-0.0447138033892541,19.7633998564596,0.0084,0.7,10
0.0073262315586303,0.0102047492257318,0.1371122317642658,-0.0555611904830929,19.754222753523948,0.0084,0.7,10
0.0073535452965601,0.010078174038674,0.1575093962049236,-0.0584313257671445,19.696008843697225,0.0084,0.7,10
0.0063335849140002,0.010967653377137,0.0517591172099074,-0.0349016266656107,19.58959069585879,0.0084,0.7,10
0.006541229341374,0.0108406117607747,0.0641258749147466,-0.0363345227779574,19.64279731490518,0.0084,0.7,10
0.0064200504397715,0.0108865631101151,0.0591314381744235,-0.0350588585527759,19.60517199868661,0.0084,0.7,10
0.0083162669661617,0.008434236532613,0.5672825363730488,-0.0831730847122227,17.811507807926976,0.0084,0.7,10
0.0082173314133016,0.0084885954794703,0.5457812362572289,-0.0806294279348316,18.003984994018634,0.0084,0.7,10
0.008307858311059,0.0082972644437301,0.6000044754203601,-0.0707040472811257,17.701483075216174,0.0084,0.7,10
0.0081111897611814,0.0084710097521166,0.5420158532560712,-0.0718006621430305,18.10523216705837,0.0084,0.7,10
0.007378456936025,0.0099470866047757,0.1804109519285279,-0.0610238160765076,19.62807024767684,0.0084,0.7,10
0.0080379696526674,0.0085575307677627,0.5158164659860859,-0.0728109284562418,18.257729518419723,0.0084,0.7,10
0.0074041348236687,0.0098139117010533,0.2053796940522424,-0.0632576842017608,19.54999313369392,0.0084,0.7,10
0.0075436340594981,0.0096452948152709,0.2391694550396461,-0.0710521843763894,19.45486154379196,0.0084,0.7,10
0.0074298159491427,0.009676541463558,0.232800703549745,-0.0649535976556181,19.46225015141334,0.0084,0.7,10
0.0080008278231283,0.0087712247232526,0.4601556690863604,-0.0829872218192014,18.504050158959966,0.0084,0.7,10
0.0079545608905254,0.0086437806470548,0.489357305671588,-0.0724169242885704,18.41390278162212,0.0084,0.7,10
0.0076772872386046,0.0094865608840437,0.2742920881961007,-0.0786406218911962,19.32869682027386,0.0084,0.7,10
0.007704754097037,0.0093504978321622,0.3063957111093354,-0.0795598727281873,19.20075065914963,0.0084,0.7,10
0.0075658633159792,0.0095090427650762,0.2689029035566778,-0.0722368869188401,19.34630782133364,0.0084,0.7,10
0.0079181342614606,0.0088683094485005,0.4315560513756563,-0.0816193694330322,18.66288582974318,0.0084,0.7,10
0.0077342059803033,0.00921060391281,0.3404694660388148,-0.0794546894023875,19.062327088758305,0.0084,0.7,10
0.0078419520956191,0.0089746281418792,0.4017593856306629,-0.0804010504150948,18.80737089205107,0.0084,0.7,10
0.0077788976424553,0.0090907099524248,0.370886127665025,-0.0796508532467848,18.947431754146333,0.0084,0.7,10
0.008501197590506,0.0080506252211669,0.6751913134786204,-0.0573230475211368,17.150391981895275,0.0084,0.7,10
0.0085354917948476,0.0079588803364642,0.697876155865356,-0.0483978803678262,17.017570986069803,0.0084,0.7,10
0.0085670070150681,0.0078298509842929,0.7253737973388816,-0.0337904717796666,16.85683325688875,0.0084,0.7,10
0.0086499732114872,0.0076041452057062,0.769602669462854,-0.0067152195318949,16.5681589455162,0.0084,0.7,10
0.0085407492172904,0.0076901839916914,0.7431690541770298,-0.0136856125424439,16.825086392444117,0.0084,0.7,10
0.0086375346512535,0.0073486444502594,0.7907563462829725,0.0310942796954271,16.54205903593319,0.0084,0.7,10
0.0086322772486027,0.0074799303980052,0.7801900422843926,0.0120533780092903,16.553557270286145,0.0084,0.7,10
0.0085952624797171,0.0071200333330551,0.7912472251450701,0.0660037447862472,16.583503815549438,0.0084,0.7,10
0.0085601147600737,0.0072552975140521,0.7837575732930735,0.0473727018113306,16.632116496612852,0.0084,0.7,10
0.0084173579773736,0.0081058656055146,0.6541503502985733,-0.058425761333721,17.352905136913282,0.0084,0.7,10
0.0083029311119996,0.0081636464731726,0.6296264652180216,-0.0572924518219195,17.57531335516737,0.0084,0.7,10
0.007652714797832,0.0014125666325869,-0.0004542212826442314,-0.0094674561924467,20.650993568916643,0.0084,0.7,10
0.0076608837181781,0.0014948655637381,-0.0005444666036359941,-0.0092134652854506,20.72849096237786,0.0084,0.7,10
0.0076616259310993,0.001578131128618,-0.0006420602350364233,-0.0093537316336636,20.809414217238828,0.0084,0.7,10
0.0081495278687112,0.0030308518811216,0.0030200181480245,0.0053898033230129,22.512036108262937,0.0084,0.7,10
0.0081670643518898,0.0030072265813714,0.0016377608684965,0.0031225136546144,22.55441680379727,0.0084,0.7,10
0.0081146105128838,0.0029568677634146,0.0025024895535425,0.0045480621768558,22.459949799831108,0.0084,0.7,10
0.0081331804196812,0.0029334621048169,0.0013208176122636,0.0025922727224429,22.4986125711332,0.0084,0.7,10
0.0080800187656136,0.0028814329252896,0.0020406514178961,0.003741128040724,22.39475146040488,0.0084,0.7,10
0.0081007143532661,0.0028590637505499,0.0010328406916606,0.0020749327915467,22.43198236990148,0.0084,0.7,10
0.0080487583098524,0.0028059700576637,0.0015749833899765,0.0028821171554958,22.32773977687374,0.0084,0.7,10
0.0080696750070166,0.0027840598003255,0.0007755184351557104,0.00157867162881,22.36133256735803,0.0084,0.7,10
0.0080193220558629,0.0027314093366154,0.0011782373842484,0.0020878988211873,22.252995909496345,0.0084,0.7,10
0.008040071565943,0.0027084782630061,0.0005515842975680203,0.0011094051761279,22.2815980573617,0.0084,0.7,10
0.0079903258577993,0.0026535789546181,0.0008223525208519996,0.0013029053470807,22.16952944115073,0.0084,0.7,10
0.0080119133123942,0.0026323469860396,0.00035797084038463524,0.0006600202492259685,22.19636090811984,0.0084,0.7,10
0.0079627563511158,0.00257510374857,0.0005131314481454644,0.0005617082583320166,22.079576604479097,0.0084,0.7,10
0.0079852095150836,0.0025556936698082,0.0001901323773151346,0.00023365199986933888,22.10457271620228,0.0084,0.7,10
0.0079375309423748,0.0024986770692689,0.0002573609154236201,-0.00010817361255420436,21.98724592219449,0.0084,0.7,10
0.0079599698269026,0.0024785457096802,4.917856313977377e-05,-0.00016157194100097604,22.007817960419064,0.0084,0.7,10
0.0079138493186629,0.0024221640268281,4.76549423829423e-05,-0.0007260606357873592,21.8919567207594,0.0084,0.7,10
0.0079362048404851,0.0024009301074432,-6.462547516789577e-05,-0.0005248164778112636,21.907506245388262,0.0084,0.7,10
0.0078001825435679,0.0019430378875655,-0.0004903137801640221,-0.0034346324259762,21.27373275363309,0.0084,0.7,10
0.0078399352303685,0.0020067954142874,-0.0003207008880606434,-0.0018938985334342,21.38018642040133,0.0084,0.7,10
0.0078908003492678,0.0023422847566071,-0.0001267563194186108,-0.0013159829163345,21.79052559742224,0.0084,0.7,10
0.0079139288090398,0.0023228732626895,-0.00015452613495615844,-0.0008605874832039969,21.80523073565184,0.0084,0.7,10
0.0078692542149116,0.0022620879994039,-0.00026268025910787177,-0.0018552149775808,21.687160817499457,0.0084,0.7,10
0.007893155292355,0.0022444023457581,-0.00022364259266520405,-0.0011684933755136,21.700159641323896,0.0084,0.7,10
0.0078499095747043,0.0021841056732325,-0.0003649595228247865,-0.0023280092489063,21.58523674120842,0.0084,0.7,10
0.0078738964927344,0.0021655456781224,-0.00027408655778849084,-0.001443904652716,21.59309850627803,0.0084,0.7,10
0.0078338599904342,0.0021054727695087,-0.0004284678834478655,-0.002675837775748,21.48356107224379,0.0084,0.7,10
0.0078561516646619,0.0020863342934112,-0.0003062426925985223,-0.0016844384176116,21.486490794407143,0.0084,0.7,10
0.0078167267226488,0.0020242383299204,-0.00046904795759902216,-0.0030531893895073,21.377058330072376,0.0084,0.7,10
0.0077282066010262,0.001694725842272,-0.0005780112067233744,-0.0061166630271973,20.95196531684737,0.0084,0.7,10
0.0076690592560606,0.0016605614482217,-0.0007078470875059676,-0.0091329225993594,20.894222269466507,0.0084,0.7,10
0.0077391327139019,0.0017766130278051,-0.0006191349654784535,-0.0058305137970674,21.04648841740782,0.0084,0.7,10
0.0077533483984963,0.0018573312427818,-0.0006220721977839619,-0.0053851736459724,21.141644950736872,0.0084,0.7,10
0.007764893700579,0.0019385462177262,-0.0006221018514089389,-0.0050835209850883,21.240108037792613,0.0084,0.7,10
0.0075744989515953,0.0013741629646052,-0.0005463031990828713,-0.0133932455893636,20.606073861449136,0.0084,0.7,10
0.0075795481865911,0.0012912223487843,-0.0004159639695642103,-0.0130116745460718,20.542089759748283,0.0084,0.7,10
0.0075045052450304,0.001253370581515,-0.0004752824119924709,-0.0164188772079067,20.50989865690396,0.0084,0.7,10
0.0074682974442835,0.0011692160705715,-0.00041288542618193126,-0.0178655425428099,20.448897793933916,0.0084,0.7,10
0.0073664640952799,0.001079809108141,-0.0004770117846004229,-0.0217136630367761,20.394024203572958,0.0084,0.7,10
0.0073035067602651,0.0009916381065650404,-0.0004954755509358537,-0.0238143825370177,20.343878742301477,0.0084,0.7,10
0.0072539071453592,0.0009019322680165626,-0.00047637798438616383,-0.0252925104078019,20.298746393416963,0.0084,0.7,10
0.0083389373971507,0.0033911603989007,0.006913051555597,0.0104951469882993,22.638076751150304,0.0084,0.7,10
0.0083995930082663,0.0034348943486538,0.0042490020980742,0.0064904009895422,22.695040256142537,0.0084,0.7,10
0.0086146237576019,0.0037961094583063,0.0131412815713357,0.0161524306481108,22.466992285389527,0.0084,0.7,10
0.0086298520970697,0.0037689504359167,0.0073065010837829,0.0092378952357082,22.530891507238387,0.0084,0.7,10
0.0085688339931123,0.0037270576315486,0.011038631587094,0.0141365710736897,22.507684202733035,0.0084,0.7,10
0.0085812614142581,0.0037039254930287,0.006621801770532,0.008714194462172,22.568883589886862,0.0084,0.7,10
0.0085182956949395,0.0036656677397721,0.0108777337469395,0.0143465370095772,22.564646201599675,0.0084,0.7,10
0.008533922363525,0.0036379836723558,0.0059914665890676,0.0081694963874891,22.628224415604077,0.0084,0.7,10
0.0083815661540557,0.003460825884344,0.0078272100696156,0.0114795976725735,22.63599802825061,0.0084,0.7,10
0.0084430736106656,0.0035034423363309,0.0047973286783589,0.0070583196659178,22.68222557832394,0.0084,0.7,10
0.0084262694132101,0.0035307641553961,0.0088064998284663,0.0124704960364985,22.62110788652948,0.0084,0.7,10
0.0084878550858368,0.0035711471584829,0.0053742860828425,0.0076145407338524,22.65595170361663,0.0084,0.7,10
0.0084718485408173,0.003598942790055,0.0098153251491797,0.0134141669072078,22.59136102853947,0.0084,0.7,10
0.0081425898088483,0.0031046343274948,0.0059713055016913,0.0096304470718323,22.456260104993,0.0084,0.7,10
0.0081815111862625,0.0031832688398428,0.0071314135390409,0.0112362888503186,22.49643211572629,0.0084,0.7,10
0.0082241135008872,0.0032540581773105,0.0078689188864528,0.0121870552745352,22.520393965487017,0.0084,0.7,10
0.0082617489800387,0.0033261652986852,0.0092341858454126,0.0138755140565519,22.535732478468148,0.0084,0.7,10
0.0083006424711455,0.003397497161545,0.0107498987411494,0.0156307498201629,22.538499866770504,0.0084,0.7,10
0.0086818659300944,0.003936278468951,0.0237078929092132,0.0265473657670234,22.18983569200145,0.0084,0.7,10
0.0086299515799988,0.0038722420026074,0.0217992408745197,0.0252727579332053,22.267907833647,0.0084,0.7,10
0.0086865650954658,0.0045798794183783,0.1838431925357549,0.1322996692419675,20.50576986516677,0.0084,0.7,10
0.0088143088249713,0.0058802851249802,0.6223633224333022,0.1996951601616683,17.326583421924678,0.0084,0.7,10
0.0089038769190298,0.0055960631467889,0.5302576909214541,0.2054402778662034,17.761598238840005,0.0084,0.7,10
0.0088468822689025,0.0057441313037304,0.5806206958749502,0.2043339826647179,17.52099841577503,0.0084,0.7,10
0.0087886998736047,0.0054597922078839,0.4830334477607437,0.2052132919822873,18.18569718739643,0.0084,0.7,10
0.0086642592295955,0.0046744163157449,0.2170988725915172,0.1470564382249467,20.281879869980767,0.0084,0.7,10
0.0087273352458114,0.004734608267617,0.2287440063798831,0.1505797488308552,20.07793428467123,0.0084,0.7,10
0.0087589455556247,0.0053190336384933,0.4338679390005325,0.2011163588103144,18.58002354144124,0.0084,0.7,10
0.0087632916755009,0.0051843502442018,0.3850487148894321,0.1937088507880097,18.893952871167205,0.0084,0.7,10
0.0087091139394579,0.0048194823611187,0.25992278695226,0.1622329097544217,19.850495121081607,0.0084,0.7,10
0.0087795207396188,0.0050374116369494,0.3301130933870475,0.1816502751192827,19.25055754829488,0.0084,0.7,10
0.0087565496472518,0.0049043453817704,0.2842565082716822,0.169337883898736,19.59794516825458,0.0084,0.7,10
0.0086209922979361,0.0069850489950892,0.7928078813304792,0.0848072878369853,16.571324242815255,0.0084,0.7,10
0.0086558908085184,0.0068557013253919,0.7912433973150366,0.1022384501068742,16.530801865406946,0.0084,0.7,10
0.0086885402493252,0.0067235226355445,0.7843804264078584,0.1197323718260428,16.547153020387977,0.0084,0.7,10
0.0087953839509089,0.0061655748370483,0.6991729808784376,0.1811801816431143,16.881842995305046,0.0084,0.7,10
0.0087532063383426,0.0062983577204341,0.7254053958228007,0.1691117445985877,16.81730478126819,0.0084,0.7,10
0.0087297735636507,0.0064368112249422,0.7495879449635532,0.1546424833395856,16.698851829570405,0.0084,0.7,10
0.0087102255321173,0.0065798295958861,0.769829558098828,0.1379442284074137,16.598244759784688,0.0084,0.7,10
0.008699612602115,0.0059255441219139,0.6298082963352156,0.1972888534343609,17.442585733126965,0.0084,0.7,10
0.0086835259688646,0.0060676914733316,0.6663254959360958,0.1885275714155743,17.243644553745494,0.0084,0.7,10
0.0086655137756145,0.0040029098584826,0.0385047796195403,0.0406787335882966,22.02170878676376,0.0084,0.7,10
0.0086873777420692,0.0041484480612276,0.0651634808795241,0.0622287779147436,21.66875843748871,0.0084,0.7,10
0.0086311612088012,0.0040847931509753,0.06069390149667,0.0597709331566558,21.77621912757104,0.0084,0.7,10
0.0087067548819372,0.0043064391705992,0.1008415306098293,0.0867668182599702,21.260544238118047,0.0084,0.7,10
0.0086474939686577,0.0042423831566261,0.0942962178132544,0.0836218455646172,21.390587982930413,0.0084,0.7,10
0.0086613465868445,0.0044118211850772,0.1372801775607038,0.1093344192164142,20.943803802523348,0.0084,0.7,10
0.0086195853885503,0.0045176201310733,0.1743880679029037,0.129060773821247,20.65057480185769,0.0084,0.7,10
0.0062176189958685,0.0109201654487055,0.0538852786364296,-0.0328735167445234,19.524108814351752,0.0084,0.7,10
0.0040627765059746,0.0107010382050574,0.00022533875341655904,-0.00019249639085341464,17.862686622853477,0.0084,0.7,10
0.0040148406663673,0.0106442890561744,0.00016586205634166502,0.0001735068386005358,17.747079857882895,0.0084,0.7,10
0.0041015555839363,0.010701125550989,0.0005910632648135757,-0.00031184928484692963,17.92886849504276,0.0084,0.7,10
0.0041654144662765,0.01072357371817,0.0012274031652887,-0.0008996800451209608,18.028386382530595,0.0084,0.7,10
0.0042511904088114,0.0107417856430484,0.0025268148398758,-0.0017864485460858,18.154384441558097,0.0084,0.7,10
0.0059861750727267,0.0109539799872412,0.0472053315926472,-0.0303433389521568,19.44001737270165,0.0084,0.7,10
0.0058719370882218,0.0109412797498508,0.0455729965897496,-0.0284474087711473,19.389620937672376,0.0084,0.7,10
0.0057606144462019,0.0109347987123148,0.0432497357669679,-0.0266669919484927,19.337143501536247,0.0084,0.7,10
0.0061274942098231,0.0108500126589901,0.057942744580567,-0.0303505473344301,19.47829887180757,0.0084,0.7,10
0.0060365462775721,0.0108446365182949,0.0564916260815515,-0.0287940106882311,19.43030517903947,0.0084,0.7,10
0.004353644724841,0.0107556871549527,0.004700617859889,-0.0028659078446894,18.288804093994774,0.0084,0.7,10
0.0048627069279186,0.0108806385156397,0.0172195153768592,-0.0123809708437764,18.812533178514684,0.0084,0.7,10
0.0044646527235231,0.0107691195196031,0.007600034572561,-0.0041741529180056,18.421913339765748,0.0084,0.7,10
0.0047761948706358,0.0108309531583098,0.0161439329434641,-0.0095770047623217,18.72487969857237,0.0084,0.7,10
0.004680052252462,0.0108021810091682,0.0137892138634695,-0.0074608071084523,18.63373344673828,0.0084,0.7,10
0.0045825615150361,0.0107810916928764,0.0111133899522461,-0.005699215751788,18.54233437458527,0.0084,0.7,10
0.0053202191906094,0.0109617953212307,0.028801629254052,-0.0211987623164458,19.129413473769805,0.0084,0.7,10
0.0049970098055622,0.0108434290382888,0.0236712882983949,-0.0127627812909597,18.889018680658165,0.0084,0.7,10
0.0051263787335784,0.0108703016108364,0.0270540202399731,-0.0154590377298032,18.978776828441912,0.0084,0.7,10
0.0052323806482155,0.0108805283748512,0.030272987404465,-0.0172901398599392,19.058360078802952,0.0084,0.7,10
0.0056453882690308,0.0109303938430032,0.0404247551276859,-0.0248650882022921,19.280048397867144,0.0084,0.7,10
0.0055281300654676,0.0109525959752301,0.0356528727029702,-0.0238148888555697,19.227090102964137,0.0084,0.7,10
0.0054301026066612,0.010873637416309,0.0374108420111499,-0.0198988597892978,19.16075603374969,0.0084,0.7,10
0.0071783575090984,0.0103532437806691,0.1172313058423892,-0.0493989344820839,19.760034452038024,0.0084,0.7,10
0.0072030437900579,0.0102288152027918,0.1351403174107689,-0.0516041410335564,19.715253312103965,0.0084,0.7,10
0.0067208063510063,0.010649342119142,0.0834339790798674,-0.0381887425842784,19.668268520326563,0.0084,0.7,10
0.0065275968020274,0.01069442094546,0.0776790685351466,-0.034916402046947,19.593532610233662,0.0084,0.7,10
0.006603095670692,0.0106425589419899,0.0836108434444377,-0.0359323860333976,19.614877055668156,0.0084,0.7,10
0.0068326529559582,0.0104772273189151,0.1032245873648141,-0.0402923526366659,19.65907160536958,0.0084,0.7,10
0.0067331431542284,0.010519849937172,0.0978982677543973,-0.0380605011263206,19.638226728872905,0.0084,0.7,10
0.0070527328817071,0.0103786172164342,0.1150578973953464,-0.0460621708146526,19.712204873047057,0.0084,0.7,10
0.0069419778543705,0.0104276552005297,0.109204494380214,-0.0429697848521728,19.69213222242445,0.0084,0.7,10
0.0072321181130509,0.0101029493033495,0.1547852452213499,-0.053859391966522,19.6651589399684,0.0084,0.7,10
0.0072608847054359,0.0099746798675144,0.1764279927030298,-0.0559402982299931,19.607875709628583,0.0084,0.7,10
0.0063048787468551,0.0108271499159411,0.0628043931170461,-0.0327337191601144,19.537047755476923,0.0084,0.7,10
0.0064033509855353,0.0107348344421923,0.0724578481831513,-0.0331654201042273,19.55761586445292,0.0084,0.7,10
0.0064537107679223,0.0106207757155376,0.084403520791187,-0.032679549449455,19.557679283337063,0.0084,0.7,10
0.0081841002399247,0.0083678209504375,0.5724681802774242,-0.0686061848585151,17.912956507606097,0.0084,0.7,10
0.0081884605194232,0.0082247534577062,0.6050791945167634,-0.055842142203884,17.776603613680575,0.0084,0.7,10
0.0080657949546679,0.0083805396874512,0.5595196811052732,-0.0613103938459042,18.060217896841777,0.0084,0.7,10
0.0079960339000715,0.0084452138755545,0.5392378059396226,-0.0615422099574994,18.205584631178382,0.0084,0.7,10
0.0072883514198651,0.0098441266325465,0.2000520691368912,-0.0576649844945353,19.54281850484065,0.0084,0.7,10
0.0079147435780625,0.0085209952808527,0.5157912600029021,-0.0613091132923871,18.339995114956626,0.0084,0.7,10
0.0073158891991922,0.0097123071190129,0.2254190889060449,-0.0589568432726277,19.471591201778725,0.0084,0.7,10
0.0073442962536792,0.0095740283596199,0.2535092080067564,-0.05968396782169,19.38863606383747,0.0084,0.7,10
0.0074528527027094,0.009529903752682,0.2636929993377904,-0.0657496360073286,19.35396565296978,0.0084,0.7,10
0.0078634071712972,0.008733820214001,0.4621696216810476,-0.0709919188267915,18.56596571898436,0.0084,0.7,10
0.0078252157889127,0.0086003274516763,0.4913987427954305,-0.0601550183604404,18.48728253504369,0.0084,0.7,10
0.007588904558202,0.0093747887714045,0.2994491039437461,-0.07253352698506,19.23830417699644,0.0084,0.7,10
0.0076193251613037,0.0092379155538268,0.3316306566347431,-0.0722456113835268,19.1226449049002,0.0084,0.7,10
0.0074712272518669,0.0094000240636531,0.2922018475937289,-0.0654039813267237,19.266246681067013,0.0084,0.7,10
0.0077775690859458,0.0088381850771128,0.4326102620337661,-0.0700479415927097,18.716043044074382,0.0084,0.7,10
0.0076378846763851,0.00909681850802,0.365323542049051,-0.0699742064113721,18.990613152422195,0.0084,0.7,10
0.0077102999458427,0.0089642495237324,0.3993564718627446,-0.070582207397018,18.86058398173827,0.0084,0.7,10
0.008416361812282,0.00798355659115,0.6787910129425326,-0.0444903495543045,17.230948093334067,0.0084,0.7,10
0.0084561236419141,0.0078880650400232,0.7010566868163438,-0.0351685085876085,17.103708797881353,0.0084,0.7,10
0.0084318883428433,0.007777369838943,0.7160030818430706,-0.0197850488903746,17.072752144451986,0.0084,0.7,10
0.0085146434048224,0.0075554587034731,0.7560100859169223,0.0061832314453094,16.816445627492516,0.0084,0.7,10
0.0084048952282805,0.0076422073518929,0.7310518206519672,-0.0006627923037752481,17.053344282833265,0.0084,0.7,10
0.0084992699900588,0.0073944922026495,0.7678402338892213,0.0295391944204199,16.81392949780445,0.0084,0.7,10
0.0084992032692357,0.0070265820060745,0.7767848682415681,0.0815294671009783,16.820670503785596,0.0084,0.7,10
0.0084704426986171,0.0071569332920834,0.7732045895542131,0.0640633117949258,16.864751624708987,0.0084,0.7,10
0.0084407964722783,0.0072684656832079,0.766193363392614,0.0493282791393691,16.915261938428834,0.0084,0.7,10
0.0083022740197705,0.0080263687873596,0.6575107171354899,-0.0424699698590668,17.465865851950728,0.0084,0.7,10
0.008184048501713,0.0080896559503976,0.6323820972707167,-0.0419234807976662,17.67557969419227,0.0084,0.7,10
0.0075788684175903,0.0014576410383131,-0.0006318240881246449,-0.0132857121164381,20.680628670429652,0.0084,0.7,10
0.0075856246632599,0.0015449236454745,-0.0007086283201434936,-0.0130394856828812,20.75545190294655,0.0084,0.7,10
0.007592998140033,0.0016297068660029,-0.0007436198022453248,-0.0127145377312036,20.83489047337148,0.0084,0.7,10
0.0081073022876344,0.0030296179418773,0.0049623203708408,0.0081507897248802,22.41923452256249,0.0084,0.7,10
0.0080754179361594,0.0029592156232987,0.0041414844361529,0.0068589803314309,22.36762033723844,0.0084,0.7,10
0.0080414077976379,0.0028842557392347,0.0034162955374032,0.0056007100403266,22.309718372543696,0.0084,0.7,10
0.0080100620036292,0.0028081352249778,0.0027047646319972,0.0043193812495689,22.243166523912112,0.0084,0.7,10
0.0079800622131297,0.0027313011295826,0.0020738841078336,0.0030932394379928,22.17155801274365,0.0084,0.7,10
0.0079515380238993,0.0026540298201101,0.0015261466538204,0.0019282396142762,22.09352319671302,0.0084,0.7,10
0.0079244497757096,0.0025762250124344,0.0010497062808649,0.0008316812687394391,22.008292276702672,0.0084,0.7,10
0.0078988554467419,0.0024978980418208,0.0006388121976350536,-0.00019513377345737405,21.919021597465917,0.0084,0.7,10
0.0078747083549302,0.0024190459668033,0.0002940786880044006,-0.0011481204891845,21.826978806939124,0.0084,0.7,10
0.0077808354524447,0.0020184223032586,-0.0005779170201123015,-0.0045686277761709,21.337558457357176,0.0084,0.7,10
0.0078521036676616,0.0023398982626867,1.5333620640470326e-05,-0.0020217771179398,21.7318485505366,0.0084,0.7,10
0.007830932995718,0.0022603116273149,-0.00020381857777636135,-0.0028181541039929,21.634256455149583,0.0084,0.7,10
0.0078121820740086,0.002179473885417,-0.00038308409601752114,-0.0035173183473955,21.53554346575839,0.0084,0.7,10
0.007796266883191,0.0020976446046,-0.0005048501717591887,-0.0040665019006013,21.43532351068192,0.0084,0.7,10
0.0076838452669991,0.001742788836469,-0.0007353619861232579,-0.0085380689311661,20.98269762424158,0.0084,0.7,10
0.0075981086007446,0.0017126668556989,-0.0007349699448427979,-0.0124259688140483,20.91414509649744,0.0084,0.7,10
0.0076906105859626,0.0018256052435559,-0.0007363222864567473,-0.0083006251512261,21.072694413102653,0.0084,0.7,10
0.0077020798791468,0.0019078725391639,-0.0006983443444624297,-0.007806747077823,21.164846241404884,0.0084,0.7,10
0.0077162652289674,0.0019899936729074,-0.0006071101234723027,-0.0071437091753823,21.25901065794463,0.0084,0.7,10
0.007472436121556,0.0014215655604514,-0.0006588807493256464,-0.0179136356669718,20.630405218784123,0.0084,0.7,10
0.0074836315984003,0.0013323105500418,-0.0005995514142869566,-0.0174311123269014,20.56655699838365,0.0084,0.7,10
0.0073971297345142,0.0012658584917195,-0.0006015644777136382,-0.0207900062097446,20.504993991902808,0.0084,0.7,10
0.0073276304651386,0.0011775215222229,-0.0006127502404217577,-0.0232669689617723,20.441965727930405,0.0084,0.7,10
0.0072552411455212,0.0010886086732011,-0.0006595605925005843,-0.0255858965205032,20.38518179419145,0.0084,0.7,10
0.0071979879401879,0.0009954045050543775,-0.0006964453015521634,-0.0272418441966045,20.332932393590983,0.0084,0.7,10
0.007145340801037,0.0009013195487482592,-0.0007097489069652249,-0.0286296632683084,20.286029367097736,0.0084,0.7,10
0.0083461764342588,0.0034686802382523,0.0119220856954416,0.0168441487300658,22.53251022770552,0.0084,0.7,10
0.0085792993901796,0.0038071621641374,0.0199476182429853,0.0239203398349911,22.34611787877938,0.0084,0.7,10
0.0085259365290993,0.0037380780135033,0.0183740774439562,0.0228013010405219,22.401176946188112,0.0084,0.7,10
0.0084797631106896,0.0036731619355147,0.0166629138511452,0.0213670251704482,22.45309882075744,0.0084,0.7,10
0.0083903682924322,0.0035379047141112,0.0133199548648066,0.0182529316375425,22.516835550230866,0.0084,0.7,10
0.008434446102973,0.0036059554095399,0.0149361860668392,0.0198033810674237,22.48912713328717,0.0084,0.7,10
0.0080779921352063,0.0030942035842811,0.0091795727311357,0.0134412560667206,22.34782869644141,0.0084,0.7,10
0.0081149703145491,0.0031702671848672,0.0107513352848493,0.0156178462454606,22.37790191257163,0.0084,0.7,10
0.0081538272384912,0.0032456040194465,0.012449825968679,0.0178042132350761,22.405569739047376,0.0084,0.7,10
0.0081927178317478,0.0033198439818127,0.0143630383878469,0.0201157985306629,22.419824723837795,0.0084,0.7,10
0.0082330244631881,0.0033929048859866,0.0164048740191296,0.022448079683854,22.42274292607152,0.0084,0.7,10
0.0082744913156446,0.0034649727719903,0.018600744235605,0.0248261907113283,22.418411001236557,0.0084,0.7,10
0.0086121473437666,0.0039388502215541,0.0356310820819674,0.0388770528618393,22.10694021275873,0.0084,0.7,10
0.0085600135883618,0.0038734866575969,0.0328138695317571,0.0369525029164881,22.18980613703944,0.0084,0.7,10
0.0085929955086961,0.0046075304849737,0.2053085589757126,0.1432771816005188,20.42963698480679,0.0084,0.7,10
0.0087204115239121,0.0057793948717723,0.5882664097644438,0.2035215721678766,17.664588770888187,0.0084,0.7,10
0.0087622256945864,0.0056267978655506,0.5405867152193791,0.2064191102284691,17.877352153965813,0.0084,0.7,10
0.0086579879726088,0.0055404519781523,0.5119384290998618,0.2070251961916455,18.23472895122679,0.0084,0.7,10
0.0086589976762576,0.005394230370234,0.4634100267293391,0.2049283115035462,18.518393066234367,0.0084,0.7,10
0.0085813776644499,0.0046999690504943,0.2355698720401694,0.1553561148061407,20.20165415436948,0.0084,0.7,10
0.0086294478754816,0.0047766254601694,0.2547326463334701,0.1617631101920707,20.00315339632667,0.0084,0.7,10
0.0086518092766548,0.0052572613901326,0.4170030555483023,0.2001515290706771,18.845197834780976,0.0084,0.7,10
0.0086581501154769,0.0051207782740214,0.3695135226879338,0.1922790985092292,19.15755050159555,0.0084,0.7,10
0.0086396591381247,0.0048868548890804,0.2904298740804834,0.1730561304032686,19.723273648371418,0.0084,0.7,10
0.0086623759927917,0.0049910635971668,0.3241619738876303,0.1820131689429116,19.45148522086708,0.0084,0.7,10
0.0085281820818913,0.0068942608749562,0.7760829600652451,0.0990820784656555,16.7942044283767,0.0084,0.7,10
0.0085587637068022,0.0067602785151859,0.770870830078091,0.1164229866978616,16.805772073823505,0.0084,0.7,10
0.008585671693909,0.0066230284797961,0.7601191730927854,0.133479076147919,16.84583437816957,0.0084,0.7,10
0.0086632634346658,0.0062060054116518,0.697276763978664,0.1774883511682063,17.100145057661596,0.0084,0.7,10
0.008634384719212,0.00634303848145,0.7224586653177888,0.1646600913733532,16.99535793094348,0.0084,0.7,10
0.0086093611770376,0.0064828971496324,0.7436922535920633,0.1498235145465576,16.908109507470098,0.0084,0.7,10
0.0084046315595448,0.0069347941863931,0.7614157503533462,0.095834980718747,17.03623872893442,0.0084,0.7,10
0.008605713721341,0.0058310770333922,0.5991905584582701,0.2011896317579037,17.739297844822655,0.0084,0.7,10
0.0085691879081331,0.0061142048037948,0.6690983850416781,0.1845726997459021,17.4029515060576,0.0084,0.7,10
0.0085830368739261,0.0059731027985204,0.6360102386712861,0.1940704707353482,17.572741058070758,0.0084,0.7,10
0.0085756624836248,0.0040203812949622,0.0565262255516462,0.0573321347926623,21.867653170931717,0.0084,0.7,10
0.0085909713299307,0.0041792061073183,0.0881883717863836,0.0804599026487392,21.51093655581852,0.0084,0.7,10
0.0085312103583379,0.0041133398381655,0.0826473613830883,0.0774859087370758,21.60605292197562,0.0084,0.7,10
0.0085991052690997,0.0043476945329595,0.1292093244400414,0.1058507767624167,21.081310717100248,0.0084,0.7,10
0.0085402287583751,0.0042847107718693,0.1216721559730307,0.1022928275719323,21.207472377033746,0.0084,0.7,10
0.008554906444701,0.0044539776923624,0.1650010529760464,0.1253842172200263,20.799007564662197,0.0084,0.7,10
0.0085209732377629,0.004551094770039,0.1975361192250969,0.1407615481011093,20.56844284909123,0.0084,0.7,10
0.0062059257634967,0.0107914211120064,0.0642781479000876,-0.0305528747540983,19.48975583401916,0.0084,0.7,10
0.0040375369711608,0.0106243949165852,0.000470891908955001,0.0004614755853064225,17.77100891892731,0.0084,0.7,10
0.0039881247838756,0.0105676370738379,0.00032625085833251047,0.0005840629709291355,17.655449116634006,0.0084,0.7,10
0.0040760229367645,0.0106227565292401,0.0009852402818907686,0.000689431127096191,17.840278981807675,0.0084,0.7,10
0.0041401152027377,0.0106443857967601,0.0018135359313259,0.0005224929303199259,17.945752869183817,0.0084,0.7,10
0.0042271163863847,0.0106608948541027,0.0034326301289239,0.0001569119801274879,18.074826555776387,0.0084,0.7,10
0.0043296295347429,0.010674725237926,0.0059485329938175,-0.0004226195154700657,18.215046334660894,0.0084,0.7,10
0.0059297583006367,0.0108350690654382,0.0547773137260917,-0.0267896899160751,19.38459638146953,0.0084,0.7,10
0.0058146890922227,0.0108166689690496,0.0531573533533899,-0.0243385485856786,19.33309079111282,0.0084,0.7,10
0.0057033060397302,0.0108105580793846,0.0503767133690504,-0.0222509303726553,19.271213887645743,0.0084,0.7,10
0.0060941038391967,0.0107494909676556,0.065702454523756,-0.0277083824680174,19.44071763343041,0.0084,0.7,10
0.0059875704084328,0.0107338550794798,0.064504647064793,-0.0253036169576621,19.37994835979717,0.0084,0.7,10
0.0044452582457909,0.0106797447758152,0.0096157212661342,-0.0010661010867314,18.361453807442363,0.0084,0.7,10
0.0048879411396688,0.0107619354203832,0.0233880104338252,-0.0082886009926059,18.789396450360343,0.0084,0.7,10
0.0050054543847656,0.0107395118641331,0.0293525142920067,-0.0087874009506942,18.86322704673168,0.0084,0.7,10
0.00455841256141,0.0106925163753278,0.0133370538676773,-0.0022871337963654,18.481568162282027,0.0084,0.7,10
0.0047681958718456,0.0107312232930836,0.0200372615326551,-0.005681551948966,18.686952660928355,0.0084,0.7,10
0.0046615415852568,0.0107093129008865,0.0167030707099862,-0.0037869942546636,18.578477348299423,0.0084,0.7,10
0.0053276497501145,0.010824128040315,0.0368941443235113,-0.0166622021452139,19.08251564178037,0.0084,0.7,10
0.005106072689205,0.0107655189400457,0.0319390525771131,-0.0112100002614945,18.945872576533585,0.0084,0.7,10
0.0052168948178395,0.0107865235818927,0.0350706498014153,-0.0136172079561604,19.021666431783867,0.0084,0.7,10
0.0055639493717162,0.0108056880310113,0.0462815216725262,-0.0197705301760115,19.21039434367457,0.0084,0.7,10
0.0054361571480019,0.010744638025526,0.0461114355519272,-0.015486720724357,19.132990446079617,0.0084,0.7,10
0.0070736571291443,0.0102548078016944,0.1323861738242526,-0.0474513851016225,19.673370426823112,0.0084,0.7,10
0.0071062154667737,0.0101275721114358,0.1516248235149885,-0.0491661101701385,19.63170079729389,0.0084,0.7,10
0.0066299946209066,0.0105500270856513,0.0939174664785973,-0.0358546124649145,19.596339267881746,0.0084,0.7,10
0.0065297992623386,0.0105807940991741,0.0895389944621339,-0.0338613973986351,19.567590675445107,0.0084,0.7,10
0.0068441414622017,0.0103714500024198,0.1166468158332388,-0.0404413730272713,19.622989334122007,0.0084,0.7,10
0.0066450286061736,0.0104526939433497,0.1053780685752747,-0.0354184870014708,19.57430410817122,0.0084,0.7,10
0.0067278814396401,0.0103902959173426,0.1136860764757591,-0.0372808642899907,19.58087625591401,0.0084,0.7,10
0.0069286602834944,0.0102898174673379,0.127760520037353,-0.0429065195991091,19.63479774443427,0.0084,0.7,10
0.0071381041241782,0.0100002976522848,0.1724273291688571,-0.0507295944070694,19.583892917923567,0.0084,0.7,10
0.0071683577354206,0.0098720188051116,0.1948947822310619,-0.0519955174743727,19.528181123369738,0.0084,0.7,10
0.0062751295185807,0.0106958649864784,0.074197537701303,-0.0301362366523433,19.50546820055372,0.0084,0.7,10
0.0064329480804216,0.0105215694157434,0.0948507963478949,-0.0307899221342113,19.52124200258021,0.0084,0.7,10
0.0063436580177624,0.010598664577936,0.085014955020537,-0.029903979761939,19.499846652008216,0.0084,0.7,10
0.008069842426989,0.0081518515724363,0.6085190280188383,-0.0407913071260697,17.878335757228708,0.0084,0.7,10
0.008081982505887,0.0082782813314068,0.5835558714006087,-0.0536014192105011,17.9646710230441,0.0084,0.7,10
0.0079692459117365,0.0083323374047161,0.5620382048951077,-0.0504398041858353,18.12683843636427,0.0084,0.7,10
0.0078778902142314,0.0084031700088132,0.5393059148762208,-0.0497300098857042,18.275617762557044,0.0084,0.7,10
0.0071986838790426,0.0097447125847224,0.218595200650389,-0.0529409829844901,19.467524984495807,0.0084,0.7,10
0.0077967940965115,0.008475932134435,0.5173140586831063,-0.0493891050105428,18.398453095469677,0.0084,0.7,10
0.0072284064020881,0.0096210679508676,0.2428715727302519,-0.0534739258531159,19.400160774719943,0.0084,0.7,10
0.0072497304553796,0.009517947553915,0.2638570217518652,-0.0533532798884002,19.33630583606496,0.0084,0.7,10
0.0073346629758802,0.0094346982949723,0.2825286547256568,-0.0573187080917365,19.291075003585743,0.0084,0.7,10
0.0077126585144431,0.008539406318285,0.4974866517389054,-0.047655995787114,18.518447010189927,0.0084,0.7,10
0.0077091304620108,0.0086880300934209,0.4641370938749194,-0.0569418503720254,18.63496112129214,0.0084,0.7,10
0.0074949701617204,0.0092646914294226,0.3228557469311433,-0.0644714559572194,19.15767444573072,0.0084,0.7,10
0.0075344330217791,0.009161499800367,0.3472540038641624,-0.0645194010243075,19.06746796028209,0.0084,0.7,10
0.0073786357859875,0.0092922160901257,0.3139963887073805,-0.0572433964305983,19.20031217856226,0.0084,0.7,10
0.0075056657658877,0.0090561095526568,0.3703043487103535,-0.0591135256208925,19.0175851509064,0.0084,0.7,10
0.0076400648506387,0.0088323481940572,0.4272610622139008,-0.0595530800144863,18.784069549430487,0.0084,0.7,10
0.0075823651205994,0.0089566411739149,0.3960421515776719,-0.0608806098392217,18.90464727195888,0.0084,0.7,10
0.008324969138656,0.00788205130765,0.6860810217694435,-0.0270311908667163,17.334601914895444,0.0084,0.7,10
0.0082979997954341,0.0077320907549762,0.7055025440620898,-0.0069752980124693,17.294499374764953,0.0084,0.7,10
0.0083772830277179,0.0074999882231719,0.7424364173831152,0.0197601687083192,17.05773425222682,0.0084,0.7,10
0.0082688079135224,0.0075943396814522,0.7186216758894833,0.0121591270508823,17.288973064191627,0.0084,0.7,10
0.0083369079198991,0.0073486337179607,0.7482295199153963,0.041999090251384,17.090728522237267,0.0084,0.7,10
0.008375678229148,0.0070683998850927,0.7604752568074978,0.0786909536317798,17.057952281510918,0.0084,0.7,10
0.0083478541748084,0.0072014269051764,0.7556368639086272,0.0615427385182691,17.084999697685742,0.0084,0.7,10
0.0081858981269698,0.0079540203067294,0.657526074857742,-0.0272379030299002,17.573970803781872,0.0084,0.7,10
0.0080616314463875,0.0080218167410693,0.6320628083044023,-0.0269311763070524,17.79968600267839,0.0084,0.7,10
0.0074920569037093,0.0015078859196408,-0.0006855037705051752,-0.017081289269015,20.70124574342596,0.0084,0.7,10
0.0074994586898975,0.0015917903931656,-0.0006403317392831173,-0.016652903299172,20.77381563714424,0.0084,0.7,10
0.0075021647338967,0.0016766303577275,-0.0005419895465449421,-0.0163139128204401,20.842756418143537,0.0084,0.7,10
0.0073694707054528,0.0014862476890196,-0.000458032232843673,-0.0215966300862761,20.6418226351638,0.0084,0.7,10
0.0080465548974312,0.0030173575491338,0.0075171426941354,0.0111042889536392,22.30747492746076,0.0084,0.7,10
0.0080076769816819,0.0029432771593993,0.0065661847478014,0.0094714435212092,22.25472359765468,0.0084,0.7,10
0.0079754154591292,0.0028661434728343,0.0053841293665584,0.0075254219824212,22.195563352223825,0.0084,0.7,10
0.0079445500630724,0.0027887672775892,0.0043385237127083,0.0056810333529205,22.129809988629287,0.0084,0.7,10
0.007914832860578,0.0027109680781231,0.0034267889691126,0.0039308714870839,22.06147326566989,0.0084,0.7,10
0.0078865577839284,0.0026324623929361,0.0026192742833251,0.0022678818260384,21.983408760209247,0.0084,0.7,10
0.0078601682665631,0.0025532855223592,0.0019023420993543,0.0006916927061374479,21.899771664820907,0.0084,0.7,10
0.0078351881402361,0.0024738147061574,0.0012844751334458,-0.0007700103755823263,21.81389850346699,0.0084,0.7,10
0.007811074699581,0.0023938975982329,0.0007746562550969203,-0.0021209995381295,21.72573160918878,0.0084,0.7,10
0.0077333116496387,0.002071652763473,-0.0004721630666138969,-0.0063292637769065,21.35436449628351,0.0084,0.7,10
0.0077889052589336,0.0023133943313849,0.000348842851037458,-0.0033601104642035,21.63390468817686,0.0084,0.7,10
0.0077682576099644,0.0022326149175621,7.087237963732499e-06,-0.004484756992742,21.542867544695078,0.0084,0.7,10
0.0077546812300311,0.0021523335367388,-0.000295221408512265,-0.0053337638316781,21.450099752281456,0.0084,0.7,10
0.0076077000709235,0.0017967189689686,-0.0006769528367387207,-0.0118731100133252,20.996689128135667,0.0084,0.7,10
0.0075099947268107,0.0017658157809239,-0.0003570219217740675,-0.0156414459721039,20.91908082745631,0.0084,0.7,10
0.0076168381625259,0.001878296554748,-0.000550618800107928,-0.0112487949647251,21.079769752213096,0.0084,0.7,10
0.0076279912297741,0.0019624074871411,-0.0003463940167997065,-0.010437964283012,21.164840467828785,0.0084,0.7,10
0.0076459392234433,0.0020451850643847,-9.939761399583704e-05,-0.0093008495755399,21.253939786433133,0.0084,0.7,10
0.0073524206123933,0.0013799243895673,-0.0005779950129701799,-0.0223946802717042,20.56900713061704,0.0084,0.7,10
0.0072770256522901,0.0012789471261114,-0.0005957340207322473,-0.0249601139687688,20.49327537276068,0.0084,0.7,10
0.0072097978412207,0.0011903826982567,-0.0006573181348530651,-0.0270490297755579,20.430231854711213,0.0084,0.7,10
0.007146268685851,0.0010972122161417,-0.0007488097429597835,-0.0288516292249703,20.37271174371102,0.0084,0.7,10
0.0070870710178247,0.0009994801584095056,-0.000842242185303336,-0.0303810704352186,20.31845971586617,0.0084,0.7,10
0.007030689230839,0.0009003492655040065,-0.0009046540043830192,-0.0317038153327577,20.268696611993796,0.0084,0.7,10
0.008318433957134,0.003535330346346,0.0207413595255476,0.0269872839602948,22.40449310835425,0.0084,0.7,10
0.0085127668374309,0.0038051814726469,0.029300640263505,0.0341753835326612,22.25721780539561,0.0084,0.7,10
0.008458803738667,0.0037398640197974,0.0276158972829154,0.0330513798573325,22.30436708129456,0.0084,0.7,10
0.0084107876391933,0.003673832390592,0.0253639275876359,0.0312186983356025,22.34959563173096,0.0084,0.7,10
0.0083638814882645,0.0036048801387414,0.02298394098727,0.0291114025983983,22.3794992559879,0.0084,0.7,10
0.0079901440805959,0.0030909081037354,0.0142174305138227,0.0181647371023442,22.188885413850475,0.0084,0.7,10
0.0080250964881771,0.0031660460839756,0.0164438228217075,0.0211404520506985,22.21701670600103,0.0084,0.7,10
0.0080662767412025,0.0032432610533152,0.0187013212488997,0.024075810570072,22.24568179632321,0.0084,0.7,10
0.0081053755691619,0.0033205134815234,0.0214491117443738,0.0273415949429494,22.2587769846677,0.0084,0.7,10
0.0081462505933932,0.0033955512040825,0.0242784882661532,0.0305196719398563,22.26369506746606,0.0084,0.7,10
0.0081880262649087,0.0034689132716069,0.0272649348674565,0.0336996924842152,22.260282033123318,0.0084,0.7,10
0.0082309738967673,0.0035409320079246,0.0303936952782244,0.036873683448388,22.243644030171613,0.0084,0.7,10
0.0085213201405559,0.0039546075544395,0.0524374686326754,0.0547348367299207,21.954329427620603,0.0084,0.7,10
0.0084712819331554,0.003887376826081,0.0480035042352052,0.0515922419330986,22.0304979372948,0.0084,0.7,10
0.0042037396754834,0.0005016186780100845,0.00018830189130521007,-0.0017608967914826,19.657265143784365,0.0084,0.7,10
0.0084948803352976,0.004666879618674,0.2352964248092632,0.1561794777750573,20.296764022037816,0.0084,0.7,10
0.0082800039037679,0.006977305751663,0.746584264725917,0.0927183051012625,17.262398810308394,0.0084,0.7,10
0.0086103643802544,0.0056813696221842,0.5557608968169084,0.2057704733267873,18.02035318148977,0.0084,0.7,10
0.0085431303441089,0.0055682480306939,0.5204248470365344,0.2067366914065043,18.3240851464776,0.0084,0.7,10
0.0085512887860276,0.0054587928612346,0.4864265994753977,0.20648257517345,18.521119748369674,0.0084,0.7,10
0.0085452538653458,0.0053300510451811,0.4453206344868531,0.2038696957548622,18.789150671107013,0.0084,0.7,10
0.0085246975335175,0.0047728973839375,0.2649393190237714,0.1662919912324824,20.070307512002447,0.0084,0.7,10
0.0085601113864913,0.0048492529697452,0.2858961046754134,0.1725345571398834,19.85555980153116,0.0084,0.7,10
0.0084402301389359,0.004760308895251,0.2695472685327732,0.1681462987208475,20.08682272854442,0.0084,0.7,10
0.0085427359084148,0.0051966966325536,0.4018350165036025,0.1986581155824038,19.0773547581217,0.0084,0.7,10
0.0085448217939943,0.0050650599140309,0.3583043045161223,0.1909630858924444,19.3601030966778,0.0084,0.7,10
0.0085456073558746,0.0049443394879177,0.3183615771485474,0.1817418320295828,19.63708855606228,0.0084,0.7,10
0.0084333107825138,0.0068006031993506,0.7579109394316789,0.112763062104515,17.03764428167406,0.0084,0.7,10
0.0084609866196982,0.0066645545832531,0.7496095342991764,0.1293377475292185,17.066949441573243,0.0084,0.7,10
0.008486038524636,0.0065274460604434,0.7362822534630019,0.1451683396542042,17.123441825856812,0.0084,0.7,10
0.0085389350056632,0.006250946990908,0.6957174011914762,0.1731285391780621,17.290804753087745,0.0084,0.7,10
0.0085099287684583,0.0063874579556067,0.7177428856135196,0.1600915285974845,17.205474658605496,0.0084,0.7,10
0.0083098493136973,0.0068420328828769,0.7450163253717385,0.1092118341363884,17.254656077296882,0.0084,0.7,10
0.0085070189991382,0.0057654285916301,0.5772863463504891,0.2028119664927026,18.039698078348906,0.0084,0.7,10
0.0084591072843712,0.0061615205034873,0.6709551228379137,0.1802566115347715,17.53419833275547,0.0084,0.7,10
0.0084727748826107,0.0058820285435652,0.6069090883454761,0.1979640173033272,17.899712466372765,0.0084,0.7,10
0.0084674031378762,0.0060180721127301,0.6399150564592072,0.190455480473537,17.712220659529894,0.0084,0.7,10
0.0084728597005989,0.004047636984587,0.0774908056279868,0.0744941095911347,21.701379362751183,0.0084,0.7,10
0.0084843731084001,0.0042120268554028,0.1120227748185865,0.0971161379976516,21.331723285144736,0.0084,0.7,10
0.0084191117252582,0.0041502607212831,0.1070217620757123,0.0945282337531919,21.41919760229703,0.0084,0.7,10
0.0084936870952192,0.0043867243246598,0.1549340923164992,0.1209466103816516,20.936305678294502,0.0084,0.7,10
0.0084349674211349,0.004317682428481,0.1448925405845959,0.1160872801719578,21.068537532562924,0.0084,0.7,10
0.0084578814148083,0.0044831943092432,0.1860765875064026,0.1361399375941367,20.71214629753564,0.0084,0.7,10
0.0084230089455401,0.0045851863531014,0.2192719184462656,0.1502640183681421,20.4671546821781,0.0084,0.7,10
0.0061634261047633,0.0106567820223619,0.0757108434396753,-0.0270495029688932,19.445074242771625,0.0084,0.7,10
0.0040100226240523,0.0105461601269281,0.000768336425468896,0.0011777374641656,17.681194761268376,0.0084,0.7,10
0.0039599387405218,0.0104915139318207,0.0005127785664382091,0.0010173953122838,17.56968294507646,0.0084,0.7,10
0.0040489623673631,0.0105450194981193,0.0014457224678961,0.0017552013563085,17.75548597504869,0.0084,0.7,10
0.0041133915821923,0.0105654922214867,0.0024973522622253,0.0020499151672716,17.863625187683752,0.0084,0.7,10
0.0042001482065699,0.010581421113437,0.0044239392581283,0.0022450745739084,17.997319923241097,0.0084,0.7,10
0.0043136164946454,0.0105908574279401,0.0077815721165805,0.0023253440857112,18.154773445417096,0.0084,0.7,10
0.0044259669460055,0.0105999788540676,0.0116385338820431,0.0019599817959924,18.302643795466626,0.0084,0.7,10
0.0058763920864978,0.0107119687041944,0.0633487726709877,-0.0225026198660906,19.34065808595165,0.0084,0.7,10
0.0056605280836153,0.0106812657218339,0.0590205439239333,-0.0172706554982644,19.230396560982584,0.0084,0.7,10
0.0057746671907208,0.0106945331554528,0.061718798504649,-0.0199577227819518,19.2843590880526,0.0084,0.7,10
0.0060440033939397,0.0106218043836977,0.0761573938243752,-0.0235812106111826,19.39245550163008,0.0084,0.7,10
0.0059446185854673,0.0106401608259496,0.0716760444079252,-0.0218514596151225,19.34556298422661,0.0084,0.7,10
0.0045283809958007,0.0106078842711875,0.0155074301439647,0.0012932381905057,18.419823453133564,0.0084,0.7,10
0.005074380092659,0.0106647266099313,0.0367334121526336,-0.0065142302743532,18.891216393952703,0.0084,0.7,10
0.0049618673841788,0.0106619569104302,0.0318923210343253,-0.0049495945496909,18.80556762280159,0.0084,0.7,10
0.004855414048578,0.0106587771104944,0.0273614684968572,-0.0035511228626921,18.726440413994315,0.0084,0.7,10
0.0046310328743225,0.0106160174652784,0.0195784134498532,0.000366086421517994,18.520652131498043,0.0084,0.7,10
0.0047503813911374,0.0106256160871919,0.0244121219957245,-0.0010060126464594,18.630852766820848,0.0084,0.7,10
0.0053250286204924,0.0107010758482022,0.0448693193973937,-0.0119424536944926,19.05295596116714,0.0084,0.7,10
0.0052003227499029,0.0106599968096815,0.0424841928069538,-0.0082122543760959,18.980281017972967,0.0084,0.7,10
0.0051330514256246,0.0105847149195367,0.0448001580335146,-0.0037865444384134,18.91258599570533,0.0084,0.7,10
0.0055393272681901,0.0106502931585629,0.0570962821804207,-0.0137707040733946,19.15939223374255,0.0084,0.7,10
0.0054282868955136,0.0106161350194616,0.0553968800173688,-0.0102937284780698,19.10054604377928,0.0084,0.7,10
0.0069729325184382,0.0101507808485914,0.1481459815522861,-0.0442930805556731,19.603738143608123,0.0084,0.7,10
0.0070108608081642,0.0100238570479204,0.1683220587782838,-0.0454270502765152,19.55873369874463,0.0084,0.7,10
0.006537655176025,0.0104610787732402,0.1031903761693693,-0.0326521682580624,19.540909426796848,0.0084,0.7,10
0.0064340225460069,0.0104250650257736,0.1058724218935453,-0.0292041294685167,19.487063583128943,0.0084,0.7,10
0.0067909966573917,0.0102738677903616,0.1295411333629415,-0.0384485426557818,19.593737500484742,0.0084,0.7,10
0.0066047255541867,0.010359840249435,0.1164025088663451,-0.033312532568767,19.5528532222277,0.0084,0.7,10
0.0066753725563684,0.0102871436749007,0.1267270749588356,-0.0347196248717067,19.54408246179995,0.0084,0.7,10
0.0068409357625192,0.0101666289761073,0.1452182575689272,-0.0394638805385551,19.557937657100293,0.0084,0.7,10
0.0070441941321989,0.0098972557962904,0.1898518395552198,-0.0462321659647274,19.51041612851108,0.0084,0.7,10
0.0070773208719618,0.0097711923725284,0.2126306893952026,-0.0467960857991264,19.45773618356151,0.0084,0.7,10
0.0062360693196085,0.0105594940513459,0.0870031346368955,-0.0265758850192826,19.44555576328881,0.0084,0.7,10
0.0063282577041506,0.0104510557264775,0.1007849203821079,-0.0266856850628807,19.46214480635827,0.0084,0.7,10
0.0079454580518365,0.0080861516008606,0.608596819385934,-0.0260019730831803,17.99079437375764,0.0084,0.7,10
0.0079554828024633,0.0082127697376788,0.5855085678125463,-0.0388377057135585,18.061927815272277,0.0084,0.7,10
0.0078382910827511,0.0082740497751283,0.562829063639294,-0.0361099899039276,18.228203316147425,0.0084,0.7,10
0.0077607365155662,0.0083560003097099,0.5397933074933601,-0.0374638223867925,18.34427854496988,0.0084,0.7,10
0.0071111400574543,0.0096478213937556,0.2361492820057456,-0.0471139845652929,19.398972306337477,0.0084,0.7,10
0.007687052667365,0.008429023680023,0.5190293325552487,-0.0377626852207576,18.457863537556424,0.0084,0.7,10
0.007147083305513,0.00953113917005,0.2594438028710705,-0.0473132654686821,19.342559823278208,0.0084,0.7,10
0.0071970366431913,0.009420717956465,0.2826761232149173,-0.0481767682170947,19.289351421473683,0.0084,0.7,10
0.0076187545163629,0.0084860490142945,0.5022112360226724,-0.0368908219000507,18.56190454554677,0.0084,0.7,10
0.0072487912123206,0.009308113345945,0.3073673832405536,-0.0488558278389593,19.217275326295013,0.0084,0.7,10
0.0075969134895772,0.0085831093819778,0.4802650669298744,-0.0419328600609588,18.640621516227142,0.0084,0.7,10
0.0075568787788019,0.0087110418659661,0.4501052750228753,-0.0467682174632926,18.735239043037364,0.0084,0.7,10
0.0074068750402576,0.009154487783286,0.34501015681545,-0.0553766656329758,19.091812672771223,0.0084,0.7,10
0.0072958962651923,0.0092033040197179,0.3309028994874703,-0.0490299128623757,19.149421178570204,0.0084,0.7,10
0.0073909238228106,0.0090297940858349,0.37184847683327,-0.049719422038764,19.03195350462761,0.0084,0.7,10
0.0074449773670605,0.0089435988373777,0.3931081891363526,-0.0501434068320614,18.94626230810984,0.0084,0.7,10
0.0075041456560369,0.0088359413778783,0.4197247660103915,-0.0495203045761827,18.852474204005745,0.0084,0.7,10
0.008178211038335,0.0078150966420974,0.6789058747417651,-0.0106136927373932,17.515709618726437,0.0084,0.7,10
0.0081600568338438,0.0076795490097058,0.6950638591410946,0.0067799097852936,17.487840242059942,0.0084,0.7,10
0.0082396186160545,0.0074643914959454,0.7270746368719098,0.0303942619145716,17.310674218247257,0.0084,0.7,10
0.0082113260843304,0.0073501620355022,0.7313712299918677,0.0463482218054296,17.330312135358792,0.0084,0.7,10
0.0081356634285727,0.0075453741527942,0.7067117704063383,0.0246120087568318,17.490911334701178,0.0084,0.7,10
0.0082371751355908,0.0072401593301501,0.7397278791295435,0.0598897744518243,17.302627201456843,0.0084,0.7,10
0.0082506450553353,0.0071124410612024,0.7439901347777541,0.0760308012721219,17.280808301193968,0.0084,0.7,10
0.008138859766238,0.0072909319964124,0.7250941894429045,0.0565621058963013,17.442237160572056,0.0084,0.7,10
0.0080550428470507,0.0078872715649146,0.6537364389209981,-0.0118360342040979,17.738527420451742,0.0084,0.7,10
0.0079364027744314,0.0079546349347752,0.6301852706824125,-0.0119419534216776,17.93160971588617,0.0084,0.7,10
0.0073751159061388,0.0015718087681361,-0.0002916817202170653,-0.0211344224884066,20.708098028554787,0.0084,0.7,10
0.007397858993206,0.0016473192803615,-0.0001559667165047746,-0.020031477268675,20.775010964359183,0.0084,0.7,10
0.0074015002572596,0.0017328870471325,0.0002083589815851037,-0.019354403658083,20.840001798836425,0.0084,0.7,10
0.0072900105212169,0.0014434681587721,-0.00031682674914817007,-0.0242398086149657,20.597621848689112,0.0084,0.7,10
0.0072874491764096,0.001522015436622,-5.183063132311659e-05,-0.024016003950169,20.65023716014066,0.0084,0.7,10
0.0079537904997918,0.0030113597570957,0.012153774970995,0.0152369970388331,22.14909276867604,0.0084,0.7,10
0.0079194082506341,0.0029334843394669,0.0103257649883976,0.0124827088940652,22.09681616120264,0.0084,0.7,10
0.007889077587889,0.0028563221270538,0.0086234825854036,0.0098116460330689,22.04709073447947,0.0084,0.7,10
0.0078577985852982,0.0027774791733127,0.0071397260456998,0.0072749948014035,21.98591633343095,0.0084,0.7,10
0.0078289549261007,0.0026992048267042,0.0058256716768867,0.004898767826819,21.91901374312768,0.0084,0.7,10
0.0077996169699901,0.0026160145512957,0.0046184664890785,0.0025241944847995,21.847247919902006,0.0084,0.7,10
0.0077727002570007,0.0025357795815832,0.0035729394311378,0.0003643899854323019,21.76753835655316,0.0084,0.7,10
0.0077492752949682,0.002457060191913,0.0026559061782912,-0.001589328826172,21.688912212479934,0.0084,0.7,10
0.0077251598467018,0.0023754629098528,0.0018907645512781,-0.0034413673505415,21.60465010302997,0.0084,0.7,10
0.0076657132178225,0.0021305138616987,0.00024588428182920936,-0.0079867973662488,21.344931701814684,0.0084,0.7,10
0.0077034132983129,0.0022932582970758,0.0012263613680555,-0.0051411690268598,21.52102619166891,0.0084,0.7,10
0.0076844718404062,0.0022133469555262,0.0006854715447154792,-0.006614542569236,21.434093687808343,0.0084,0.7,10
0.0075195250923852,0.0018509047240925,-9.321657141458764e-05,-0.0147888624006042,20.997210676396865,0.0084,0.7,10
0.0074072181495129,0.0018194392861886,0.0006899333660768228,-0.0184366980050488,20.908563557120257,0.0084,0.7,10
0.0075347380287981,0.0019369340903616,0.00023310482130180647,-0.0136091375965654,21.0770995528479,0.0084,0.7,10
0.0075491231189796,0.0020196756114588,0.0006727459393895346,-0.0123297234548901,21.15697055181563,0.0084,0.7,10
0.007563876559831,0.0021060726837293,0.0012664186283777,-0.0108418936300511,21.236548822117047,0.0084,0.7,10
0.0072402712312203,0.0013756713280644,-0.00036733644431744607,-0.0259194181969609,20.53803665766981,0.0084,0.7,10
0.0071664628496762,0.0012955710326858,-0.0004161453190474366,-0.0281531904252551,20.47664910811282,0.0084,0.7,10
0.0070965034026387,0.0012036151072302,-0.000551527905532779,-0.0301254559162829,20.41415238254797,0.0084,0.7,10
0.0070307790585422,0.0011055679497363,-0.000732897069991672,-0.0318172241236503,20.354245919877027,0.0084,0.7,10
0.0069682852215527,0.0010034384551725,-0.0009114891266752492,-0.0332706016256208,20.297975209149996,0.0084,0.7,10
0.0069093370023104,0.000898936765690823,-0.0010430043002998,-0.0345008040977091,20.245680694060358,0.0084,0.7,10
0.00788645801869,0.0030908672625974,0.020733931629415,0.022685037443457,22.01786239263797,0.0084,0.7,10
0.0082760974409411,0.0036117689552845,0.0335840635982323,0.0398997596980467,22.22103492684528,0.0084,0.7,10
0.0084197061873658,0.0038189858882847,0.0441301723869108,0.0487483085631987,22.09305903335109,0.0084,0.7,10
0.0083698507426604,0.0037493484234597,0.0403392155232567,0.0457413758781404,22.148062394197968,0.0084,0.7,10
0.008322822388783,0.0036820512095045,0.0369582411827572,0.0429165356352046,22.18832348992921,0.0084,0.7,10
0.0079203512278733,0.0031720615593323,0.0240933526710615,0.0268102875233594,22.04343833844266,0.0084,0.7,10
0.0079602054635769,0.003251145480146,0.0272781855167029,0.0308045797590689,22.06478097697749,0.0084,0.7,10
0.0080002098646687,0.0033251480855322,0.0304118734545944,0.0345629069665624,22.075315403209174,0.0084,0.7,10
0.0080889661690036,0.003479880378841,0.0378034028405825,0.0426085062916296,22.09037058250888,0.0084,0.7,10
0.0080452285976549,0.0034043549253792,0.0340104066790401,0.0385921985944367,22.093553191277863,0.0084,0.7,10
0.0081311170883782,0.0035520863144449,0.0418052019851162,0.0466007874550976,22.075454467824127,0.0084,0.7,10
0.0081760176640828,0.0036241769849113,0.0459567895844319,0.0505518047396233,22.045672091180467,0.0084,0.7,10
0.0084214680753042,0.0039782235294352,0.0711853471012992,0.0703689446768479,21.782481660052323,0.0084,0.7,10
0.0083717576490889,0.0039092506174302,0.0653945316708501,0.06628815312809,21.873892619806306,0.0084,0.7,10
0.0042205377212511,0.0005687881408508007,0.00033626037592762964,-0.0029252847098219,19.68021377824687,0.0084,0.7,10
0.0041941866191951,0.0005819144902038844,0.0002152396593507044,-0.0017074978110977,19.689893831422253,0.0084,0.7,10
0.0042062185904083,0.00065059452283308,0.0003556845299831728,-0.0026476007729554,19.692687969405387,0.0084,0.7,10
0.0041830851071456,0.0006620554826405942,0.00023809482111508367,-0.001644701143429,19.699842407792737,0.0084,0.7,10
0.0083807672788613,0.0046912576804953,0.2547313856552404,0.1632795829212759,20.268468801058447,0.0084,0.7,10
0.0081517568100982,0.0070196982404209,0.7313308393604911,0.090134252696102,17.468639304188837,0.0084,0.7,10
0.0081853519303586,0.006882585205441,0.7317936654752942,0.1061378354801559,17.455481688834524,0.0084,0.7,10
0.0084675992501327,0.0056570139387779,0.5458784067793333,0.2052308691881139,18.257746536070798,0.0084,0.7,10
0.0084437457023829,0.0055283933977091,0.5082320045785935,0.2063249530753258,18.544060872837544,0.0084,0.7,10
0.0084359642204038,0.0054020987736193,0.4704101422211623,0.2053788489972736,18.767332684871075,0.0084,0.7,10
0.0084308796449134,0.0052719717324133,0.4304653808652193,0.2022399643098591,19.017889663239075,0.0084,0.7,10
0.0084531635723809,0.0048637649950617,0.3004652041220912,0.1774682780279746,19.83322306846718,0.0084,0.7,10
0.0083543425041415,0.0048006658092081,0.2896879221623278,0.1741510879576512,20.025041183323697,0.0084,0.7,10
0.0084255009079427,0.005139081193598,0.3891174690246173,0.1967046101770716,19.29156803484613,0.0084,0.7,10
0.0084257708370407,0.0050025116706764,0.346178756669888,0.1886536322748275,19.56640616995352,0.0084,0.7,10
0.0083372740982656,0.0067086744853114,0.7389742080282548,0.1250327728996203,17.2719584768394,0.0084,0.7,10
0.0083623342292363,0.0065779157272465,0.7287412294768344,0.139901867474333,17.30918101264406,0.0084,0.7,10
0.0083848069472389,0.0064428925024,0.7136756383352966,0.1542975798311853,17.38098769094074,0.0084,0.7,10
0.0083977378885244,0.0062934548326405,0.6910329467435617,0.1687258600986493,17.491544937613796,0.0084,0.7,10
0.0082155424892938,0.006750267602017,0.728019950220919,0.1213062594344132,17.469647065164065,0.0084,0.7,10
0.008343861289759,0.006181505408161,0.6657966798259666,0.1776505769592598,17.71461183809438,0.0084,0.7,10
0.00837111868987,0.0057686947540107,0.5738146935349643,0.2013633350327786,18.2285621147586,0.0084,0.7,10
0.0083575338332559,0.0060675499297761,0.6437739689221594,0.1861003481024356,17.831686849096126,0.0084,0.7,10
0.0083551225439071,0.0059228527096274,0.6112589616862721,0.1946182522655458,18.02364033849382,0.0084,0.7,10
0.008361419269476,0.0040820594903255,0.100113249944103,0.0903933548774945,21.50401540985349,0.0084,0.7,10
0.0083750879438924,0.0042480374138754,0.1356684228331552,0.1113491614921428,21.181932639175734,0.0084,0.7,10
0.0083141789608179,0.0041790187277109,0.1274703008282222,0.1067679248961977,21.271567096261013,0.0084,0.7,10
0.0083979814436823,0.0044116857267545,0.1741197905211656,0.1308273167985217,20.84850623722448,0.0084,0.7,10
0.0083456912507279,0.0043388576717924,0.1617862211767146,0.1248611063295215,20.99972288052265,0.0084,0.7,10
0.0083564012733651,0.0045108008013227,0.2059002977007039,0.1448585522562862,20.62054831448908,0.0084,0.7,10
0.0083144400807519,0.0046176289120336,0.2402027752303522,0.1579737336086109,20.406014758376077,0.0084,0.7,10
0.0039809410889782,0.010468241351991,0.0011151654730215,0.0019406045305091,17.59790388134363,0.0084,0.7,10
0.0039302974069169,0.0104159463499665,0.0007274507099143028,0.0014722190437782,17.485984859620743,0.0084,0.7,10
0.0061110049252876,0.0105274070588214,0.0873286355951458,-0.0226621658255723,19.39010681736477,0.0084,0.7,10
0.0040203649633111,0.0104678025522294,0.0019778946817017,0.0028829044318757,17.674782837635068,0.0084,0.7,10
0.0040852220170752,0.0104870429756648,0.0032837964066477,0.0036702575244706,17.784891399106105,0.0084,0.7,10
0.0041718665101702,0.0105011740542684,0.0055693754220855,0.0044961907683756,17.925381001493538,0.0084,0.7,10
0.0042845319831732,0.010509809350408,0.0093475088556687,0.0051844564360826,18.088171966194427,0.0084,0.7,10
0.004400903935056,0.0105189340145916,0.0137953801577414,0.0053006883926328,18.24483026044896,0.0084,0.7,10
0.0044950985434188,0.0105310751547301,0.0174668478518711,0.0047730478570652,18.35768926386282,0.0084,0.7,10
0.0056302480554503,0.0105484289708795,0.069311572812556,-0.0117109975083393,19.18489332500943,0.0084,0.7,10
0.0058542351398497,0.0105934666034219,0.0732174572598284,-0.0183779361734729,19.29925385223393,0.0084,0.7,10
0.0057399214373712,0.0105714997544827,0.071336834169813,-0.015062539507716,19.240160398819167,0.0084,0.7,10
0.0059643518032448,0.0105122947177842,0.0846152947558295,-0.0184906159438373,19.331860438442718,0.0084,0.7,10
0.0045921496441293,0.0105343331077485,0.0218336236015119,0.0043261270247294,18.461613922222984,0.0084,0.7,10
0.0050395135968984,0.0105766597916527,0.0409500746996917,-0.002014247584971,18.840617185725133,0.0084,0.7,10
0.0049287634498424,0.0105798329907276,0.0354377451559494,-0.0007546110818072001,18.766806641096164,0.0084,0.7,10
0.0048389227769074,0.0105810781096627,0.0310530762767808,0.0002221172567203152,18.70284228064265,0.0084,0.7,10
0.004695346681452,0.010526437430925,0.0272834351401054,0.0040921471907936,18.54920215230429,0.0084,0.7,10
0.0047830692137573,0.0105303982195821,0.0314046351268859,0.0032464993521246,18.62716282784081,0.0084,0.7,10
0.005119839554039,0.0105012673386621,0.05035218360198,0.00043256078341512776,18.886287110952967,0.0084,0.7,10
0.0053254744026288,0.0105837168858922,0.0535705369223506,-0.0069949854048664,19.029363413995487,0.0084,0.7,10
0.0052193846184561,0.0105352049555422,0.0525152682285839,-0.0028982709562368,18.96247671603028,0.0084,0.7,10
0.0055211717733709,0.0105263336367206,0.0668327636335905,-0.0084028577332618,19.133297663439407,0.0084,0.7,10
0.0055955289079796,0.0104581722284968,0.0763123368956144,-0.0072036339421093,19.16091623965598,0.0084,0.7,10
0.0054225626031833,0.0104907524534489,0.065672240229631,-0.0047534076325256,19.06620491053239,0.0084,0.7,10
0.0068762905204391,0.0100446750093668,0.1640975689413983,-0.0398774252135904,19.527120808971898,0.0084,0.7,10
0.0069151309356788,0.0099198479627022,0.1848073698748684,-0.0403304253327384,19.48890047554704,0.0084,0.7,10
0.0064864835917408,0.0103378963941038,0.1174161122483837,-0.0292948893395864,19.48612027794086,0.0084,0.7,10
0.0063850751754892,0.0103540137551153,0.1134418774033904,-0.0263407331490699,19.46643486015665,0.0084,0.7,10
0.0066933496414597,0.0101821743593463,0.1414759658476063,-0.0340800374179651,19.52096480709871,0.0084,0.7,10
0.0065599094442089,0.0102295400340115,0.1328380376224316,-0.0298954459705224,19.481101648968405,0.0084,0.7,10
0.0067388314637244,0.0100650058538602,0.159340302174854,-0.0343080428645582,19.492097733616166,0.0084,0.7,10
0.0069522880956205,0.0097953068066712,0.2067327096522875,-0.040553338084505,19.445354275065917,0.0084,0.7,10
0.0069879279662594,0.0096704504229213,0.2298840085539294,-0.0404586824130172,19.39624964819895,0.0084,0.7,10
0.0061968536266703,0.0104246116755054,0.1007142112374366,-0.0222921080193087,19.40914537480577,0.0084,0.7,10
0.0062854578384144,0.0103219670697904,0.1150731144565434,-0.0223742956440055,19.41479770555364,0.0084,0.7,10
0.0078213014491034,0.0080219067419654,0.6074151869754368,-0.0114910847360696,18.106573984735583,0.0084,0.7,10
0.0078280920466258,0.0081539225435907,0.5849154708861001,-0.0246328780435085,18.171054768377854,0.0084,0.7,10
0.007700987663029,0.0082354638494532,0.5584368869147035,-0.0231290093033356,18.33672933875032,0.0084,0.7,10
0.0076569758738965,0.0083332191898758,0.5359308249064372,-0.0280868678136419,18.4262407931499,0.0084,0.7,10
0.0070258248186638,0.0095490259082873,0.2535049879112758,-0.0402608033120309,19.346381309659083,0.0084,0.7,10
0.0075774459284187,0.0083846158784661,0.5196629068404262,-0.0263491409916627,18.53406897148712,0.0084,0.7,10
0.0070692408061204,0.0094308651271476,0.2775634348883222,-0.0401733078070766,19.29536522348474,0.0084,0.7,10
0.0071170845906282,0.0093133650288227,0.3024935774005751,-0.0400783840606556,19.229792534879355,0.0084,0.7,10
0.007523912345762,0.0084913012836294,0.4944221432997638,-0.0302462468676383,18.6337517804362,0.0084,0.7,10
0.0071691142705869,0.0091843709179405,0.3306776535956963,-0.0395090486505254,19.155104474447352,0.0084,0.7,10
0.0074731881580215,0.0085976933379055,0.4692065381996057,-0.0335637145899131,18.717353834749563,0.0084,0.7,10
0.0074240989150856,0.0087171990397983,0.4411582507714252,-0.0370908920503145,18.81300279251008,0.0084,0.7,10
0.0072758444114419,0.0090772596727275,0.3571175220229766,-0.0432484514098792,19.09306151870604,0.0084,0.7,10
0.0073194352703182,0.0089493533946984,0.3862352637540031,-0.041068333331836,18.99999811901632,0.0084,0.7,10
0.0073701685276195,0.0088356615160802,0.4130094865020735,-0.0394121398875509,18.908791385791247,0.0084,0.7,10
0.0080452994838222,0.0077555969026654,0.6715975670692961,0.0037520167281405,17.69285170767014,0.0084,0.7,10
0.0080348935503739,0.0076324364488299,0.6853825259204943,0.0187943064159314,17.662856499919517,0.0084,0.7,10
0.0081038828223007,0.0074057840332097,0.7142164705739135,0.0434236664527991,17.52014269599047,0.0084,0.7,10
0.0080144645537008,0.007509354410579,0.6951383717118,0.0345271514324139,17.673846527742153,0.0084,0.7,10
0.0081113977945338,0.0071676526778985,0.7256864547090307,0.0729173906029143,17.52137041285616,0.0084,0.7,10
0.0080210824197984,0.0070536955819145,0.7158478820407339,0.0890079967138331,17.67460849296611,0.0084,0.7,10
0.0080297079450966,0.0072864522720706,0.71177098449623,0.0608900996384085,17.631224356108703,0.0084,0.7,10
0.0079228288913432,0.0078224394718792,0.6486526334528867,0.0031001505013238,17.889839359637907,0.0084,0.7,10
0.0078133926060661,0.0078855930419176,0.627956614437429,0.0028396752981518,18.059606517998244,0.0084,0.7,10
0.0072896037485834,0.0016102944648342,0.00036366124221222574,-0.0234432829418002,20.70643755131982,0.0084,0.7,10
0.007302772234236,0.001788802920449,0.001558808287056,-0.0214894990204708,20.83117685443753,0.0084,0.7,10
0.0072947499516624,0.001700181967719,0.0008981671200924947,-0.0225969999390853,20.76976580044284,0.0084,0.7,10
0.007205255308839,0.0014756028331704,0.00013942223481110304,-0.0265022146261253,20.590388112374644,0.0084,0.7,10
0.0072031644622775,0.00157125798738,0.0007230572377674428,-0.0259686249748036,20.645680637147414,0.0084,0.7,10
0.0078490835154856,0.0030114042182106,0.0181357938846633,0.0190381504055453,21.97302627813348,0.0084,0.7,10
0.0078141370305335,0.0029289573968083,0.0155504362696731,0.0153323515486903,21.925007508057007,0.0084,0.7,10
0.0077848272550312,0.002852928060516,0.0133273395149071,0.0120346459246004,21.88137671627936,0.0084,0.7,10
0.0077570995737841,0.0027697375736582,0.0110385940115863,0.0086014982410976,21.826780629114317,0.0084,0.7,10
0.0077246922032043,0.0026875347837035,0.0092838750195149,0.0054874223118938,21.76503655230148,0.0084,0.7,10
0.0076889015663154,0.0026133051226573,0.0081562783371834,0.0028454503703603,21.68936379019964,0.0084,0.7,10
0.0076630313464347,0.0025306311119196,0.0066083204730457,3.356695762926074e-05,21.619028115228875,0.0084,0.7,10
0.007643513160654,0.0024423884988902,0.0049843084319772,-0.0026756988258344,21.549309950571416,0.0084,0.7,10
0.0076201159324551,0.0023583097174283,0.0038200890126827,-0.00507347131583,21.47297777497957,0.0084,0.7,10
0.0075821814364431,0.0021907918429931,0.0019672890902947,-0.0090994852413111,21.31993841052091,0.0084,0.7,10
0.0076045336696816,0.0022777161088608,0.0027799502306623,-0.0070665032976293,21.39955947479868,0.0084,0.7,10
0.0074257278749991,0.0019085332567363,0.0012039061064512,-0.0169513128751323,20.9834138962015,0.0084,0.7,10
0.0073139401679125,0.0018782244600043,0.0023763828211655,-0.0200774839436905,20.896370507892144,0.0084,0.7,10
0.0074367856894514,0.0019951969413311,0.0019375137840673,-0.0154993493071068,21.054656135620466,0.0084,0.7,10
0.007466743935777,0.0021737621890938,0.0039426958856531,-0.0116427606690539,21.201273829928564,0.0084,0.7,10
0.0074554625895444,0.0020814206157903,0.002722296419937,-0.0136650070224904,21.129887562723823,0.0084,0.7,10
0.0071261038909557,0.0014092429852988,0.00017657698252847572,-0.0288118899910195,20.526867353603688,0.0084,0.7,10
0.0070490583822018,0.0013155670816203,-4.421134404394655e-06,-0.030991865403459,20.458466464800495,0.0084,0.7,10
0.0069765507002438,0.0012173064026337,-0.00027551647320539263,-0.0328725407378025,20.392371521771267,0.0084,0.7,10
0.006908266491674,0.0011139421534054,-0.0005880119690372231,-0.0344770986737892,20.330291948100736,0.0084,0.7,10
0.0068428356426231,0.0010066235902747,-0.000884400160300994,-0.0358482105987239,20.27177592728494,0.0084,0.7,10
0.0067814367495686,0.0008964366885674576,-0.0011101191809666,-0.0369854698974625,20.217035747519255,0.0084,0.7,10
0.0078097342003445,0.0031792448899308,0.0326383090440886,0.0314478172582526,21.859334892073942,0.0084,0.7,10
0.0077777544096527,0.0030939512563029,0.0281882894465402,0.0263328740755552,21.84182030773553,0.0084,0.7,10
0.0082224892197172,0.0036957939951613,0.0503875099232706,0.0544667326689559,22.02688047547736,0.0084,0.7,10
0.0083194681616801,0.0038354212157494,0.0596971680358853,0.0620620183732497,21.932253345262534,0.0084,0.7,10
0.0082709537965314,0.0037663117118518,0.0549208019806408,0.0582889701291797,21.981838763654604,0.0084,0.7,10
0.0078397363924918,0.0032625536747615,0.0376256062313507,0.0367645652864445,21.870232851094677,0.0084,0.7,10
0.0079353198702406,0.0034187294477313,0.045272973726662,0.0459241926551839,21.896598145946296,0.0084,0.7,10
0.0078808535780488,0.0033412403536001,0.0418414336977222,0.0415839189204577,21.87257251961383,0.0084,0.7,10
0.0080153631872694,0.0035676240863807,0.0552588616106554,0.0557867055640138,21.86702133355308,0.0084,0.7,10
0.0079772541422433,0.0035002276318548,0.0506503415430364,0.0513005963278377,21.89677600534253,0.0084,0.7,10
0.0080614239338306,0.003639720782972,0.0601139463885761,0.0603376318580518,21.86161525104859,0.0084,0.7,10
0.0081120138091021,0.003719278765432,0.0660917450385858,0.0656499446745355,21.819467806940484,0.0084,0.7,10
0.0083019705107283,0.0040115876759349,0.0935883902389789,0.0862377635346148,21.56838428296137,0.0084,0.7,10
0.0082588074094546,0.0039404787376754,0.0855151751177637,0.0807041813249791,21.68171405902225,0.0084,0.7,10
0.0042464314403447,0.000590186590744161,0.0004690399455692237,-0.0042578910867548,19.669699367860748,0.0084,0.7,10
0.0042962577054206,0.0005649262497678955,0.000583402002488035,-0.0065345505568787,19.65383968031784,0.0084,0.7,10
0.0041968281550387,0.0007306702861409914,0.00040294915435043146,-0.0026612305752777,19.704420290518534,0.0084,0.7,10
0.0041703368269497,0.000741976876901007,0.00025765929706047505,-0.0015775223626451,19.71063045896409,0.0084,0.7,10
0.0042386785842955,0.0006680992865546871,0.0005303760143849841,-0.0042132048949595,19.682284442652502,0.0084,0.7,10
0.0082787542292692,0.0047299553144722,0.2755853882691038,0.1695470486203588,20.17548959483663,0.0084,0.7,10
0.0080593212479076,0.0069182039297331,0.718216077183852,0.1040301633987997,17.64820201102903,0.0084,0.7,10
0.0080956378159626,0.0067880028276068,0.7167823067042778,0.1182701793851418,17.659232025327302,0.0084,0.7,10
0.0083368290793588,0.0056183769499351,0.532913503936569,0.2044259219774979,18.505387105458528,0.0084,0.7,10
0.0083244885777979,0.0054786550489034,0.4939031430750811,0.2050784265868581,18.754623885687334,0.0084,0.7,10
0.0083198232319207,0.005348298675075,0.4563598632237943,0.2036302420812467,18.9801872686661,0.0084,0.7,10
0.0083159990941514,0.0052156047956219,0.4172071477055646,0.1999963628301248,19.22082950230578,0.0084,0.7,10
0.0082564418999663,0.0048311516652069,0.306646526176508,0.1781723770586418,19.97815337675844,0.0084,0.7,10
0.0083096120812021,0.0049272243518115,0.3311222727225308,0.1848125489132495,19.7752766391452,0.0084,0.7,10
0.0082927970769318,0.0050826446221177,0.378590927609619,0.1942432006766363,19.48332635260069,0.0084,0.7,10
0.0082421265976357,0.0066240672670618,0.7203600968273861,0.1352849351079252,17.485919917731138,0.0084,0.7,10
0.0082626203000756,0.006500538846142,0.7088627482937025,0.1483109144036748,17.532649332029354,0.0084,0.7,10
0.0082725385886222,0.0063765331761391,0.6929240849135675,0.1604857387833212,17.64610492412044,0.0084,0.7,10
0.0082623242008504,0.0062567816542889,0.6729232904646474,0.1709489198077471,17.75335130663606,0.0084,0.7,10
0.0081296261271941,0.0066667190007635,0.7120742789092874,0.1313096396048588,17.66063265046606,0.0084,0.7,10
0.0080292134763647,0.0067008581092142,0.7039980668031212,0.12830777168696,17.798510683929212,0.0084,0.7,10
0.0082426032255095,0.0061282201420911,0.6481622776127834,0.1805752465164554,17.95225745292024,0.0084,0.7,10
0.0082283067491944,0.005706176348989,0.5536567889082887,0.2009180609589021,18.49308078465181,0.0084,0.7,10
0.0082342942983041,0.0058484272764569,0.5882159245503288,0.1962257213684298,18.30212550240847,0.0084,0.7,10
0.0082374376923347,0.0059940404261235,0.6207541432995259,0.1890742461602677,18.10712137073212,0.0084,0.7,10
0.008252821499518,0.0041098069113677,0.1199944370047186,0.1021943780567345,21.372299002115444,0.0084,0.7,10
0.0082187956956021,0.0041991652373655,0.1437654715234139,0.1150371356263449,21.178183654559103,0.0084,0.7,10
0.0082766130667826,0.0042660356119636,0.1523862591724083,0.1199653197882196,21.072542852172763,0.0084,0.7,10
0.0082987021898682,0.0044334822352184,0.1917503118642027,0.1386095721112613,20.755227055254924,0.0084,0.7,10
0.0082572821010012,0.0043508459109539,0.1754132904374638,0.1309386808317051,20.917964728497825,0.0084,0.7,10
0.0082460416518701,0.0045339256991952,0.2241356245313363,0.1514766171321222,20.568246553656248,0.0084,0.7,10
0.0082016423063777,0.0046546688468363,0.2612998421388738,0.1641567598147668,20.33487485488072,0.0084,0.7,10
0.0079406368486955,0.0069557004905765,0.7057283629223835,0.1018063662952968,17.83711707951383,0.0084,0.7,10
0.0039501166133425,0.0103941131466141,0.0014592278543374,0.0026571638842008,17.517852112987274,0.0084,0.7,10
0.0038992153422191,0.0103409606482317,0.0009693200702130332,0.0019451832486331,17.41314748925178,0.0084,0.7,10
0.0039888272781348,0.0103915622251602,0.0025356457586952,0.0040211833956436,17.59721938047774,0.0084,0.7,10
0.0060603842210406,0.010395091662344,0.1001416370362155,-0.0174589484241211,19.35159234002876,0.0084,0.7,10
0.0040557165616612,0.0104093328633511,0.0041792294615349,0.0053750698469045,17.70981388684387,0.0084,0.7,10
0.0041428150843541,0.0104216174937822,0.0068803868328588,0.0068666519493869,17.856798575757328,0.0084,0.7,10
0.004249471751835,0.010428579124802,0.0109256083873588,0.0081870610771433,18.020129539853944,0.0084,0.7,10
0.0043716845433607,0.0104377219323354,0.0160827827801819,0.0088743685010178,18.188766689704675,0.0084,0.7,10
0.0044672213486341,0.0104457895331997,0.0203430551361652,0.0088298840278853,18.29669205052323,0.0084,0.7,10
0.0045492524799031,0.0104649281099482,0.0234635289175316,0.0078864218924028,18.40111228242903,0.0084,0.7,10
0.0056970581542904,0.0104517223390798,0.0811181304565496,-0.0094687182884237,19.20201140915802,0.0084,0.7,10
0.0058227921416858,0.0104595817018002,0.0851841753102525,-0.0130232764032123,19.26498621136574,0.0084,0.7,10
0.005921073602264,0.0103560157233788,0.0998035157524582,-0.0119979128178282,19.27712323469617,0.0084,0.7,10
0.0056223410597074,0.0103613804405136,0.0871452959801015,-0.0036434170884262,19.15895474811423,0.0084,0.7,10
0.0046478807857919,0.0104391939747884,0.0300606583558976,0.0088641224245065,18.491859140464797,0.0084,0.7,10
0.0050075817884708,0.0104868974147371,0.0457740868749765,0.0028710587322623,18.80257405483005,0.0084,0.7,10
0.0048782615278854,0.0104803868660904,0.0395180685970283,0.0048293903728072,18.70307600524283,0.0084,0.7,10
0.0047661941644573,0.0104440453189155,0.0361046371208245,0.0078540827360855,18.602209511399995,0.0084,0.7,10
0.0051009668562472,0.0104021320579278,0.0574175944671794,0.0058647761213432,18.856177387137,0.0084,0.7,10
0.0052185398270615,0.0104219951464698,0.0618604250790502,0.002702822957088,18.938978553449516,0.0084,0.7,10
0.0053190803590778,0.0104595384694646,0.0635658635949348,-0.0011330533498383,19.00709104402955,0.0084,0.7,10
0.0055068256273407,0.0104029957195227,0.0776955142804,-0.0026382062576101,19.102053817929114,0.0084,0.7,10
0.0054013370629604,0.0103975602794006,0.0732369907854043,9.480881007366844e-05,19.04608536675695,0.0084,0.7,10
0.0055447236906262,0.010301980731433,0.0897985140141699,0.0011607759530958,19.095960760272987,0.0084,0.7,10
0.0067792972869509,0.0099421081365412,0.1792485785755151,-0.0342309891340663,19.46468863624884,0.0084,0.7,10
0.0068187988858415,0.0098173181430229,0.2006807761062888,-0.0339899290341916,19.429886781940343,0.0084,0.7,10
0.0063943331391635,0.0102353911832601,0.1287314554418791,-0.0240437689663434,19.441136451165764,0.0084,0.7,10
0.0066011809682059,0.010090215295676,0.1532408584462457,-0.0289599758351779,19.460151982781174,0.0084,0.7,10
0.0064644384573418,0.0101135396430879,0.1469806116807065,-0.0238806060629891,19.42884524920545,0.0084,0.7,10
0.0066436478644033,0.0099654512075322,0.1730113381231728,-0.0283435242206852,19.437981058949493,0.0084,0.7,10
0.0068591027064954,0.0096922557748521,0.2233461401947619,-0.0336182605926591,19.388960699141798,0.0084,0.7,10
0.0068980729809219,0.0095683340582864,0.2468517393428759,-0.0329695936731144,19.34565637715569,0.0084,0.7,10
0.0061526500807058,0.0102925341382811,0.1149804711393008,-0.0171910249407172,19.36479615429636,0.0084,0.7,10
0.0062463162207617,0.010194996740103,0.1300988756986124,-0.0175590611030535,19.38189748268432,0.0084,0.7,10
0.0076980693798468,0.0079538329552484,0.6061448151376152,0.0030524315562729,18.207026307595413,0.0084,0.7,10
0.007707031221805,0.0080931935460037,0.5845012451623709,-0.0107849912836714,18.25263243796957,0.0084,0.7,10
0.0076090002378595,0.0081505263441582,0.5657273941282913,-0.0093507625351266,18.390246574766664,0.0084,0.7,10
0.007558656586668,0.0082609922225448,0.5417373904344683,-0.0152547250337588,18.477020939556063,0.0084,0.7,10
0.0069401070247891,0.0094464880082174,0.2710032558608794,-0.0322962783246939,19.299920674414093,0.0084,0.7,10
0.0074713838864431,0.0083671390911674,0.5150026293714026,-0.0173767228298473,18.601973155432493,0.0084,0.7,10
0.0069853179730988,0.0093267095231596,0.2957058804418728,-0.0315940515144334,19.249009418430315,0.0084,0.7,10
0.0070321587385868,0.0092100542992557,0.320561868854478,-0.0307591816498087,19.19381613861591,0.0084,0.7,10
0.0074054127682575,0.0084844643630625,0.4875431847624057,-0.0209630540294173,18.70458150010056,0.0084,0.7,10
0.0070655893742932,0.0091127406263229,0.3414489866019265,-0.029393326846223,19.15673957691151,0.0084,0.7,10
0.0071480702678837,0.0090659594081421,0.3543683602586513,-0.0334410585711073,19.099495169386994,0.0084,0.7,10
0.0073472567411611,0.0086015855708994,0.460418201658384,-0.0243304989758385,18.79392491605782,0.0084,0.7,10
0.0072920259421793,0.008721042998545,0.4328039732968663,-0.0273299436334123,18.88199846541245,0.0084,0.7,10
0.0071861756064771,0.0089631813763787,0.3773212647521259,-0.0318046443665816,19.0475464844078,0.0084,0.7,10
0.0072359671606878,0.0088413450653581,0.4049589498089413,-0.0296218414315146,18.97039676179433,0.0084,0.7,10
0.0079211454817287,0.0076952090653603,0.6649596959125647,0.0173804911843704,17.846256418554887,0.0084,0.7,10
0.007940374373065,0.007582732318482,0.6794643579914311,0.0292800210560498,17.804451268551052,0.0084,0.7,10
0.0079163693940305,0.0070547036009817,0.7038054962191947,0.0912199719498173,17.84239111455925,0.0084,0.7,10
0.0078489888228144,0.0070035525384742,0.6963042155122446,0.0983393651843202,17.921050673078724,0.0084,0.7,10
0.007956948503273,0.0073936624531392,0.6971094984027068,0.0507632833715142,17.740614475787563,0.0084,0.7,10
0.0078906224606884,0.0074847163029579,0.6826752589294124,0.0428768629674013,17.831523755489,0.0084,0.7,10
0.0079505567151068,0.0071701896669291,0.7062925955792145,0.07717497387672,17.74970537737445,0.0084,0.7,10
0.0079166020683104,0.007290492804461,0.6981228849905186,0.0642895333812084,17.79833572430701,0.0084,0.7,10
0.0078091644894823,0.0077440737788534,0.6467262735155844,0.0180306514272561,18.02254911911678,0.0084,0.7,10
0.0076928614960032,0.0078159097501463,0.6253085507144213,0.017053574614076,18.174616836337503,0.0084,0.7,10
0.0072062301899227,0.0016677610322781,0.0014628595361576,-0.025091222365941,20.7139117894305,0.0084,0.7,10
0.0072196585183285,0.0018451445735484,0.0033222923893371,-0.0226175541808,20.82466846800526,0.0084,0.7,10
0.0072115873799777,0.001752724229623,0.0022628082620378,-0.024042711414043,20.766024308215854,0.0084,0.7,10
0.007137080492569,0.0016307517038929,0.0017915935192417,-0.0269984278904693,20.65593982447865,0.0084,0.7,10
0.0070959086227743,0.0015313140350388,0.0011979821943348,-0.0287820083880801,20.581448008065497,0.0084,0.7,10
0.0077361052904435,0.0030124363376596,0.0251177922192597,0.0219762843222389,21.798967968303245,0.0084,0.7,10
0.0076977776447571,0.0029301604244176,0.0221560872090548,0.0176871837148699,21.75228713119333,0.0084,0.7,10
0.0076728022781201,0.0028459207981278,0.018721422543806,0.0133296766764599,21.719989793077783,0.0084,0.7,10
0.0076391252448377,0.0027630874599436,0.016208151841914,0.0094239262738202,21.663569366393343,0.0084,0.7,10
0.0076037535561016,0.0026856273048433,0.0143236749188853,0.0059937785044885,21.597343977784536,0.0084,0.7,10
0.0075719143420734,0.0026067508229268,0.0124457912488291,0.00264205350548,21.53806925209068,0.0084,0.7,10
0.0075513978226382,0.0025209078697642,0.0101316444542436,-0.0007303642284415094,21.474308525850876,0.0084,0.7,10
0.0075275901600181,0.0024335917455943,0.0082477456779359,-0.0038798267288445,21.40942273439798,0.0084,0.7,10
0.0075122780316778,0.0023423694762326,0.0063012827380638,-0.0067972266838991,21.34546846713253,0.0084,0.7,10
0.0074924790530058,0.0022577007503845,0.0049344966469506,-0.0092932486342713,21.27866331279401,0.0084,0.7,10
0.0073277128360145,0.0019677784925006,0.003344485585359,-0.0183802114475153,20.964361278650443,0.0084,0.7,10
0.0072337262665937,0.0019360112892035,0.0044951135761224,-0.0208441749303575,20.88848868620664,0.0084,0.7,10
0.0073796230467312,0.0022348146520056,0.0073445939365642,-0.0115899438403749,21.1654466532264,0.0084,0.7,10
0.007342997145827,0.002057505599707,0.0044985642473406,-0.0163977087934509,21.03083904194695,0.0084,0.7,10
0.007360118742881,0.0021466241486343,0.0058253917996153,-0.0141398786993963,21.09906313273196,0.0084,0.7,10
0.0070044120283854,0.001433514423685,0.0010127155419208,-0.0313669802130412,20.50571324096952,0.0084,0.7,10
0.0069242456989357,0.0013340859248324,0.0006465843924787089,-0.0334885802031467,20.431922833666015,0.0084,0.7,10
0.006849146610666,0.0012298991527247,0.00018576285738869315,-0.0352954730444895,20.364123652497167,0.0084,0.7,10
0.0067780777067289,0.001120990634067,-0.0003049231535589859,-0.0368221292852772,20.30017745354504,0.0084,0.7,10
0.0067102665905109,0.0010082790829916,-0.0007553923403860091,-0.0380976548514251,20.239738428337063,0.0084,0.7,10
0.0066469607044698,0.000892597294814688,-0.0011015939585495,-0.0391279788179708,20.18301659704595,0.0084,0.7,10
0.0077055658992002,0.0031812936398675,0.0404760575862574,0.0341576527213203,21.728366612816828,0.0084,0.7,10
0.0077428079066988,0.00325684662116,0.0446985077131366,0.0391343940842827,21.732670741610345,0.0084,0.7,10
0.0076646343349818,0.0030934829718123,0.0359250183785563,0.0286396323950305,21.69211489442228,0.0084,0.7,10
0.0081584276936728,0.0037930015478738,0.0722178521533822,0.0706691843839826,21.79062408191901,0.0084,0.7,10
0.0082074650703915,0.0038589955737346,0.0773803000976196,0.0748171915252449,21.723883090552487,0.0084,0.7,10
0.0077816526961333,0.0033425115408132,0.0502797253019772,0.0450161077639092,21.75667667011609,0.0084,0.7,10
0.0078884800862037,0.0034963052413562,0.0585099069807786,0.0548949504255524,21.773255494416148,0.0084,0.7,10
0.0078225797913243,0.003438148531404,0.0574062732461613,0.0520373820277943,21.73659210392975,0.0084,0.7,10
0.0079693064490817,0.003644800252088,0.07031283422242,0.0658126059724356,21.728092965442084,0.0084,0.7,10
0.0079083865316314,0.0035819045972958,0.0675731250692676,0.0622537490400908,21.71508708586287,0.0084,0.7,10
0.008062493339879,0.0037962141708195,0.0835259814476794,0.0769934369581602,21.66023750027037,0.0084,0.7,10
0.0079902309476715,0.0037324145279247,0.0810905492702598,0.0739075360922707,21.65727182152747,0.0084,0.7,10
0.0081605996282878,0.0039430828744633,0.0978966845497908,0.0879084535094104,21.554754155430743,0.0084,0.7,10
0.0081821748286671,0.0040326963924431,0.1126279297492961,0.0973033404484866,21.42180462757312,0.0084,0.7,10
0.0042944037218193,0.000634410157244521,0.0006768689844161719,-0.0066178788909583,19.66490428647995,0.0084,0.7,10
0.0043591676406197,0.0005849611983208056,0.0007074940048782111,-0.0094312527532694,19.643255450544697,0.0084,0.7,10
0.0041852930961318,0.000812128632433581,0.0004489766484129111,-0.0026423539902596,19.708800840216785,0.0084,0.7,10
0.0041559157040383,0.0008216286524107597,0.00027352169518202033,-0.0015007334143947,19.71276280783517,0.0084,0.7,10
0.0042289803899796,0.0007519722899371933,0.0005954755220535225,-0.0041572185621505,19.694350061937428,0.0084,0.7,10
0.0042899589852899,0.0007154470203263348,0.0007755084103316033,-0.0066389056221058,19.67950051694578,0.0084,0.7,10
0.0041684489900443,0.0008928864200790759,0.0004714294117690765,-0.0024713372689606,19.70521518240959,0.0084,0.7,10
0.004139836203762,0.0009009707208435358,0.000288274978233865,-0.0014231571318318,19.707319659846014,0.0084,0.7,10
0.0081648891462649,0.0047843610095123,0.3003258700652405,0.1753841131298115,20.102405688600737,0.0084,0.7,10
0.0079551488148408,0.0068089858356796,0.7025842172232687,0.1175523006015882,17.857077993019473,0.0084,0.7,10
0.0082092987663722,0.0055603977178238,0.5158980898571358,0.203082550379321,18.743750091955736,0.0084,0.7,10
0.0082044954804496,0.0054211224189713,0.4784748079564667,0.2030686406749578,18.96467972993196,0.0084,0.7,10
0.00821398413662,0.0052881434360093,0.441301508156569,0.2011833772583842,19.171442275790195,0.0084,0.7,10
0.0082127431630875,0.0051866029849091,0.4124135483510088,0.1981344061332659,19.347430940150392,0.0084,0.7,10
0.0081829054270697,0.0049081020567102,0.3339919902453419,0.184003195296456,19.85937996168944,0.0084,0.7,10
0.0082038104863351,0.0050047791133599,0.36050074110463,0.1898217486693925,19.673498974134077,0.0084,0.7,10
0.0081561420617348,0.0051027092033208,0.3907137044498628,0.1943003803685122,19.549110620863846,0.0084,0.7,10
0.0081431733938993,0.0065409617323728,0.7013735920149963,0.1442909562743884,17.707874047521642,0.0084,0.7,10
0.0081798709951083,0.0064362284271693,0.6925105123676375,0.1544786364932032,17.754078225961305,0.0084,0.7,10
0.0081478711861504,0.0063293028127114,0.674828747403507,0.1639378659215353,17.87899007315225,0.0084,0.7,10
0.0081330098069595,0.0062011437050762,0.6533525533859396,0.1740338401068355,18.019225935026125,0.0084,0.7,10
0.0079210306908681,0.0066649821224632,0.6905957625005413,0.1324838263601218,17.98565518597597,0.0084,0.7,10
0.0080309679922788,0.0065879411627968,0.695046702994297,0.1397882386499672,17.87701285138368,0.0084,0.7,10
0.0081211303486004,0.0060656358122873,0.628222248219024,0.1830564814088036,18.185956503385587,0.0084,0.7,10
0.0080918466379245,0.005641251675003,0.5347038397989975,0.1996352937251453,18.74934978048448,0.0084,0.7,10
0.0081047256081317,0.0057838494121081,0.5685084774023723,0.1962063665645581,18.545494588086743,0.0084,0.7,10
0.0081131414722628,0.0059258038212848,0.5998427183113478,0.1905885954375405,18.35934228259035,0.0084,0.7,10
0.0081544595862226,0.0041340506658027,0.1369530220683407,0.1106347688071331,21.25279178845345,0.0084,0.7,10
0.0081388651768461,0.004210441333839,0.1555765821431591,0.1200320657913305,21.0966600308706,0.0084,0.7,10
0.0081702155822257,0.0042963311187801,0.1719427780603051,0.1285179096184564,20.948465834075886,0.0084,0.7,10
0.0081773444198642,0.0044278954976404,0.203561171128682,0.1425243717083991,20.74055119136085,0.0084,0.7,10
0.0081242643403212,0.0045624998205788,0.2435882598329714,0.1569352428345566,20.49309541097736,0.0084,0.7,10
0.0080951164960112,0.004689513426187,0.2798315379291438,0.1682033874709434,20.270948428300134,0.0084,0.7,10
0.0078429103921375,0.0068950614572988,0.6938084331311803,0.1099581499614748,18.01103163613387,0.0084,0.7,10
0.0039184563583686,0.0103198967026675,0.0018539216121494,0.0034109210610744,17.44705714900691,0.0084,0.7,10
0.0038667055923484,0.0102665834672484,0.0012452274197787,0.0024375540664354,17.347789396685375,0.0084,0.7,10
0.0039532285240072,0.0103171441214771,0.003025057989849,0.0050087701305277,17.525646010216217,0.0084,0.7,10
0.0040191025436855,0.0103337832243543,0.0049280048158453,0.0069210782656784,17.639679688796306,0.0084,0.7,10
0.0060163713096105,0.0102576866494088,0.114690683131846,-0.0114637797665834,19.30788675040529,0.0084,0.7,10
0.0041118653503721,0.0103428324049965,0.00832119286613,0.0093292640364706,17.79432478793639,0.0084,0.7,10
0.0042126478328591,0.0103499285202772,0.0125529399551966,0.0111902114660865,17.953863637712587,0.0084,0.7,10
0.004331680843169,0.0103549219994772,0.0182266763048323,0.0126337427967536,18.124384779281584,0.0084,0.7,10
0.0044362295058201,0.0103637484880047,0.0232813420113371,0.0130230135774402,18.25473753828984,0.0084,0.7,10
0.0045449742293797,0.010370072877864,0.028831585106057,0.0128980318351402,18.38639607510458,0.0084,0.7,10
0.0046368904109571,0.0103325805374589,0.0366506450926359,0.0148731196756784,18.46475719559825,0.0084,0.7,10
0.0057615573534368,0.0103203884266083,0.0974962908474035,-0.0058618987878159,19.215532317381943,0.0084,0.7,10
0.0058809361284577,0.0102187046121628,0.1142362818586257,-0.0054217943558261,19.24942550122468,0.0084,0.7,10
0.0056358629612367,0.0102446747011385,0.100410829955015,0.0012648767273616,19.144027888317662,0.0084,0.7,10
0.004732394431982,0.010351332495017,0.0408042067299456,0.0132660549220489,18.57001494029616,0.0084,0.7,10
0.0049781453656693,0.0103811084562362,0.0524617811420446,0.0089370587659552,18.77037304996767,0.0084,0.7,10
0.0048543001767408,0.01036099741698,0.0470938047030719,0.0116334604371063,18.662429996133955,0.0084,0.7,10
0.0050837777480738,0.0102992441191959,0.0656122711113742,0.0118654265457375,18.83170285087323,0.0084,0.7,10
0.0052023935280562,0.0103199363174646,0.0703087015357167,0.0084380402966737,18.917101159542806,0.0084,0.7,10
0.0053232074464375,0.010342545946194,0.0745838523195636,0.0046584585006196,18.989319991434552,0.0084,0.7,10
0.0054350094194242,0.0102919687673443,0.0854187775383451,0.0045273242771167,19.036981230525743,0.0084,0.7,10
0.005523389073174,0.0102094683793589,0.0988558462233324,0.006337754914069,19.087646699228877,0.0084,0.7,10
0.0066830850805072,0.0098403517210406,0.1939689347128337,-0.0275128669206378,19.411328670107707,0.0084,0.7,10
0.0067238891836602,0.0097140384400363,0.2162937156300138,-0.0265915634849272,19.377055262176384,0.0084,0.7,10
0.0063317368343935,0.0100969936886118,0.1458115661281741,-0.0180290562456655,19.38057018313293,0.0084,0.7,10
0.0065147148930769,0.0099910454290901,0.1661106875288906,-0.0230638270960298,19.41782399377667,0.0084,0.7,10
0.0064063604907336,0.010013428539205,0.1598966876018484,-0.0188004261189245,19.38424922173881,0.0084,0.7,10
0.0065476120203942,0.009866058312839,0.186392559528472,-0.0213546183028027,19.3939449370465,0.0084,0.7,10
0.0067657183443918,0.0095887213577527,0.2395559696908439,-0.0255885196769059,19.340966900661854,0.0084,0.7,10
0.0068083355194072,0.0094641589760793,0.2636738771106642,-0.0244438039915774,19.301708936797212,0.0084,0.7,10
0.0061115200389063,0.0101624021922445,0.1299806192973874,-0.0114828862145062,19.32712387683221,0.0084,0.7,10
0.0062017860805735,0.0100604912028019,0.1467597530640237,-0.0115078356887591,19.34309993904777,0.0084,0.7,10
0.0075697142498156,0.0078897995191554,0.6031448839039278,0.0170205566691166,18.335445785066455,0.0084,0.7,10
0.0075863867861273,0.0080308277753875,0.5835974150760824,0.0028821009440229,18.362454249076176,0.0084,0.7,10
0.0074919389305327,0.0081321543261309,0.5587949222330478,0.00011176635868088148,18.488616666229778,0.0084,0.7,10
0.0074141150862272,0.008246432086209,0.5326988519793617,-0.0039086714805799,18.5871731311675,0.0084,0.7,10
0.0068527489375689,0.0093408010399767,0.2884754035744202,-0.0232038535895158,19.257180916467608,0.0084,0.7,10
0.0073409964130841,0.0083648183962435,0.5057503304924392,-0.0077169849505347,18.694137949340107,0.0084,0.7,10
0.0069000318497191,0.0092191851387505,0.3137631325912035,-0.0219243410892673,19.208203590918625,0.0084,0.7,10
0.0069552963777509,0.009104396067746,0.3385558338879311,-0.021171801963151,19.156246700837283,0.0084,0.7,10
0.0072749264671036,0.0084844587746355,0.4786483848710592,-0.0112805588524507,18.7860664363445,0.0084,0.7,10
0.0070436276648766,0.0089922444378521,0.3648495129928286,-0.0226227205734488,19.09342645314625,0.0084,0.7,10
0.0072132200499433,0.008604698836639,0.4514190126307432,-0.0144630087289867,18.869290191512352,0.0084,0.7,10
0.0071526967624673,0.0087250917130569,0.4240518289213519,-0.0170632853453718,18.949405940798005,0.0084,0.7,10
0.0070941237814442,0.0088529187703374,0.3953111562655112,-0.0195795292813689,19.023718251225574,0.0084,0.7,10
0.0078183396898619,0.0076009113860305,0.6639000410856523,0.0331282215609451,17.985082864230353,0.0084,0.7,10
0.0077826729523643,0.0074806933498002,0.670864489944513,0.0480172479809563,18.010699464936806,0.0084,0.7,10
0.0077764167147197,0.0069685973649456,0.6882362589269639,0.1035006578360092,18.06049692574577,0.0084,0.7,10
0.0078364877733638,0.0071122142618183,0.6945083357081271,0.0868317003246411,17.946255571943954,0.0084,0.7,10
0.007774785573189,0.0070400536211255,0.6883895221629497,0.0961187211456611,18.030996913833302,0.0084,0.7,10
0.0078233926178878,0.0073661738065775,0.6835623700011845,0.0590693858819487,17.944220361543092,0.0084,0.7,10
0.0078205613760191,0.0072257609476135,0.6899198888250274,0.0747497865832496,17.949071904451696,0.0084,0.7,10
0.0076926633430666,0.0076769073653393,0.6422921984392698,0.0313163629961794,18.143460603456983,0.0084,0.7,10
0.0075715010037217,0.0077475447305957,0.6218807592449515,0.0306525991641393,18.3015537261158,0.0084,0.7,10
0.0071203046168527,0.0017110787045842,0.0028822951410563,-0.0264831765084972,20.698760948463114,0.0084,0.7,10
0.0071358280940613,0.0019049447707981,0.0057103300587631,-0.0232412493344785,20.812565530348905,0.0084,0.7,10
0.0071194413924057,0.0018103964425157,0.0043193209710867,-0.0251326787492433,20.751397500286263,0.0084,0.7,10
0.0070387432117774,0.0016434360640321,0.002951981882552,-0.0288784788055305,20.622596091674747,0.0084,0.7,10
0.0069572439303818,0.001554010184872,0.0026487467882861,-0.0313044298654003,20.54715418179301,0.0084,0.7,10
0.0076184546941863,0.0030137834069717,0.0327369189736063,0.0239157074998598,21.64252248451655,0.0084,0.7,10
0.007587293995211,0.0029255168948068,0.0284129608592738,0.0186856343544385,21.609840923340844,0.0084,0.7,10
0.0075648209181831,0.0028419739601026,0.0243930823113662,0.0139991429424602,21.59080834819065,0.0084,0.7,10
0.007531202964151,0.0027520729138115,0.0210513595807644,0.0093572486080492,21.526843476833932,0.0084,0.7,10
0.0075030755730638,0.0026740416152881,0.018420443730763,0.0055141825052949,21.484938978915466,0.0084,0.7,10
0.0074732803701722,0.0025925215396678,0.0160232572706442,0.0017619769322516,21.422486327786643,0.0084,0.7,10
0.0074424854969983,0.0025029384160464,0.0135931841163154,-0.0021075305871693,21.35597603840032,0.0084,0.7,10
0.0074183077951597,0.0024155130423277,0.0113612742065604,-0.0055503381016019,21.29759682611209,0.0084,0.7,10
0.0073991202559842,0.0023248844579357,0.0091801047858213,-0.0087364874440291,21.233892287346816,0.0084,0.7,10
0.0072490539630881,0.002027879435683,0.0058937061822674,-0.0187670895803387,20.953844232615577,0.0084,0.7,10
0.0071554918341803,0.0019923442961191,0.0071392927995759,-0.0211552339266679,20.8744987954366,0.0084,0.7,10
0.007309149955378,0.0022950944738801,0.0110959173623734,-0.0108104574506321,21.138783097701836,0.0084,0.7,10
0.0072839029224829,0.0022095123203089,0.0093258282795563,-0.0137179606667999,21.076153509679305,0.0084,0.7,10
0.0072645062043956,0.0021202282810421,0.0075526518066085,-0.016380142507497,21.01706451845069,0.0084,0.7,10
0.0068721925680087,0.0014547765821197,0.0021704377343412,-0.0336383972673933,20.47139981490463,0.0084,0.7,10
0.0067908745647601,0.0013500643353157,0.0015391535053718,-0.0356717890032203,20.398416542575628,0.0084,0.7,10
0.006713561687686,0.001240403634828,0.0008258050503641407,-0.0373976896574936,20.329483241422565,0.0084,0.7,10
0.0065062816031537,0.0008870103561725555,-0.0010237291698768,-0.0408916891465229,20.14405091810517,0.0084,0.7,10
0.0066402470579427,0.0011261269578063,0.00010928400182192852,-0.0388284146602037,20.26409433102312,0.0084,0.7,10
0.0065712097324725,0.0010078803617609,-0.0005326680686482944,-0.0399837275901873,20.202353939347656,0.0084,0.7,10
0.0077024099973462,0.0033277369745749,0.0552521670353811,0.0456624933455043,21.649527428889744,0.0084,0.7,10
0.0076222676580723,0.003173695817632,0.0459812213824297,0.0349608430636939,21.6200322164304,0.0084,0.7,10
0.0076369900509946,0.0032629406870477,0.0535572007192821,0.0415734427226044,21.603232251817868,0.0084,0.7,10
0.0075596255836747,0.0031102402065416,0.0446643077381215,0.031050716937909,21.555912466607428,0.0084,0.7,10
0.0080865382033075,0.0038805448744597,0.0950950204908754,0.0851379317986943,21.56477109614863,0.0084,0.7,10
0.0077159570694373,0.0034195637990651,0.0645432879835111,0.0531183026672238,21.62078252893959,0.0084,0.7,10
0.0078161872028753,0.0035431249921391,0.071136925190582,0.0617111953087888,21.676706344739294,0.0084,0.7,10
0.0077451879179336,0.0035012481793383,0.0721428350402912,0.0596905604046673,21.5929156351808,0.0084,0.7,10
0.00788754885599,0.0036876395814306,0.0847201923019484,0.0733723197571985,21.60463297737007,0.0084,0.7,10
0.0078207342189634,0.0036254652124049,0.0821185956583076,0.0693197484365497,21.58728172477247,0.0084,0.7,10
0.0079835258637026,0.0038419403126225,0.0996418521831397,0.0856890921439489,21.5289998501808,0.0084,0.7,10
0.0078780745324635,0.0037871678357567,0.1014354056586576,0.0836859869855998,21.48858171176889,0.0084,0.7,10
0.0080789094526567,0.0039877405478496,0.1157135214822912,0.0974942696425216,21.41947159535143,0.0084,0.7,10
0.0080718137218328,0.0040822696985987,0.1354402895698307,0.1084248235739323,21.260654141442924,0.0084,0.7,10
0.0041499939723956,0.0009723296130795252,0.0004895163185326644,-0.0023062579550037,19.69508552763065,0.0084,0.7,10
0.0041221291861476,0.0009799698984742043,0.0003010027641475019,-0.001347939534718,19.6948692244434,0.0084,0.7,10
0.0041316611326418,0.0010520169223251,0.0005214094636791784,-0.0022238804962969,19.67704291148797,0.0084,0.7,10
0.0044532585342985,0.0006059506954507749,0.0007608330344334109,-0.01347487466321,19.63576383290867,0.0084,0.7,10
0.0043785177973803,0.0006800056631541749,0.0008944169048180889,-0.0103620928275408,19.65766759359437,0.0084,0.7,10
0.0042129344455013,0.0008317238435079905,0.0006347659292714316,-0.0038836317517408,19.69635050493209,0.0084,0.7,10
0.0042732369731444,0.0008004128631362475,0.0008532363454528592,-0.0062215360086533,19.68569650232256,0.0084,0.7,10
0.0043484315623731,0.0007715788367665005,0.0010182556842497,-0.0092460937156836,19.670604852740443,0.0084,0.7,10
0.0041964534001003,0.0009131101325920072,0.0006781315588659454,-0.00368134224304,19.692886220772213,0.0084,0.7,10
0.0080457135631178,0.0047965000995987,0.3122852671287073,0.1761640116486118,20.097781489326103,0.0084,0.7,10
0.0080928118241857,0.0048787166537056,0.3315402620082215,0.1818341568053676,19.944759155237477,0.0084,0.7,10
0.0078251730073784,0.0067638776955756,0.6871410052726751,0.123433756527764,18.052520945834416,0.0084,0.7,10
0.0080762663441465,0.005497950153663,0.4990010811709367,0.2007660420660385,18.979797277900072,0.0084,0.7,10
0.0080831115992581,0.0053532897315885,0.4615001696218337,0.2001301614050572,19.170391526749967,0.0084,0.7,10
0.0081125719615635,0.0052179256616793,0.4243971581594392,0.1978542389345937,19.35722870720349,0.0084,0.7,10
0.0080894015435964,0.0049954830173309,0.3639918149908447,0.1886339593560957,19.73780681632255,0.0084,0.7,10
0.0080252664221285,0.0051290485577076,0.4031446054944929,0.1934970108758258,19.56126952869211,0.0084,0.7,10
0.0080490606275917,0.0064350472593066,0.6804710982670609,0.154138264669833,17.958777079518423,0.0084,0.7,10
0.0080190462643449,0.0062843052288966,0.6577962841970969,0.1664389445878625,18.114627277087504,0.0084,0.7,10
0.0080053845753568,0.0061427455313223,0.6346514378294024,0.1763675870609427,18.263638201251734,0.0084,0.7,10
0.0078085033092857,0.0066203428380975,0.6767816088655061,0.137025639564202,18.16394138474197,0.0084,0.7,10
0.0079118798275917,0.0065226740434125,0.6776992278055025,0.145800174348096,18.09804396405288,0.0084,0.7,10
0.0079952366515711,0.006001890905091,0.6090005763087404,0.1845130508297615,18.42133324350252,0.0084,0.7,10
0.0079577896294989,0.0055787620300202,0.5178817798177703,0.1973343559064259,18.96210337989737,0.0084,0.7,10
0.0079747367302251,0.0057204408904809,0.5504604689638332,0.1951408280704063,18.76693138103123,0.0084,0.7,10
0.0079862123286903,0.005861156915482,0.5808825341776029,0.1908141841564412,18.586420934044625,0.0084,0.7,10
0.0080622748368799,0.0041699332460426,0.1551015461791702,0.1183929024026428,21.14100240622268,0.0084,0.7,10
0.0080833382368185,0.0042538629918818,0.1715432010543083,0.1267166718207355,20.99826004267764,0.0084,0.7,10
0.0080630208212612,0.004348965098983,0.1960080155438326,0.1372522026373109,20.829390806306247,0.0084,0.7,10
0.0080365311264755,0.0044715761176535,0.228506193406595,0.1496968695797883,20.628360318649975,0.0084,0.7,10
0.0080100362297941,0.0046022168919304,0.2639008063147105,0.1613516409130284,20.41274413681754,0.0084,0.7,10
0.0079991422343488,0.0047107860771934,0.2928728430508468,0.1697766650094276,20.23622119151608,0.0084,0.7,10
0.0077128041422899,0.0068777719895087,0.6804182648240393,0.1136125889305663,18.196295083145305,0.0084,0.7,10
0.0038862091616986,0.0102437070859179,0.0023894516965631,0.0043266000563076,17.38224920207468,0.0084,0.7,10
0.0038327809001783,0.0101928414593771,0.0015503868351825,0.0029467105594824,17.28656198907241,0.0084,0.7,10
0.00392096100669,0.010241170626067,0.0037866315367537,0.0062907985389332,17.46551085783369,0.0084,0.7,10
0.0039900353160491,0.0102555391535893,0.0062128996423775,0.0089411975036344,17.58022814452214,0.0084,0.7,10
0.0040792973878289,0.0102646853042394,0.0099123783609789,0.0118865773079111,17.737179539331773,0.0084,0.7,10
0.0059810766358751,0.0101335671469784,0.1288432764263187,-0.0055330635775349,19.2816196791776,0.0084,0.7,10
0.0041817041016626,0.0102674665803304,0.0149118290748462,0.0146556492061036,17.89932803329315,0.0084,0.7,10
0.0042970899351684,0.0102728051298974,0.0208965010848191,0.0166096733709971,18.073475154427943,0.0084,0.7,10
0.004403928601861,0.0102782899638956,0.0266991068522454,0.0175668594111677,18.199964951995245,0.0084,0.7,10
0.0044876185982995,0.0102953178289492,0.030507820773871,0.0170824466497411,18.312538749506988,0.0084,0.7,10
0.004571451921516,0.0102660865055605,0.0375939681369493,0.0189591593075566,18.390203136218528,0.0084,0.7,10
0.0058761351020821,0.0101062123420532,0.1279849187601006,-0.000479535451196418,19.227655412476853,0.0084,0.7,10
0.0046798447155511,0.0102551907728369,0.0451700878601958,0.0193812676921583,18.50717931816212,0.0084,0.7,10
0.0057508375414043,0.0101506394327624,0.1167585380704588,0.0019515639658642,19.1863927099923,0.0084,0.7,10
0.0056080886108826,0.0101298616636637,0.112407559710942,0.0077447867952356,19.138503166888743,0.0084,0.7,10
0.004809267526147,0.0102541899442114,0.053277218095977,0.0184760721706575,18.62940740366524,0.0084,0.7,10
0.0049594750876492,0.0102535805643273,0.0624770612271409,0.0166021519977614,18.743361670064,0.0084,0.7,10
0.0050688259251267,0.0102002417633059,0.0743302296466988,0.0179997455851636,18.82575422966402,0.0084,0.7,10
0.0051774460553789,0.0102154990964354,0.0792252386259348,0.0148630701682741,18.89895543958333,0.0084,0.7,10
0.0053101910873425,0.0102371259988778,0.0845318318763527,0.0105931869969581,18.980638734429597,0.0084,0.7,10
0.0054135562547574,0.0101693362455249,0.0975509550280055,0.0115782955199816,19.01971026174093,0.0084,0.7,10
0.0055030937523882,0.0101189880823481,0.1082529432145399,0.0116839954598942,19.08155254222086,0.0084,0.7,10
0.0041028273161307,0.0010585964904266,0.00031337234099657643,-0.001279889830786,19.674610360074453,0.0084,0.7,10
0.0041117449055919,0.0011327021374258,0.000561174694175392,-0.0021675021484845,19.65218681196845,0.0084,0.7,10
0.0065855512525167,0.0097373561158003,0.208487464084901,-0.0196551040923533,19.361620729491804,0.0084,0.7,10
0.0066305775998601,0.009610003303236,0.2316723406994335,-0.0182609585537522,19.332809974254307,0.0084,0.7,10
0.0063029410773303,0.0099660043520764,0.1636551406466517,-0.012709181842153,19.344128648904917,0.0084,0.7,10
0.0064179916791387,0.0098997331419541,0.1773643316262645,-0.0159856468693578,19.36689667515708,0.0084,0.7,10
0.0064447291085418,0.0097654786411321,0.1994047761527487,-0.0129880145960901,19.339210725954217,0.0084,0.7,10
0.0066738478630169,0.0094840314473872,0.2555429831894985,-0.0166598280862413,19.301171834373324,0.0084,0.7,10
0.00671815736515,0.0093578146193581,0.2803467027190742,-0.0149143280223937,19.266076380434797,0.0084,0.7,10
0.0060653261779764,0.0100350381440997,0.1452538744398878,-0.0049586441212885,19.286644204669617,0.0084,0.7,10
0.0061528761394452,0.0099075120897181,0.1668391608552715,-0.0037415111849835,19.296677244802407,0.0084,0.7,10
0.0074475643560155,0.0078166435532266,0.601564628767237,0.0310513808279372,18.43753014919011,0.0084,0.7,10
0.007273194838847,0.008242685263512,0.5223855826205867,0.0062691770718563,18.69964648828117,0.0084,0.7,10
0.0074327286076124,0.0079777323919557,0.5779942156247672,0.0173950370064007,18.491442716876445,0.0084,0.7,10
0.0073468243657021,0.0081166370069688,0.5491576951441329,0.0111880047172565,18.60523467342065,0.0084,0.7,10
0.0067639413307845,0.0092310695643088,0.3060211292027031,-0.0129942069315974,19.22607762626026,0.0084,0.7,10
0.0072040167684504,0.0083648612298344,0.4958644038147996,0.0021925865115308,18.786552596382247,0.0084,0.7,10
0.0068105682567956,0.0091022498105523,0.3326984113580348,-0.0107317080776339,19.18562915665757,0.0084,0.7,10
0.0068776148245459,0.0089919280807911,0.3571310976522301,-0.0104552293353963,19.13757532242023,0.0084,0.7,10
0.0071379335826231,0.0084865968259747,0.4691125025116683,-0.0013144806829335,18.866976173449476,0.0084,0.7,10
0.0069463128089281,0.0088618966853512,0.385935854855266,-0.0090829970489251,19.07350991239015,0.0084,0.7,10
0.0070705003500932,0.0086093545286148,0.4417403491799336,-0.0041059200530793,18.942967505477984,0.0084,0.7,10
0.0069999640253326,0.0087339297171331,0.4137005102201748,-0.0061430986428575,19.01766018981056,0.0084,0.7,10
0.0076900439051823,0.0075429770187855,0.6555946994612184,0.0455034547153106,18.125028109027912,0.0084,0.7,10
0.0076908509568267,0.00740958566512,0.6662997092868687,0.059500622874632,18.109566227419915,0.0084,0.7,10
0.0076886285950441,0.0070055413514558,0.6796997818984581,0.101475957991041,18.195293633105493,0.0084,0.7,10
0.0077111476412578,0.0071339656613956,0.6807634847658074,0.0878871166433984,18.118197557060824,0.0084,0.7,10
0.0077020576546191,0.0072789315008201,0.6749500346996574,0.0729598155305079,18.10677080141572,0.0084,0.7,10
0.0075730816657214,0.0076090316117698,0.6373050047136486,0.0442748038616404,18.273480952749463,0.0084,0.7,10
0.0074545014680509,0.007675087927177,0.618930540359409,0.0438762304031283,18.40885364603768,0.0084,0.7,10
0.0070581479396078,0.0019720663697585,0.0087586020086685,-0.0231997842671084,20.80764114685449,0.0084,0.7,10
0.0070150098227051,0.0017561263390046,0.0049874268974413,-0.0278435580899243,20.675288333582625,0.0084,0.7,10
0.0070284937652711,0.001873706885242,0.0070547100891097,-0.0256537844236992,20.73457369359668,0.0084,0.7,10
0.0069106527857214,0.001679784835103,0.0050917688701026,-0.0306423391039376,20.59056193342776,0.0084,0.7,10
0.0068215489423315,0.0015812353881863,0.0044729832135656,-0.0332271109632327,20.51121394976017,0.0084,0.7,10
0.0075165920099383,0.0030032743427677,0.0386138508978597,0.0240211484123869,21.52732159114446,0.0084,0.7,10
0.0074859738571333,0.0029013463349912,0.032864233707938,0.0177171281501884,21.48978232692688,0.0084,0.7,10
0.0074838011691089,0.0028173055938102,0.0273952922504085,0.0128665463367294,21.48504082842276,0.0084,0.7,10
0.0074220120038057,0.0026602410022048,0.0216154538062511,0.0046183230490474,21.38597857481158,0.0084,0.7,10
0.0074290608007781,0.0027467634222362,0.0259912385620478,0.0089845132306382,21.409046342315808,0.0084,0.7,10
0.0073647859138074,0.0025916021935011,0.020747366635234,0.001087343487945,21.307196361285325,0.0084,0.7,10
0.0073388748283192,0.0024864440996603,0.0170675544625514,-0.0036137488682683,21.24889410303692,0.0084,0.7,10
0.0073238894877864,0.0023957175840716,0.0140289357496824,-0.0072415827972062,21.209130853834964,0.0084,0.7,10
0.0072435457123278,0.0023568044141784,0.0154576836149965,-0.0095573745272904,21.1177530019694,0.0084,0.7,10
0.0071693970870337,0.0020935915843732,0.0092654719976213,-0.0185764836088173,20.942940371055723,0.0084,0.7,10
0.0070918073883477,0.0020476155374545,0.009963380628139,-0.0209219316835272,20.86980999280825,0.0084,0.7,10
0.0072088066036173,0.0022739213184531,0.0135950722616084,-0.0128288803481788,21.052985973980714,0.0084,0.7,10
0.0071811976851933,0.0021863942983978,0.0115804124504332,-0.0158879361792035,20.987483581807968,0.0084,0.7,10
0.0063597530085964,0.0008793480424736112,-0.0008922163140234267,-0.0422388427096079,20.10052126063384,0.0084,0.7,10
0.0067347516908564,0.0014756574283556,0.0036298805368071,-0.0355276793231615,20.433357870559885,0.0084,0.7,10
0.0066513005054958,0.001365505062636,0.0026588041194477,-0.0374967888606686,20.359531938867764,0.0084,0.7,10
0.0065716531708863,0.0012497513075551,0.0016258294974573,-0.0391338087247906,20.2890153329596,0.0084,0.7,10
0.0064260687447582,0.0010049738568089,-0.00023792362208463328,-0.0414772574916609,20.16006951875033,0.0084,0.7,10
0.0064964657541693,0.0011291703996908,0.0006300258225219658,-0.0404541600278901,20.22279812889519,0.0084,0.7,10
0.0076018380072142,0.0033788988237704,0.0692835853235325,0.0513797464975134,21.51760995868353,0.0084,0.7,10
0.0075475843671908,0.0032160634974411,0.0556734837362939,0.0388909373506582,21.544379666269887,0.0084,0.7,10
0.007543007400004,0.0033054111499852,0.0656511946722281,0.0458626623305941,21.4873519169394,0.0084,0.7,10
0.007446660234685,0.0030803911052103,0.0499239013121768,0.0294383747905863,21.45770156171434,0.0084,0.7,10
0.0074758448908896,0.0031691478383494,0.0563015139851891,0.0357319527953608,21.45488384411739,0.0084,0.7,10
0.0079778780380134,0.003935920712182,0.117050920746631,0.0959870396638798,21.393717338628605,0.0084,0.7,10
0.0076479157155769,0.0035054377806716,0.0813549452089097,0.0616861942989128,21.49803050734917,0.0084,0.7,10
0.007723290058173,0.003599971000838,0.087583538350619,0.0691684489738237,21.486126216362276,0.0084,0.7,10
0.0077715558234739,0.003718303593906,0.1008265339491484,0.0794664885023398,21.459314173728576,0.0084,0.7,10
0.0078752985586154,0.0038831387336871,0.1181705510899985,0.09355540593758,21.37259234833517,0.0084,0.7,10
0.0077823021809377,0.0038283908690083,0.1178664964101328,0.0899544356816205,21.37335179938366,0.0084,0.7,10
0.0079704977249294,0.0040325367085317,0.1363657719928669,0.1065366719102958,21.252686357633877,0.0084,0.7,10
0.0079699445732927,0.0041295416260056,0.1562309047604478,0.1167504011752207,21.110892002603283,0.0084,0.7,10
0.006208266419722,0.0008690134313400637,-0.0007314557250802603,-0.0431287178313674,20.05317831211448,0.0084,0.7,10
0.00417845430916,0.0009938769747188363,0.0007231176083048628,-0.0034980228009083,19.682443655379675,0.0084,0.7,10
0.0041634023004301,0.0010747890064993,0.0008058441341462699,-0.0035040026307975,19.66438813676524,0.0084,0.7,10
0.0045858604845676,0.000629828573808223,0.0006613593858492846,-0.018657489973721,19.63238040172672,0.0084,0.7,10
0.0044978585808835,0.0006989047959141973,0.0009466303204269372,-0.0152165594369486,19.650404894623826,0.0084,0.7,10
0.0044393243903893,0.0007587443348626909,0.0011096016248961,-0.0129013713910199,19.66093581250264,0.0084,0.7,10
0.0042585412641815,0.0008848224981127334,0.000943162016357591,-0.0059714244060981,19.68705296377137,0.0084,0.7,10
0.0043373454336988,0.0008586057660711698,0.0011738137834235,-0.0090104460133808,19.67761465080249,0.0084,0.7,10
0.0044267515559379,0.000831635651666647,0.0012932374554396,-0.0124804884482743,19.674230937729785,0.0084,0.7,10
0.0042428020222562,0.0009676159366614216,0.001041689761982,-0.0057617324911064,19.680696441055403,0.0084,0.7,10
0.0041433927985232,0.0011552654030907,0.0008761626642057352,-0.0034140046700806,19.6400349673796,0.0084,0.7,10
0.0079375570522906,0.0048010648170818,0.3206417326811829,0.1755740647815496,20.093795716937297,0.0084,0.7,10
0.0079933963676272,0.0049042786797175,0.3444580671228383,0.1824940975050721,19.91224367815285,0.0084,0.7,10
0.007709346524406,0.0067164207691135,0.673878780478098,0.1287625995847083,18.263395555832663,0.0084,0.7,10
0.0079216149593588,0.0054236427768181,0.48075538904145,0.1969468607978,19.198560045619388,0.0084,0.7,10
0.0079700205152653,0.005269618610841,0.4416178627371172,0.19625993526225,19.37693293348062,0.0084,0.7,10
0.0079424939403021,0.0050305948116813,0.3803363662291142,0.1879860756791291,19.75574465987396,0.0084,0.7,10
0.0078847038491101,0.0051706115447318,0.4184809062520577,0.1917067523504011,19.575086047348773,0.0084,0.7,10
0.0077028618400017,0.0065962712382437,0.6657468544452302,0.1392547108156441,18.33075126527808,0.0084,0.7,10
0.0078996274833955,0.0063757747716827,0.6605896939406327,0.1581787001117294,18.18824004600716,0.0084,0.7,10
0.0078867926150607,0.0062242814409303,0.6394859169592096,0.1692053349242546,18.34396309313188,0.0084,0.7,10
0.0078770917521906,0.0060792161119593,0.6162487761942823,0.178058981596241,18.486664348538024,0.0084,0.7,10
0.0077688379969411,0.0064824333769167,0.6617070371000714,0.148793805325799,18.3113467654163,0.0084,0.7,10
0.0078685436847738,0.0059368576389169,0.590761277292745,0.1850040365027755,18.638214113478924,0.0084,0.7,10
0.0078321842876055,0.0055463889986905,0.5093543368959014,0.1941705255562777,19.124617002706344,0.0084,0.7,10
0.0078511125696165,0.0056667342204979,0.5359993603430918,0.1931119413092031,18.96038230059401,0.0084,0.7,10
0.0078612297163521,0.00579847148662,0.563681266615682,0.1900393100249192,18.792335037690343,0.0084,0.7,10
0.0079739843929071,0.0042517540054305,0.182422993938547,0.1292036903630423,20.940052122044737,0.0084,0.7,10
0.0079363790976999,0.0043930028633005,0.2187120121467427,0.1432192013196127,20.71634336646431,0.0084,0.7,10
0.0079073695721358,0.004527033500397,0.253553456127625,0.1550344323068324,20.513332339945663,0.0084,0.7,10
0.0078956377477204,0.0046729609992438,0.2907222244452502,0.1663622860690636,20.307714583983905,0.0084,0.7,10
0.0075957474431771,0.0069327129676181,0.6702710516255822,0.1101860201580368,18.2976087660156,0.0084,0.7,10
0.0076024477877464,0.0067893306567808,0.6674952290209549,0.1230951486404262,18.364210676408877,0.0084,0.7,10
0.0038526070426403,0.010167792852781,0.003008557141833,0.0053227627869443,17.325149103376088,0.0084,0.7,10
0.0037974543750788,0.0101197609620722,0.0018857258701275,0.0034665932160534,17.235381511258314,0.0084,0.7,10
0.0038891097541683,0.0101667527775563,0.0046886038318696,0.0077031567806985,17.414180094906524,0.0084,0.7,10
0.0039571395140926,0.0101788649016645,0.0075151077677939,0.0109419134050852,17.52988755255267,0.0084,0.7,10
0.0040477260253827,0.0101855883301678,0.0118721786410762,0.0147379167111073,17.69029776271508,0.0084,0.7,10
0.0041496757664952,0.010187980592264,0.0174033071171165,0.0181653587970525,17.856275279200478,0.0084,0.7,10
0.0059322898241704,0.0100196137743078,0.1418381083665952,0.0011286669000279,19.240435608096544,0.0084,0.7,10
0.0042641873025454,0.0101906649282186,0.0240371798696306,0.0208291623118049,18.0273427228977,0.0084,0.7,10
0.0043699731988265,0.0101967390118132,0.0301936374936945,0.02217923675788,18.17135191254513,0.0084,0.7,10
0.0044816239454647,0.0102042551541775,0.0366710361597555,0.0226380243113527,18.30629977344972,0.0084,0.7,10
0.004600627528146,0.0101732130775674,0.046961418978055,0.024869778441749,18.4240526402686,0.0084,0.7,10
0.005802002073994,0.0100256603423029,0.1350639735511387,0.0059643374584659,19.199278823039943,0.0084,0.7,10
0.0047241800669012,0.0101614906135273,0.0561429978784711,0.0251166054166661,18.54670519516287,0.0084,0.7,10
0.0056713815323926,0.0100322513630185,0.1277950649360264,0.0105116283412263,19.14876130749721,0.0084,0.7,10
0.005541224367682,0.0100370800133194,0.1203106239520147,0.0148540447009128,19.091175800963025,0.0084,0.7,10
0.0048598817413154,0.0101482785391397,0.0663144644959134,0.0246151328403145,18.66990712338577,0.0084,0.7,10
0.0049965933370193,0.0101239768878352,0.0776073307023484,0.0241111599479095,18.766595639505283,0.0084,0.7,10
0.005126838227788,0.0101089078371218,0.0875132780063785,0.0224360424953099,18.86470692173485,0.0084,0.7,10
0.0052812929589685,0.010107457133935,0.0970489546639704,0.0187248684625953,18.957827412673783,0.0084,0.7,10
0.0054283546433409,0.0100510194292233,0.1122788079287756,0.0177959363589755,19.032102362973465,0.0084,0.7,10
0.0040892386274701,0.0012111335662158,0.0005941673576786484,-0.0020849776743343,19.621608362160813,0.0084,0.7,10
0.0040819614255961,0.0011368228206448,0.0003267842437956146,-0.0012217998717994,19.6472345240471,0.0084,0.7,10
0.0064926627820789,0.009634317411137,0.22281854218457,-0.0111109847987848,19.319983483157163,0.0084,0.7,10
0.006538048245475,0.0095057201387134,0.2467344778431205,-0.0090828292088033,19.29639991125148,0.0084,0.7,10
0.0062925837799148,0.0098037316121901,0.1879182842719931,-0.0064801891462118,19.318278277934244,0.0084,0.7,10
0.0063563119523445,0.0096626049079589,0.2130067074416257,-0.0045101789594863,19.307919636164883,0.0084,0.7,10
0.0061582383857748,0.0097638358141081,0.1887722197493024,0.0018678666659255,19.286263124132976,0.0084,0.7,10
0.0065819040496834,0.0093781499387876,0.2712834677143074,-0.0068489571842837,19.269764014106723,0.0084,0.7,10
0.0066274859506511,0.0092494035102766,0.2968365078495095,-0.0044875649749741,19.24016192771779,0.0084,0.7,10
0.0059975222651228,0.0099191905630265,0.1586861603495264,0.0027857094504892,19.25399244337352,0.0084,0.7,10
0.0060423520329582,0.0098001673404857,0.1781698230020851,0.0059770285512059,19.251708501849645,0.0084,0.7,10
0.0073375772005305,0.0077354595005535,0.601448558332033,0.0445478114433892,18.52223626946881,0.0084,0.7,10
0.0073161154441946,0.0078647565797946,0.5835286086623209,0.0343863197641111,18.576421652207877,0.0084,0.7,10
0.0071325239450552,0.0082436680956348,0.5117193496719271,0.0159912975932999,18.797559192604652,0.0084,0.7,10
0.0072006924516762,0.0081196947632578,0.5370234781154459,0.020696550852576,18.71855306686809,0.0084,0.7,10
0.0072709419339543,0.0079927022620016,0.5619466337824831,0.0263222246541949,18.625824308017457,0.0084,0.7,10
0.0066745421495461,0.0091171002943417,0.323682375461558,-0.0018306760698216,19.203656672078814,0.0084,0.7,10
0.0070644011061051,0.00836696857727,0.4857578134431492,0.0120688869237587,18.87265396811753,0.0084,0.7,10
0.0068212235785646,0.0088824852841693,0.3754755169086647,-0.000912596898331153,19.11645505268397,0.0084,0.7,10
0.0067277695176956,0.008974816295244,0.353159762746906,0.0011830314130263,19.165814813832696,0.0084,0.7,10
0.0069956374845833,0.0084903736157433,0.4591732274471591,0.0088620841318688,18.94304481121823,0.0084,0.7,10
0.0068415743436386,0.008750680998328,0.4016488739606231,0.0046431375350272,19.073828076762634,0.0084,0.7,10
0.0069235570112147,0.0086153599308638,0.4317295481123909,0.0064097309897142,19.010136622501737,0.0084,0.7,10
0.007574635684269,0.0074726975611049,0.6496589127690516,0.057862719117133,18.25301248934513,0.0084,0.7,10
0.0075794609540832,0.0073374028669996,0.6593238358888204,0.0712575145844071,18.25146098104852,0.0084,0.7,10
0.0075896911207919,0.0070669966725135,0.6696539953066849,0.0976334415726268,18.27344701345808,0.0084,0.7,10
0.0075869323813622,0.0072007000571427,0.6662793222708975,0.0846212949812106,18.261145355473904,0.0084,0.7,10
0.0074565998160238,0.0075376082128197,0.6326876621411186,0.0567820156012634,18.392727243277857,0.0084,0.7,10
0.007340760365375,0.0076042404914231,0.6157797771979555,0.0561242967535751,18.518398578948226,0.0084,0.7,10
0.0070003343966739,0.0020565279117293,0.0125091405771786,-0.0220829993084883,20.8186831684196,0.0084,0.7,10
0.0069437773365142,0.001963810523974,0.0110677318536035,-0.0251070198457518,20.73646310701754,0.0084,0.7,10
0.0068865145887215,0.0018307570531367,0.0086510672377606,-0.0286545321546167,20.64948881342025,0.0084,0.7,10
0.0067744124572498,0.001717373016757,0.0078281805811884,-0.0320980363223754,20.55463919435262,0.0084,0.7,10
0.0066800200509634,0.0016057889564372,0.0066270792590607,-0.0348313568668634,20.4666358694263,0.0084,0.7,10
0.007414830399902,0.0029784338985311,0.0432160053815153,0.0225665302997645,21.42737428250204,0.0084,0.7,10
0.0073872064055907,0.0028550068238798,0.0353778254439099,0.0148940586370911,21.38677622034369,0.0084,0.7,10
0.0073397714475641,0.002696418749844,0.0276676641586751,0.0059877466084937,21.332231153544527,0.0084,0.7,10
0.0073327380431431,0.0027794206562175,0.0333165656416381,0.0103667798716216,21.322024044908936,0.0084,0.7,10
0.0072778965844329,0.0026438077868791,0.0276951753653124,0.0029107293904915,21.241808320972577,0.0084,0.7,10
0.0072572902174007,0.0025593266869755,0.0240117753563079,-0.0012606499258218,21.211249960384333,0.0084,0.7,10
0.0072262034797715,0.0024536444397912,0.0201517597869151,-0.0061015704753158,21.14406170135175,0.0084,0.7,10
0.007149672993281,0.002365645734539,0.0192214921242867,-0.0104121423123854,21.050302838785157,0.0084,0.7,10
0.007068888993959,0.0021493461173889,0.0136071248522052,-0.0185972298130286,20.90872661591379,0.0084,0.7,10
0.0071072871711665,0.002265137334597,0.0166072557224695,-0.014469206668594,20.97207516410152,0.0084,0.7,10
0.0069568438113372,0.002137759105236,0.0164579612406874,-0.0204786163205034,20.82681698396425,0.0084,0.7,10
0.006275018619441,0.0009979872829542406,8.348893576014646e-05,-0.042548896571835,20.1129878576388,0.0084,0.7,10
0.0065904576685442,0.0014929633039457,0.0053129184810238,-0.0371221653004267,20.38971845509799,0.0084,0.7,10
0.0065038787861108,0.0013769010208499,0.0039237402661998,-0.0390061392542245,20.313090928205245,0.0084,0.7,10
0.0064218603180317,0.0012552245007639,0.0025230248572909,-0.040527394509162,20.24275508602538,0.0084,0.7,10
0.0063455976082222,0.001126838065094,0.0011884168657752,-0.0417048875167339,20.17622022851456,0.0084,0.7,10
0.0075339262855238,0.0035001538238486,0.0905338529366254,0.0620584452348235,21.38292702318783,0.0084,0.7,10
0.0074842075656477,0.0033908162815736,0.0805149570853852,0.0529941774927908,21.392741114961183,0.0084,0.7,10
0.0073426814990836,0.0030727365505041,0.0563886585708397,0.0286503883816602,21.35114855301563,0.0084,0.7,10
0.0074477631389561,0.0032749486603354,0.0696473372528932,0.0437662721768681,21.386765736431965,0.0084,0.7,10
0.0073793923731835,0.0031725724662121,0.06371904354985,0.0358884864457136,21.34838395703264,0.0084,0.7,10
0.007865333388492,0.0039801765396393,0.1370789799155198,0.1036350617356972,21.246414965513463,0.0084,0.7,10
0.0075909548672559,0.0036101571188717,0.1011293536014737,0.071522260063627,21.37067023065507,0.0084,0.7,10
0.0076462641573229,0.0037141881402115,0.1119713418023406,0.080660422991102,21.338820539170957,0.0084,0.7,10
0.0077016794917558,0.0037920041429709,0.1195474510122187,0.0874683612797584,21.32375771734864,0.0084,0.7,10
0.0077646703876899,0.0039252407003729,0.1367838311481088,0.0996961982861137,21.235595228683376,0.0084,0.7,10
0.0077023316276075,0.0038644270775371,0.1318897479464044,0.0943329800092435,21.23865140407659,0.0084,0.7,10
0.0078591006900635,0.0040795757204616,0.1572317057288826,0.1137152508113047,21.12476536230126,0.0084,0.7,10
0.0078503024155273,0.004187370680506,0.1805300771363358,0.1243798274923509,20.976885375725605,0.0084,0.7,10
0.0060541140514574,0.0008550702444482327,-0.0005741806227401357,-0.0435208075443947,20.00327410976456,0.0084,0.7,10
0.0061205255961545,0.0009866261874158953,0.00038418998247560825,-0.0431500869182246,20.062567119723656,0.0084,0.7,10
0.0042214931050076,0.0010479019285665,0.0011203208741401,-0.0054224708607997,19.668653902918557,0.0084,0.7,10
0.0042060809524967,0.0011299015820847,0.001266280420948,-0.0054093132305246,19.64994550453232,0.0084,0.7,10
0.0047110935803004,0.0006521665111911802,0.0005032887937740973,-0.0230699110287672,19.642335826384254,0.0084,0.7,10
0.0046359971775911,0.0007304068662721938,0.0009288041156245104,-0.0203391830745987,19.655158292030027,0.0084,0.7,10
0.0045439331684665,0.0008118527980200437,0.001304834577174,-0.0169347179895735,19.66447483242492,0.0084,0.7,10
0.0043233158744222,0.0009448169800983752,0.0013492023129559,-0.0087501532460869,19.67524369252764,0.0084,0.7,10
0.004420456736032,0.0009237987954448152,0.0015803140518148,-0.0124163331464779,19.6712584068905,0.0084,0.7,10
0.0045085601387537,0.0008923611357188839,0.0016142580579974,-0.0156643989812534,19.67222687234756,0.0084,0.7,10
0.0043086380992224,0.0010278318813625,0.0015415434480473,-0.0085530791235853,19.669266171186788,0.0084,0.7,10
0.0058992881569038,0.0008394601022621662,-0.0004300278257770366,-0.0433889291939887,19.952559819414574,0.0084,0.7,10
0.0057457101532596,0.000822009888970379,-0.0003117520663522835,-0.0427278087974366,19.90244897238104,0.0084,0.7,10
0.005595282681363,0.0008027490546788268,-0.00022017695466990743,-0.0415539810512184,19.854151498099824,0.0084,0.7,10
0.0048197795752198,0.0006718960834937311,0.000356478693318001,-0.0265048677219591,19.65613132678409,0.0084,0.7,10
0.0049325317842933,0.0006930086254798009,0.0002177613826408122,-0.0296987011676912,19.675491906571228,0.0084,0.7,10
0.0050512047211983,0.0007148979039161036,9.695345081036894e-05,-0.0326695397932627,19.700632587913574,0.0084,0.7,10
0.0051770845934866,0.0007375070537040595,6.681907324534277e-08,-0.035401942436932,19.73157613756175,0.0084,0.7,10
0.005310098113268,0.0007600764741934678,-7.744250052533161e-05,-0.0378359425378878,19.76788082753418,0.0084,0.7,10
0.0054497085534944,0.0007819735091878476,-0.00014644475246308094,-0.0399060199214438,19.808946676843487,0.0084,0.7,10
0.0041196365052177,0.0012349858343933,0.0009402561918304268,-0.0032852098465109,19.61016957063791,0.0084,0.7,10
0.004183801425404,0.0012109633872186,0.001397839359238,-0.0052532270996677,19.624519062938536,0.0084,0.7,10
0.0078369879926118,0.0047848752143009,0.3228327598445916,0.1729070225536212,20.13820934577389,0.0084,0.7,10
0.0078600445629827,0.0049110131429428,0.353471265688081,0.1806279665229451,19.944716967043945,0.0084,0.7,10
0.0076051159384011,0.0066476036228652,0.6610708905599058,0.1351482006380466,18.40415349677,0.0084,0.7,10
0.0077683127070312,0.005443553205226,0.4858905597406031,0.1923907632635928,19.308335436732047,0.0084,0.7,10
0.0077346786579556,0.0055334465413308,0.5058376915484509,0.1911363094154896,19.21411255406453,0.0084,0.7,10
0.0078266270355266,0.0053132793494242,0.4549195439976504,0.1931340003454948,19.408880788614173,0.0084,0.7,10
0.0078014890610344,0.0050694689687138,0.3959033732475075,0.1861303683486412,19.753297558395836,0.0084,0.7,10
0.0077423258985103,0.0052116591689239,0.4322484940716416,0.1885875539639959,19.59566849285432,0.0084,0.7,10
0.0076225054295779,0.0065145555859142,0.6530683214752977,0.1456058769281946,18.453250362108214,0.0084,0.7,10
0.0077644445887284,0.0063087937760885,0.6424221302882605,0.1618053551719782,18.429354716619237,0.0084,0.7,10
0.0077571888847879,0.0061579950464613,0.6216502848347741,0.171367009941717,18.557503785590765,0.0084,0.7,10
0.0077499191222962,0.0060125337352568,0.5986329568789074,0.1788966716817403,18.696566654121053,0.0084,0.7,10
0.007636192773212,0.006381177715082,0.6415854690225816,0.1554297560544975,18.534159237232316,0.0084,0.7,10
0.0077439691394166,0.0058713871462941,0.5737892163905856,0.1845393295467068,18.83904814372374,0.0084,0.7,10
0.0077427402440722,0.0056230833833547,0.5249887736260118,0.1905714487991128,19.09187726145899,0.0084,0.7,10
0.0077438975034145,0.0057359431814153,0.5479499946445269,0.1884992516307646,18.966476585337023,0.0084,0.7,10
0.00766145177148,0.0054852526142268,0.4952285299686144,0.1888867617387975,19.31485639996512,0.0084,0.7,10
0.007668864874947,0.0055761776680148,0.5144288925673491,0.1886702638619288,19.223890935793467,0.0084,0.7,10
0.0078311003585973,0.004313704006177,0.2100808728647053,0.1363391043501431,20.80088112871396,0.0084,0.7,10
0.0078062659842027,0.0044449862689656,0.2423524132033767,0.147658099139873,20.6156260103102,0.0084,0.7,10
0.0077840664568461,0.0045780004353817,0.2756104281488403,0.1578821590097572,20.425835314361176,0.0084,0.7,10
0.0077589301039929,0.0047071755333113,0.3085846581894149,0.1664445296667846,20.269703636493272,0.0084,0.7,10
0.0074843667698332,0.0069876901570209,0.6603790295098008,0.1072238728818881,18.42098102345696,0.0084,0.7,10
0.0074963734381,0.0068513233108644,0.6600629003213476,0.1188609938887268,18.46782573627196,0.0084,0.7,10
0.0075070355033427,0.0067265263402597,0.6570254656133941,0.1291327774092387,18.500121636220157,0.0084,0.7,10
0.0038175328759401,0.0100958155336598,0.0036023474679788,0.0062099552603926,17.280366007385172,0.0084,0.7,10
0.0037607394770024,0.010047368205566,0.002255380444144,0.0040002846111948,17.190619279699145,0.0084,0.7,10
0.0038558120718202,0.0100927895449546,0.0057176424259215,0.0092001967525722,17.36897022004101,0.0084,0.7,10
0.0039228240594566,0.0101030855510548,0.0089477599222694,0.013017877966483,17.486827000562986,0.0084,0.7,10
0.0040134204302101,0.0101081422176812,0.013911084036682,0.0176024750119598,17.64908721219824,0.0084,0.7,10
0.0041152553068237,0.0101085189592574,0.0201133817641123,0.0218160984445904,17.815742333565833,0.0084,0.7,10
0.0042273025208215,0.0101089469453128,0.0273025410226005,0.0251811447267431,17.98953645183838,0.0084,0.7,10
0.0058566875661121,0.0099204186681594,0.1520260944083321,0.0087975834019558,19.208386277046525,0.0084,0.7,10
0.0043358071676586,0.0101110180189473,0.034395507766651,0.0272531890864978,18.12610499653877,0.0084,0.7,10
0.004422943769456,0.0101271273449064,0.0390168490582155,0.0272649166317709,18.241318856348208,0.0084,0.7,10
0.0045148499603186,0.0100934468410376,0.0481613170926804,0.0301331003478679,18.339513772813092,0.0084,0.7,10
0.0046336281127837,0.010077168430157,0.0579710857118092,0.0313119379391888,18.465926004315374,0.0084,0.7,10
0.005717959443246,0.0099275430815653,0.1441029102400776,0.0141309944850515,19.16256839027056,0.0084,0.7,10
0.0047617457195502,0.0100610009597218,0.0685119678550957,0.0316002263438819,18.589681458092624,0.0084,0.7,10
0.0055834709859007,0.0099378159367441,0.1354971414868171,0.0187949197070729,19.106999500567976,0.0084,0.7,10
0.0054529138407783,0.0099524492004781,0.1261359125974839,0.0226807631158349,19.042452029975035,0.0084,0.7,10
0.0048956396896606,0.0100415775035194,0.0798012336114866,0.031242589656157,18.70447485747107,0.0084,0.7,10
0.0050328364222661,0.010020515035505,0.0914178090907862,0.0301832683219502,18.799930555711203,0.0084,0.7,10
0.0051764363087039,0.0100004593804736,0.1031637818941294,0.0280770218351472,18.89553034030578,0.0084,0.7,10
0.0053227861796468,0.0099769621916021,0.1151871233052327,0.0253953836879957,18.980950461634283,0.0084,0.7,10
0.0040641992042645,0.0012870866841435,0.0006189884616077242,-0.0019808194505911,19.58337990793777,0.0084,0.7,10
0.0040595600722756,0.0012146226159553,0.0003431056970038804,-0.0011769596714105,19.61373882570688,0.0084,0.7,10
0.0064031073538726,0.00952833998574,0.2374952523236266,-0.0018539758646943,19.288697935156264,0.0084,0.7,10
0.0064456268310779,0.009400211312736,0.2616580775916146,0.0009002538875110163,19.267892873744103,0.0084,0.7,10
0.0062255539677803,0.0096690887940829,0.2066668364241622,0.0023868357655783,19.2756750926043,0.0084,0.7,10
0.0062688074836452,0.0095459648516495,0.2288305605009422,0.0052736571015906,19.27302920894528,0.0084,0.7,10
0.0060878578781469,0.0096710766866352,0.2002193494626434,0.0095981482897265,19.26121083772288,0.0084,0.7,10
0.0064882118687384,0.0092717731204573,0.2866028718068552,0.0038019689217194,19.24715922197184,0.0084,0.7,10
0.0065379492188318,0.0091407581300467,0.3128972615253853,0.0065198274137815,19.221209640983016,0.0084,0.7,10
0.0059052613237344,0.0098081775220877,0.1705496908782661,0.0120866255007457,19.213247010306198,0.0084,0.7,10
0.0059531423082952,0.009688476701648,0.1910507357611916,0.0156695604707137,19.224495043889103,0.0084,0.7,10
0.0072320891899974,0.0076708640065261,0.5994190509186151,0.0556522467349149,18.62396726279218,0.0084,0.7,10
0.0072364261822722,0.0077782769489989,0.5875692282730024,0.0463442305745521,18.634930344310007,0.0084,0.7,10
0.0071798123327627,0.0078755077073501,0.5707015689263678,0.0415090648318436,18.689562578093756,0.0084,0.7,10
0.0069922012468709,0.0082460276574561,0.5012939132436277,0.0255286210288986,18.887845536904987,0.0084,0.7,10
0.0070578898435318,0.0081229669850781,0.5256903473512602,0.0299386480334256,18.821523692325982,0.0084,0.7,10
0.0071219009470217,0.007999791701692,0.548983248267399,0.035146015864342,18.75150160225965,0.0084,0.7,10
0.0065865333423582,0.0090088925972841,0.339744346416998,0.0095491145079613,19.18852870823877,0.0084,0.7,10
0.0069240256963533,0.0083699309366002,0.4757968374784362,0.0218692462616893,18.95171894583169,0.0084,0.7,10
0.0067150051915095,0.0088292105635495,0.3799738665640635,0.0096320412580528,19.12096680605575,0.0084,0.7,10
0.0066189820209055,0.0088971415385094,0.3622040860815358,0.0129520570218143,19.1671223846308,0.0084,0.7,10
0.00670838264629,0.0087114031507673,0.4014667393593269,0.0166211264818448,19.112204804290283,0.0084,0.7,10
0.0068534127156177,0.0084940037472954,0.4495306056237925,0.0189606724891765,19.01216085982093,0.0084,0.7,10
0.0067802531446244,0.0086138169750873,0.4235200211989056,0.0170106418842483,19.06349420132881,0.0084,0.7,10
0.0074579007485485,0.0073996140002671,0.6435882459842047,0.0698384684698836,18.38815403514717,0.0084,0.7,10
0.0074643963555646,0.0072628939960038,0.6519874808054843,0.0824979141897359,18.39531670111742,0.0084,0.7,10
0.0074771857284395,0.0071261769363065,0.6580265941517524,0.0948140391680705,18.41093091542309,0.0084,0.7,10
0.0073387189638888,0.0074649776848678,0.6278519946731765,0.0687060784303725,18.51988218101143,0.0084,0.7,10
0.0072258528932231,0.0075405677273529,0.6117095588268794,0.0670869380039026,18.638345573105173,0.0084,0.7,10
0.0071387141868921,0.0076192331843008,0.5969980477688894,0.0646098572756571,18.708031605210245,0.0084,0.7,10
0.006887806890991,0.0020730869391461,0.0159729128218571,-0.0232431673753699,20.75232250674887,0.0084,0.7,10
0.0068013630291582,0.0019767184383835,0.0146651585823207,-0.0268063390398799,20.670148271541997,0.0084,0.7,10
0.0065340407663016,0.001624426938371,0.0089107793513561,-0.036220818393969,20.421950187760817,0.0084,0.7,10
0.0067217162482729,0.0018575183209619,0.0125289267639226,-0.0303487892554639,20.58891748828078,0.0084,0.7,10
0.0066240892222569,0.0017418706691032,0.0108065449030571,-0.0335512121989181,20.49445460153321,0.0084,0.7,10
0.007309700192443,0.0029595781238192,0.0483793883187761,0.0209873832070267,21.31571877606903,0.0084,0.7,10
0.0072487203190189,0.0030389484968361,0.0595441827999367,0.0256835178247586,21.25916809341088,0.0084,0.7,10
0.007269962477063,0.0028595113473792,0.0427055115988473,0.0145896692924513,21.268298878401897,0.0084,0.7,10
0.0072375598781155,0.002739321356338,0.0357657213137839,0.0074958220339129,21.217005074838493,0.0084,0.7,10
0.0071845644774558,0.0026417324915403,0.0321672571734988,0.0018891183117608,21.170624468498577,0.0084,0.7,10
0.0071431250439544,0.0025448870164608,0.0283737349458017,-0.0031122292808787,21.106439986467507,0.0084,0.7,10
0.0071011419953161,0.0024551077947887,0.0253596282651342,-0.0074784461680471,21.041009294322453,0.0084,0.7,10
0.0070415767460134,0.002363695065968,0.0231705490618922,-0.011880551895252,20.964742384476363,0.0084,0.7,10
0.0069760693475268,0.0022577304475891,0.0206325129304704,-0.0165241556359122,20.88555118710877,0.0084,0.7,10
0.0068698180688073,0.0021905561074355,0.0211551378851454,-0.0201496056502056,20.79329504690648,0.0084,0.7,10
0.0061899190766006,0.0011189445271299,0.0017071040113967,-0.0425259323269498,20.124897296866667,0.0084,0.7,10
0.006438752646559,0.001509500491955,0.0071998815142944,-0.0383967219653295,20.336710538696103,0.0084,0.7,10
0.0064110066138172,0.0016279832784064,0.0105990939862215,-0.0372842903847416,20.365567504123057,0.0084,0.7,10
0.0063494051576025,0.0013874894514689,0.0053155966659894,-0.0401677188399031,20.263308520964586,0.0084,0.7,10
0.0062643112680496,0.0012523445076698,0.0033747163041215,-0.0415764446506871,20.19186235911187,0.0084,0.7,10
0.007466491334238,0.0036143804924307,0.1126625021320108,0.0717785881708562,21.25652378622463,0.0084,0.7,10
0.0074112073857733,0.0035005094263786,0.1009469012078677,0.061788571971603,21.274271620639663,0.0084,0.7,10
0.0073612391159793,0.0033827217253947,0.0893937860250097,0.0518388925194693,21.276649827507995,0.0084,0.7,10
0.0072472615431652,0.0031535743753079,0.0711973848135828,0.0335562229606137,21.24480748720289,0.0084,0.7,10
0.0073086924390163,0.0032732030150178,0.0801181281501518,0.0429286589762621,21.27162129811632,0.0084,0.7,10
0.0077509692134899,0.0040167242390104,0.1553553990837226,0.108641979731524,21.126338624920376,0.0084,0.7,10
0.0075272855459242,0.0037263831351065,0.1247245349611264,0.0818792257698278,21.23090344160659,0.0084,0.7,10
0.0076059402695499,0.0038347131174013,0.135669946630123,0.0919077894504486,21.18835583906694,0.0084,0.7,10
0.0076569844497759,0.0039413949918518,0.1499966366070988,0.1017641485884234,21.136997218280104,0.0084,0.7,10
0.0077372074896205,0.004122572423452,0.1777039586036125,0.1186947889847294,20.996514384530258,0.0084,0.7,10
0.0077193719656055,0.0042409037057236,0.2041237543742864,0.1294246501732077,20.841607692558053,0.0084,0.7,10
0.0040938260271549,0.0013168112120843,0.0010265057431145,-0.0032126289122836,19.570710369971778,0.0084,0.7,10
0.0059647138648998,0.0009720239292926456,0.0006366149208442592,-0.0432474408591392,20.01053236599165,0.0084,0.7,10
0.0060322416707066,0.0011062538490299,0.0021334824573772,-0.0428690112686729,20.070824784139543,0.0084,0.7,10
0.0042897291012747,0.0011120838450659,0.0017571004546042,-0.0083172646530928,19.65706731084605,0.0084,0.7,10
0.0042673949880285,0.0011937759049807,0.0019838816193058,-0.0080679578013671,19.63797470192262,0.0084,0.7,10
0.0047495096607094,0.0007555965265056068,0.0008830587410118014,-0.024150770617387,19.667992041766524,0.0084,0.7,10
0.0046766584608209,0.0008334997756133611,0.0013639769237369,-0.0216637960197957,19.674293165001263,0.0084,0.7,10
0.0046072498917807,0.0009037859573432048,0.00175997911526,-0.0192392946111846,19.68024151301927,0.0084,0.7,10
0.0044130450261396,0.0010124839849922,0.0019205044125021,-0.0123955940272695,19.671106559836485,0.0084,0.7,10
0.0045380183485451,0.0009805564883550752,0.0021043707515476,-0.0168857166286772,19.67968987231572,0.0084,0.7,10
0.0043964450147175,0.0010941936281429,0.0022623650690174,-0.0121307143676918,19.664508162835748,0.0084,0.7,10
0.005809120190853,0.000954839139150926,0.0008214129586188384,-0.0428195867960829,19.958383098370987,0.0084,0.7,10
0.0056558601887779,0.0009349827009762804,0.000927766435104783,-0.0418630071501437,19.907265964638984,0.0084,0.7,10
0.0055065794730806,0.0009123902713507152,0.0009620861975561946,-0.0404000937070323,19.85849945397489,0.0084,0.7,10
0.0048596437695579,0.0007797085553410887,0.0008446295850063041,-0.0274856351581104,19.685264559328967,0.0084,0.7,10
0.0049727195871577,0.0008054993844589841,0.0008349409638430593,-0.0305530380383107,19.70809807277001,0.0084,0.7,10
0.0050947145598472,0.000833228931966679,0.0008591305354267728,-0.0334675541563555,19.73749481776819,0.0084,0.7,10
0.0052253356213499,0.0008608653741074652,0.0009017022743536529,-0.0361436983530114,19.772858198899275,0.0084,0.7,10
0.0053627253997971,0.0008874293084902333,0.0009441185978982838,-0.0384741400257251,19.813336543615037,0.0084,0.7,10
0.0041548304712088,0.0012890604696457,0.0014926146178675,-0.0049608323763588,19.59391343313094,0.0084,0.7,10
0.0042448955982223,0.0012750205840068,0.0022614960190853,-0.0079467837136186,19.614127573895985,0.0084,0.7,10
0.007739515244078,0.0048371449482283,0.3414495048348813,0.1737507270186955,20.072637924204766,0.0084,0.7,10
0.0077065348013768,0.0049718675447424,0.3758031053968667,0.1794396357909008,19.919522857524512,0.0084,0.7,10
0.0075058291709438,0.0065881175797489,0.6496571413307409,0.1398632715402679,18.552197662325337,0.0084,0.7,10
0.0076727841948737,0.0053605908783329,0.4678230750009163,0.1887180735751344,19.4781332526612,0.0084,0.7,10
0.0076614971899333,0.0051091860040001,0.4101977523884774,0.1830934764340407,19.757678784864552,0.0084,0.7,10
0.007608915246791,0.0052403592880079,0.441703574340019,0.1845848872300199,19.63144182956276,0.0084,0.7,10
0.0075106402982606,0.0064486312701965,0.639519394657032,0.1497632081715907,18.637889035530907,0.0084,0.7,10
0.0076349168600959,0.00623487457915,0.624833167807485,0.1648027243306154,18.630178596250136,0.0084,0.7,10
0.0076299622329435,0.0060884881981399,0.6046948066930398,0.172643541109015,18.7570268087116,0.0084,0.7,10
0.0076235207833847,0.0059434728066947,0.5819079935274641,0.1787742617961996,18.893756998954476,0.0084,0.7,10
0.0075121425031779,0.0063087301428299,0.626101948208687,0.1586004589531442,18.724928879954884,0.0084,0.7,10
0.0075798068259448,0.0054426554609152,0.4862760425043694,0.1859478456807687,19.44151538601632,0.0084,0.7,10
0.0076168296434073,0.0058012314591484,0.5571255052474798,0.1831451651900441,19.03830596888014,0.0084,0.7,10
0.0076362562070977,0.0056706126079581,0.5329495280937503,0.1864418111144124,19.135528779578213,0.0084,0.7,10
0.0075617876212135,0.0055614337691966,0.5106833506380611,0.1852229466899768,19.30650604817052,0.0084,0.7,10
0.007699445200104,0.0043655298314409,0.2330955642046652,0.1399261984266794,20.68645901283163,0.0084,0.7,10
0.0076764587558125,0.0044959156077384,0.2644292263188426,0.1498750630327703,20.52372959674531,0.0084,0.7,10
0.007654121967646,0.0046256581371837,0.2960823978712105,0.1586305521640761,20.363823138305232,0.0084,0.7,10
0.0076324285768588,0.0047545791578038,0.3276947234329034,0.1661250128211137,20.20617070192375,0.0084,0.7,10
0.0073775770757151,0.0070540732649282,0.6506402192060133,0.1036459464339959,18.52117231523749,0.0084,0.7,10
0.007369625812573,0.0068948577900497,0.6503294410237211,0.1170089237676118,18.572891679875852,0.0084,0.7,10
0.0074190173092582,0.0067768218819621,0.651810015575049,0.125770970626683,18.576086197552108,0.0084,0.7,10
0.0074014667627396,0.0066640685629675,0.6461050484331672,0.1343846803353003,18.63629743350065,0.0084,0.7,10
0.0037803701201581,0.0100229515421838,0.004264423722463,0.0071396558240465,17.237303936422183,0.0084,0.7,10
0.0037226496020522,0.0099756892936334,0.0026561835115872,0.0045430021260409,17.157117934944644,0.0084,0.7,10
0.0038159076842228,0.0100182407013249,0.0065979508373488,0.010428935748524,17.329790108637354,0.0084,0.7,10
0.0038869993453835,0.0100278255281408,0.0105280003095636,0.0151761165114302,17.44854423667486,0.0084,0.7,10
0.0039775153064176,0.010031392307276,0.0161246606661785,0.0205515405589669,17.614148273493132,0.0084,0.7,10
0.0040782489955753,0.0100301784893837,0.0229499211796384,0.0255178248845959,17.781752121721492,0.0084,0.7,10
0.004190934934989,0.0100283870192472,0.0309336319565994,0.0296820280958478,17.95442509917021,0.0084,0.7,10
0.0043013297886571,0.0100279386861612,0.0388752303570516,0.0324629766479,18.110373727584665,0.0084,0.7,10
0.0057664972017221,0.0098180272265084,0.1620772281539847,0.017823306693671,19.17310065335721,0.0084,0.7,10
0.0044124755009007,0.0100301730493596,0.0466672863155135,0.0339425394905431,18.250247797146795,0.0084,0.7,10
0.0045366861429764,0.0099971627829659,0.058984702795134,0.0371061507022926,18.38306714994302,0.0084,0.7,10
0.004663126206315,0.0099787509451848,0.070197078526286,0.0382275964269797,18.51289429371525,0.0084,0.7,10
0.0056278621754377,0.0098307356377869,0.1527181170333034,0.0230233423916578,19.12399925903281,0.0084,0.7,10
0.0047939140426237,0.009958883117233,0.0819291472725576,0.0384791732002299,18.63194029081315,0.0084,0.7,10
0.0054896912902056,0.0098462071439492,0.1425686203804257,0.0276103550185592,19.06553688542273,0.0084,0.7,10
0.0053541199064169,0.0098655895817964,0.1316574232743251,0.0313032264131147,19.002989449487632,0.0084,0.7,10
0.0049288505344057,0.0099368339363454,0.0941578591309199,0.0379544768331996,18.73950362885014,0.0084,0.7,10
0.005066457547287,0.0099108045545527,0.1068927906412036,0.0368068911193476,18.83786563874508,0.0084,0.7,10
0.0052114598437169,0.0098893934278444,0.1193578898152954,0.0342945102351743,18.92896263999245,0.0084,0.7,10
0.0040386304749493,0.0013659057794969,0.0006743533664750402,-0.0019725935004404,19.540159804933957,0.0084,0.7,10
0.0040356484464435,0.0012919703883532,0.00036417137352087655,-0.0011497906909194,19.57187226429248,0.0084,0.7,10
0.0063113988642962,0.0094228424349956,0.2517692543833839,0.0082324074550205,19.262576419508008,0.0084,0.7,10
0.0063487414132466,0.0093004358777596,0.2750167468786841,0.0115514734476494,19.251406640215325,0.0084,0.7,10
0.006135867841155,0.0095561884823733,0.221102600557328,0.0123639337194722,19.25356112789624,0.0084,0.7,10
0.0061793354827725,0.00943897888116,0.242827399799304,0.0154313342681444,19.248781594361883,0.0084,0.7,10
0.0060024610938785,0.0095665481631044,0.2128943757600358,0.0191820218399227,19.23135822935247,0.0084,0.7,10
0.006387563746677,0.0091616799503487,0.3018198386753114,0.0156794548011248,19.23466419170658,0.0084,0.7,10
0.0064633120840736,0.0090357538259181,0.3285654454953464,0.0168008966406696,19.21232585573584,0.0084,0.7,10
0.0058153920264769,0.0097027286339613,0.1817978799475734,0.0216811875855835,19.18613544474321,0.0084,0.7,10
0.0058655295119316,0.0095821618548895,0.2032813153456039,0.0256104724938389,19.19938576859182,0.0084,0.7,10
0.0068525355034884,0.0082485846019452,0.4913149579488118,0.0349369287130005,18.970427275642745,0.0084,0.7,10
0.0071165367436206,0.0077447969504885,0.581706719900548,0.0556254184283466,18.73822700116108,0.0084,0.7,10
0.0070453654447318,0.0078770595052202,0.5598777449933418,0.0492951949905008,18.80341559385284,0.0084,0.7,10
0.006917522526406,0.0081257378442649,0.5151518226844544,0.0390038843831128,18.91584110562456,0.0084,0.7,10
0.0069815358279058,0.0080024296240848,0.5379891681398138,0.0437552548829894,18.859057696975626,0.0084,0.7,10
0.0070203910016888,0.0076285151489347,0.5867610612670252,0.0697053152402148,18.824492847755494,0.0084,0.7,10
0.0065050518226932,0.0088968541980935,0.3562377427991774,0.0210759912653973,19.18930317483193,0.0084,0.7,10
0.0067844750743571,0.0083717908355652,0.4664158632382536,0.0316004437678481,19.02306433330285,0.0084,0.7,10
0.0065720990406786,0.0087587361131387,0.3852038268530165,0.0237844281923236,19.159301101170403,0.0084,0.7,10
0.0066396679894103,0.0086165904364367,0.4147670606460731,0.027010942339015,19.113689624671736,0.0084,0.7,10
0.0067149090597483,0.0084946705079738,0.4408831313291521,0.0288754614456628,19.070075068870008,0.0084,0.7,10
0.0073363540556696,0.0073240236750203,0.6371399619100221,0.0813388129276564,18.52901985958457,0.0084,0.7,10
0.0073547123339404,0.0071896973344057,0.6451102332810549,0.0924778157186357,18.534152712586817,0.0084,0.7,10
0.0072775880915872,0.0071095378993216,0.6410477820147505,0.1014131894124259,18.620146036195685,0.0084,0.7,10
0.0072149309092364,0.0073929074401913,0.6224813773754474,0.0799332224924698,18.64874583620994,0.0084,0.7,10
0.0070899037438522,0.0074911835567155,0.6048673612513443,0.0771157853634988,18.75729704609355,0.0084,0.7,10
0.0067609189264593,0.0021316306078219,0.0217669784524522,-0.0233712755462031,20.706495406181148,0.0084,0.7,10
0.0066705624276175,0.0019958591990159,0.0184729591899021,-0.0280437085793147,20.615159190318124,0.0084,0.7,10
0.0064594973020564,0.0017637787059843,0.0140933808466185,-0.0349519225810384,20.437622624802312,0.0084,0.7,10
0.006574847403195,0.0018823381752257,0.0162469294900827,-0.0316233338210233,20.5248127261874,0.0084,0.7,10
0.0071936877107456,0.0029597904551478,0.0557585080582889,0.0200085470888576,21.206799616134365,0.0084,0.7,10
0.0071532549228999,0.0030698696808491,0.0689757905912163,0.0266146082189184,21.16606745446775,0.0084,0.7,10
0.0071359790535156,0.0028483905291354,0.0496643101360538,0.0125412673463025,21.1554785933685,0.0084,0.7,10
0.0070882987629104,0.0026166608099499,0.0352996151353944,-0.00038941563496496624,21.07788357546517,0.0084,0.7,10
0.0070907006187644,0.0027338765396676,0.043285805924016,0.0055962147888261,21.11412438235283,0.0084,0.7,10
0.007036267368138,0.0025484712181029,0.0334066795549055,-0.0042571093800343,21.016293803338783,0.0084,0.7,10
0.0069852949456016,0.0024646699559309,0.030697837440593,-0.0086029977941059,20.964567390491368,0.0084,0.7,10
0.0069295364028044,0.0023750739556067,0.02798225389164,-0.0129343504346239,20.89747788934387,0.0084,0.7,10
0.0068732613748008,0.0022994629466993,0.0261441666628046,-0.0164896872822053,20.836018205103457,0.0084,0.7,10
0.0067828361267466,0.002273377634316,0.0279073316025158,-0.018672240312979,20.766373288721784,0.0084,0.7,10
0.0061038946916319,0.0012432225158624,0.0040852964579357,-0.0421857758971875,20.13486211229653,0.0084,0.7,10
0.0063178526592094,0.0016951538916274,0.0138845228622516,-0.037171188153199,20.35873665208436,0.0084,0.7,10
0.0063495284675736,0.001817390728614,0.0178782076795653,-0.0350586414677148,20.40592026930788,0.0084,0.7,10
0.0062835030562863,0.0015426400346978,0.0096131141511612,-0.0392131733428493,20.284970841906723,0.0084,0.7,10
0.0061841660244145,0.0013881983517194,0.0065940045610574,-0.0410513803177443,20.208395845194264,0.0084,0.7,10
0.0073956201658487,0.003731866271166,0.1370914697144375,0.0811882836281186,21.127877436201388,0.0084,0.7,10
0.0073367715080333,0.0036146194235936,0.1236794457540935,0.0704817341104835,21.154933746395084,0.0084,0.7,10
0.0072814241426889,0.0034976729197506,0.1111527984500084,0.0601128117638329,21.167953070675168,0.0084,0.7,10
0.0071316502493983,0.0031716505637786,0.0813590338537914,0.0332729338568331,21.13905273096858,0.0084,0.7,10
0.0072279238663854,0.0033819087700035,0.0997088094658276,0.050215547485811,21.16937983013617,0.0084,0.7,10
0.0071742594427571,0.0032682866288785,0.0895022707706009,0.0408590102582905,21.153781521323225,0.0084,0.7,10
0.0076324801688332,0.0040481762642386,0.1724982102686228,0.1115160881424851,21.01666484925909,0.0084,0.7,10
0.0074581939571425,0.0038527638703497,0.1520211689671897,0.092450983057972,21.091986866545337,0.0084,0.7,10
0.007539075689443,0.0039561939464277,0.1634465469998036,0.1024793657222867,21.038111485025464,0.0084,0.7,10
0.007323089540942,0.0038523323635428,0.1634336437993809,0.0900612029089458,21.000225861602555,0.0084,0.7,10
0.0076091576078422,0.0041669782777941,0.1983135959496332,0.1218679506019524,20.878328727804814,0.0084,0.7,10
0.0075880063820492,0.0042907295542369,0.2259763701017793,0.131996420668003,20.73709667125482,0.0084,0.7,10
0.0040668474798711,0.0013906148511653,0.0010988406546405,-0.0031261150596718,19.530350483409304,0.0084,0.7,10
0.0041338523791596,0.0013691876175314,0.0017223099944861,-0.0050851703601551,19.557807622280027,0.0084,0.7,10
0.0058738050871121,0.0010898837073622,0.0024373442311758,-0.0427053707275167,20.01637743336116,0.0084,0.7,10
0.005940591629007,0.0012268222451295,0.004567632026431,-0.0423259962473786,20.0764672669564,0.0084,0.7,10
0.004369760878416,0.001176948399874,0.0026098050395043,-0.0116372562190263,19.652914952226567,0.0084,0.7,10
0.0043465122092647,0.0012596257931044,0.0030366649738047,-0.011415156078224,19.636183763227503,0.0084,0.7,10
0.0047839706099207,0.0008637968922159136,0.0014789211766698,-0.0251139356392992,19.691201733639783,0.0084,0.7,10
0.0047040400469096,0.0009411825127513312,0.0020412574262193,-0.0225578820338289,19.694247411091656,0.0084,0.7,10
0.0046335069003739,0.000987077259541997,0.0023154625794343,-0.020236925488306,19.68867921879759,0.0084,0.7,10
0.0045176300949882,0.0010892957406223,0.0027588729053542,-0.016475639570472,19.6769790795078,0.0084,0.7,10
0.0046072587253975,0.0010621065831046,0.0028343051485017,-0.0194981343944071,19.6931682098279,0.0084,0.7,10
0.004494935522451,0.0011671152673246,0.0032799492081806,-0.0160324838540481,19.67100436953833,0.0084,0.7,10
0.0057168973541379,0.0010704297905924,0.0025978404058237,-0.0420039150985182,19.962125497651822,0.0084,0.7,10
0.0055631056506634,0.0010471331305089,0.0026068927208773,-0.0407631625459515,19.90933772677855,0.0084,0.7,10
0.0054150007472509,0.0010197532457703,0.0024814088442963,-0.0390260529546074,19.859635520433415,0.0084,0.7,10
0.0048915157486004,0.0008946021377881187,0.0016288063801665,-0.0282535156667891,19.712028875794843,0.0084,0.7,10
0.0050098570654376,0.0009255256644503236,0.0018112299006188,-0.0313441523528323,19.73978900188462,0.0084,0.7,10
0.0051374510005698,0.000957681329986532,0.0020363998705938,-0.0342425296411525,19.774116636584434,0.0084,0.7,10
0.0052726249901287,0.000989490852228998,0.0022737440223929,-0.0368286138159343,19.81432867909685,0.0084,0.7,10
0.0042202516387702,0.0013558874387685,0.0025838368529285,-0.007894885979947,19.585756122940182,0.0084,0.7,10
0.0043216212993304,0.0013437606407506,0.0035521939956998,-0.0113127357401008,19.61313686209574,0.0084,0.7,10
0.0076045536322,0.0048865032087118,0.3601820925214646,0.1722449060610713,20.05101337036572,0.0084,0.7,10
0.0075719436565142,0.0050178739356336,0.3920692071185089,0.1767317060488984,19.908179438248336,0.0084,0.7,10
0.0073942713863022,0.0065251368826932,0.637668549645587,0.1439973155912046,18.7202218577808,0.0084,0.7,10
0.0075293379030515,0.0053459654561692,0.4662130524939712,0.1833215218590164,19.551296535440255,0.0084,0.7,10
0.0075374446388583,0.0051438207412617,0.4217426702332628,0.17954169100672,19.786722840178864,0.0084,0.7,10
0.0075036897926656,0.0052404129211472,0.4438461579038696,0.1805333707462546,19.69150632628432,0.0084,0.7,10
0.007392046285683,0.0063833721179382,0.6263868661644291,0.1527648837637533,18.80487224483773,0.0084,0.7,10
0.0075095634492874,0.0061643540813008,0.6090986402868045,0.166421203479041,18.82366133979172,0.0084,0.7,10
0.0075048133306876,0.0060197224098243,0.5891416944471167,0.172776344817711,18.93975433764791,0.0084,0.7,10
0.0074983660464421,0.0058736203240507,0.5663524169021653,0.1775997029964693,19.06597943060652,0.0084,0.7,10
0.0073895158976413,0.0062402208664879,0.6120682006730437,0.1604431232971919,18.89775346503446,0.0084,0.7,10
0.0074806062086789,0.0054621861088322,0.4906738722805917,0.1823397052040545,19.448544262415638,0.0084,0.7,10
0.0074865927302945,0.0057122981924075,0.5384626151894504,0.1808961267664539,19.22676657523064,0.0084,0.7,10
0.0074199584958355,0.0055850989286089,0.5143458665464418,0.1797832482895891,19.38690600836329,0.0084,0.7,10
0.007567346159372,0.0044171468892012,0.2550011577457081,0.1415479073813058,20.59510488121261,0.0084,0.7,10
0.0075460241927445,0.0045455872351227,0.2850981859156273,0.1502799885271036,20.45121747947763,0.0084,0.7,10
0.0075246345638306,0.0046742461998529,0.3155467147748474,0.1579582538088571,20.30776223105214,0.0084,0.7,10
0.0075018485018093,0.0048034243905891,0.3461756057428028,0.1644635032561421,20.1679299376608,0.0084,0.7,10
0.0072709141250644,0.0069945660813396,0.6424707236402534,0.110744881743889,18.676929820308235,0.0084,0.7,10
0.0072569859625169,0.0068825698789271,0.6415152630398465,0.1195009826446173,18.715222660986186,0.0084,0.7,10
0.0073018200894949,0.0067609458397533,0.6425991636230313,0.1278958843102666,18.722342310962382,0.0084,0.7,10
0.0072808582144627,0.0066073884900478,0.6351618213026667,0.1383602332975751,18.80456637378742,0.0084,0.7,10
0.0037412270673867,0.0099497517274554,0.0049907302622064,0.008097339486341,17.205714346755183,0.0084,0.7,10
0.0036831978417297,0.0099047504702922,0.0030870130847866,0.0050876307315949,17.13108930515154,0.0084,0.7,10
0.00377729750584,0.0099455910652885,0.0076520861122511,0.0118076903215365,17.299074909785322,0.0084,0.7,10
0.0038485885741442,0.0099538628441302,0.0121375230799408,0.0172574610664152,17.418492742430626,0.0084,0.7,10
0.0039396931861832,0.0099553777684273,0.0184906205393279,0.0235489725406371,17.58546647989846,0.0084,0.7,10
0.0037011204544016,0.0098782985917089,0.0057557226339077,0.0090389109925045,17.181900784085304,0.0084,0.7,10
0.0036423969759009,0.0098345783804567,0.0035509057842919,0.0056341631171743,17.11509321566718,0.0084,0.7,10
0.0040394456249698,0.00995270522397,0.0259652155558425,0.0292770311275301,17.753705372953203,0.0084,0.7,10
0.0041517748869709,0.0099490188185922,0.0346862652957541,0.0342253816660822,17.930367963206745,0.0084,0.7,10
0.0042625148814737,0.0099463266594822,0.0433720994556592,0.0376525934989791,18.076897516182505,0.0084,0.7,10
0.0043499388235308,0.0099575564978639,0.0489976042068307,0.0384958132728573,18.19164650419368,0.0084,0.7,10
0.0056759732783131,0.0097182238907094,0.1718168821823264,0.0272992179922117,19.14277974116332,0.0084,0.7,10
0.0044401726508015,0.0099219266893445,0.0595015897836933,0.0422623162859302,18.29857724338417,0.0084,0.7,10
0.0045621864581931,0.009900062279662,0.0713358106156115,0.0444451557131182,18.434592543075706,0.0084,0.7,10
0.0046904116289623,0.0098786015541868,0.0836566018766574,0.0455181230368549,18.56105020886985,0.0084,0.7,10
0.0055339130668077,0.0097356491357321,0.1609583479473928,0.032449799729047,19.090388950177463,0.0084,0.7,10
0.0048236569450814,0.0098565990991232,0.0963814093174901,0.0455704312412607,18.676125225740357,0.0084,0.7,10
0.0053955246772324,0.0097532395926261,0.1498872515055905,0.0368832991577883,19.030657377968936,0.0084,0.7,10
0.0052560685807886,0.0097744800113363,0.1378431402716546,0.0404985156429039,18.960992373587715,0.0084,0.7,10
0.004960600117,0.0098326236250514,0.1094898497323455,0.0447498326933848,18.779045046074238,0.0084,0.7,10
0.0050992711801975,0.0097892301087747,0.125109213232927,0.0443510657719851,18.877478016308064,0.0084,0.7,10
0.0040123420828213,0.0014440592239884,0.0007550883770771218,-0.0020246494468974,19.489534633655484,0.0084,0.7,10
0.0040398086528909,0.0014670157244691,0.0012217937185406,-0.0031686126943185,19.483222248777988,0.0084,0.7,10
0.0040102473143245,0.0013688406814174,0.0003913162685157809,-0.0011420049367639,19.525692181573184,0.0084,0.7,10
0.0062227746217631,0.0093231236969255,0.2649641164409562,0.018403947659881,19.24718510436638,0.0084,0.7,10
0.0062545618848438,0.0092134381779364,0.2859313318986685,0.0218619968887557,19.24006802677109,0.0084,0.7,10
0.0060511911460069,0.0094454735131093,0.2353986344108387,0.0225981557406275,19.23636333594297,0.0084,0.7,10
0.006114748811936,0.0093535498321611,0.2542877334829724,0.0235186324358207,19.237240013586824,0.0084,0.7,10
0.0059219335615033,0.0094542383771862,0.2271492750777011,0.029441359787857,19.210484384309265,0.0084,0.7,10
0.0062703119895189,0.0091074788900476,0.3056607219669654,0.0262439950150488,19.23461451857571,0.0084,0.7,10
0.0063425519290189,0.0090330595019612,0.3228584001558023,0.0252516808999752,19.21825792949733,0.0084,0.7,10
0.0063888174398928,0.008925844636616,0.3447806659689429,0.0276961550229364,19.20906762672884,0.0084,0.7,10
0.0057264288876746,0.009600729519728,0.1926787617499093,0.0315911613166274,19.1632554419768,0.0084,0.7,10
0.0057804715894517,0.009476636609138,0.2156445182794999,0.0358921791968001,19.18522478843876,0.0084,0.7,10
0.0067144226920975,0.0082508172461483,0.4819078375067794,0.0441777098451189,19.045610528888428,0.0084,0.7,10
0.0067792940305274,0.0081281706801398,0.5053280460398724,0.0478808201577133,19.00084324733354,0.0084,0.7,10
0.0069677009472791,0.0077570359109466,0.5687841278629926,0.0627421479626664,18.85254166344504,0.0084,0.7,10
0.0069047058693716,0.0078827951363103,0.5486867733256721,0.0570963746392447,18.90559178847192,0.0084,0.7,10
0.0068416453590488,0.0080062570961581,0.5274676118984508,0.0521917600459204,18.954568225204223,0.0084,0.7,10
0.0068886282152895,0.0076391039804741,0.5759799688191176,0.0753903318178762,18.922418915463027,0.0084,0.7,10
0.0069470347129595,0.0075140095148747,0.5920882362419019,0.0816089874405623,18.87420223658978,0.0084,0.7,10
0.0064266407791125,0.0088059310883912,0.3685990385942121,0.031532029673731,19.19130306954491,0.0084,0.7,10
0.0064444312245979,0.0086965118585373,0.3892841212160349,0.0363497816234613,19.1828859413804,0.0084,0.7,10
0.0066471001972351,0.0083720733258062,0.4577527439444483,0.0411701812274846,19.08756487900828,0.0084,0.7,10
0.0065215844847939,0.0086153345713264,0.4081854750116163,0.0355017227795001,19.153481447050613,0.0084,0.7,10
0.0065819892624978,0.0084967914840765,0.4325243552412812,0.0381715221500696,19.1245590825988,0.0084,0.7,10
0.006579526470375,0.0082513152063728,0.4733649329477892,0.0532053297599153,19.113410072827357,0.0084,0.7,10
0.0072091390092128,0.0072317008810404,0.6311930235090033,0.0933954999075253,18.66825613954885,0.0084,0.7,10
0.0071623529661591,0.0070759493665702,0.6329473212516127,0.106785922296819,18.76523863776937,0.0084,0.7,10
0.0070936262606667,0.0073377725977828,0.6163621566761596,0.0889557294571477,18.776629650912145,0.0084,0.7,10
0.0069909021470763,0.0074037705066155,0.6041084915793992,0.0878221747029218,18.85561021413805,0.0084,0.7,10
0.006540243864345,0.0020076916939485,0.0219977765699336,-0.0293703064758794,20.55234826728395,0.0084,0.7,10
0.0066789070015208,0.0022355521895513,0.029310095549253,-0.0213719181825505,20.69745340688527,0.0084,0.7,10
0.0066236226892254,0.0021185473864889,0.0249979841059291,-0.02553263588203,20.63841949062613,0.0084,0.7,10
0.0064313628679275,0.001926242181209,0.0207681931010874,-0.0323075362739083,20.4769389811193,0.0084,0.7,10
0.0064521254365874,0.0020465123840781,0.0258536297677984,-0.0294636306120973,20.52519700512158,0.0084,0.7,10
0.0070529168601995,0.0029777216111918,0.0662357818432568,0.0191963672371246,21.094789177271167,0.0084,0.7,10
0.0070452912699213,0.0031175331973407,0.0811678462431378,0.0280807985184202,21.079781712412142,0.0084,0.7,10
0.0070070292599595,0.0028468039598223,0.0569953324370178,0.010650122356506,21.050798673667767,0.0084,0.7,10
0.0069879213480342,0.002649542489591,0.0424667382967807,-0.00013917174798462592,21.010351891460758,0.0084,0.7,10
0.0069649219032811,0.0027478034195934,0.0511065908382154,0.004551653926924,21.00803610000142,0.0084,0.7,10
0.0069156956370818,0.0025589097437343,0.0395478818384141,-0.0054728888586405,20.932873674388613,0.0084,0.7,10
0.0068845111589804,0.002469193891287,0.0351997209037482,-0.0098270454928667,20.898941334872504,0.0084,0.7,10
0.0068080454321682,0.0024005768899761,0.0340452461151769,-0.0137241177775313,20.82568755769017,0.0084,0.7,10
0.0067071892232332,0.0023458537406143,0.0345611056110305,-0.0172763840613806,20.76272929033455,0.0084,0.7,10
0.0066250175686612,0.0023097301103577,0.0352460350614235,-0.0197361695219047,20.6936413927792,0.0084,0.7,10
0.0060136100692339,0.0013700155538432,0.0073215737148196,-0.0415793160895585,20.14184005723693,0.0084,0.7,10
0.0062989177225933,0.001915294904093,0.0228261797414211,-0.0338504835231905,20.42646845385697,0.0084,0.7,10
0.0062447930904138,0.0017960146772217,0.0186377441641402,-0.0362915809931657,20.35372608221222,0.0084,0.7,10
0.006193018991353,0.0016566292433664,0.0141398020535583,-0.0384929301021588,20.293224420680016,0.0084,0.7,10
0.0060903187111702,0.0015335255744242,0.011205254563387,-0.0402169614368969,20.217966657452987,0.0084,0.7,10
0.0072616091592426,0.0037304150188389,0.1480586135619812,0.0786650963153609,21.041519467315695,0.0084,0.7,10
0.0072034655854637,0.0036120019151599,0.1341337329339427,0.0678258821052025,21.06451878346854,0.0084,0.7,10
0.0071477466759322,0.0034940287147097,0.1211523041560613,0.0573578367377128,21.075902287306487,0.0084,0.7,10
0.0070383351923497,0.0032492908667903,0.0969130529995761,0.0369684856282846,21.06449635937454,0.0084,0.7,10
0.0069565303754094,0.0031715567941717,0.0932602247701109,0.0298320193294216,21.022338420348376,0.0084,0.7,10
0.0070938442682141,0.0033750722777024,0.1089138386459809,0.0472045334561835,21.077766423709573,0.0084,0.7,10
0.0075011436276291,0.0040857535138189,0.1913822038964895,0.1132446974165376,20.906887742040656,0.0084,0.7,10
0.0073885700960038,0.0039908431636209,0.1827893377242922,0.1030662757565031,20.944022688501807,0.0084,0.7,10
0.0071838904396777,0.00384342142551,0.1732198920225528,0.0857888628773879,20.93637534522446,0.0084,0.7,10
0.0072461379548768,0.0039601984150346,0.188861078685013,0.0969060031658493,20.898964065630334,0.0084,0.7,10
0.0074757125697908,0.0042150766831999,0.2193413805805594,0.1234934555501136,20.77491706772852,0.0084,0.7,10
0.0074548362407184,0.0043411825706179,0.2471809597091624,0.1328559362222723,20.64877833516084,0.0084,0.7,10
0.0041084129904394,0.0014481705518063,0.0019623801701982,-0.0051785118525451,19.516897262664333,0.0084,0.7,10
0.0041961419979722,0.0014366016737154,0.0029948052052355,-0.008018803447195,19.552319339242704,0.0084,0.7,10
0.0057794798691551,0.0012089251637323,0.004863946831523,-0.0419298615585637,20.0198077589891,0.0084,0.7,10
0.0058468215354816,0.0013484058498232,0.0077249295401058,-0.0415760782272581,20.079122241765123,0.0084,0.7,10
0.0044636039696574,0.0012452536902864,0.0038118391362261,-0.0154280331769088,19.660447895317475,0.0084,0.7,10
0.0044341816728732,0.0013317522372515,0.0045236169582101,-0.0151209758009058,19.646407952446136,0.0084,0.7,10
0.004804551707653,0.0009793517653531511,0.0023935699394626,-0.0257150148031251,19.711109377841456,0.0084,0.7,10
0.0047097313415155,0.0010497557177567,0.0029519154345709,-0.0228594264501354,19.704617367062223,0.0084,0.7,10
0.0045842609925693,0.0011492762315201,0.0035474400075817,-0.0190222689505876,19.683882151412423,0.0084,0.7,10
0.004656991396018,0.0011257296154975,0.0035900636375258,-0.0213440528873023,19.69946297680698,0.0084,0.7,10
0.0045686959343147,0.0012317026157395,0.0043570593786175,-0.0189285169890329,19.680952536837868,0.0084,0.7,10
0.0056214662635557,0.001186974270449,0.0049114466136001,-0.0409771087500758,19.962718838760196,0.0084,0.7,10
0.0054676255336266,0.0011581922278312,0.0046864159941679,-0.0394772426211747,19.907705736969344,0.0084,0.7,10
0.0053196433860888,0.0011242063567069,0.0042658256449528,-0.0374651528828879,19.85689910466886,0.0084,0.7,10
0.0049214697323326,0.0010127017843576,0.0027677879864262,-0.0290393994428815,19.73758873908221,0.0084,0.7,10
0.005046118972169,0.0010499079305427,0.0032407423344009,-0.0321583266804049,19.770978765057183,0.0084,0.7,10
0.0051788512734039,0.0010875855338587,0.0037585334597353,-0.0349948708240037,19.810791540114646,0.0084,0.7,10
0.0042948350254347,0.001423927334768,0.0041103891058018,-0.0112855642624503,19.586905635269584,0.0084,0.7,10
0.0044063883517744,0.0014166568312682,0.00535925622553,-0.0150481038069532,19.62475373765201,0.0084,0.7,10
0.0074747211182545,0.0049340629385959,0.3769640633835532,0.1696335229863581,20.03184888150369,0.0084,0.7,10
0.0074468828929688,0.0050618007425473,0.4063798935866432,0.1733964572945112,19.9087101226515,0.0084,0.7,10
0.0072749586376692,0.0064606929657525,0.625857117084406,0.1472308674464394,18.88150691888816,0.0084,0.7,10
0.0074195587879558,0.0053894651662562,0.4763926250229671,0.1793970617862733,19.57364011844377,0.0084,0.7,10
0.0074177243459108,0.0052941402593856,0.456895369508126,0.1780883470568153,19.66824745180409,0.0084,0.7,10
0.0074250267853404,0.0051777788786565,0.4321880849100105,0.1759217104431964,19.795559083945303,0.0084,0.7,10
0.0072707489898385,0.0063168205810172,0.6138873485280044,0.1548041857824214,18.96743348916662,0.0084,0.7,10
0.0073747638480159,0.005821629433974,0.5548629527141057,0.1750608659087806,19.221320880256787,0.0084,0.7,10
0.007385927589009,0.0060963698152585,0.5948584577902761,0.1668574583589817,18.997742320066745,0.0084,0.7,10
0.0073817743217649,0.0059576401772246,0.5757768377592026,0.171706039929083,19.101253394673822,0.0084,0.7,10
0.0072667060827322,0.0061725775438795,0.5991105721763664,0.161189256517393,19.063853852321675,0.0084,0.7,10
0.0073646385034665,0.0054795002206992,0.4943764366165012,0.1777319446992267,19.515707126838382,0.0084,0.7,10
0.0072884941980382,0.0055930695204726,0.5152871489788736,0.174715899494039,19.47188533760034,0.0084,0.7,10
0.0073416798862085,0.0056981387575461,0.533906716787086,0.1759276429248547,19.34947618156976,0.0084,0.7,10
0.0072729975338923,0.0057855637806031,0.5472135651380761,0.1722956514265079,19.33006718711532,0.0084,0.7,10
0.0074357065742206,0.004467609831226,0.2755784820446751,0.1414854921654782,20.520938108143508,0.0084,0.7,10
0.0074155572702631,0.0045951199121601,0.304665374365257,0.1492607345185111,20.3927518297136,0.0084,0.7,10
0.0073944216706961,0.0047234390841713,0.334088791734281,0.1560513566388726,20.2649799570288,0.0084,0.7,10
0.0073721055644159,0.0048526184071665,0.3635618185352369,0.1617643001240617,20.140377782284617,0.0084,0.7,10
0.0071767562701916,0.0069447636922814,0.6358228751231877,0.1161432956553912,18.780716045131385,0.0084,0.7,10
0.0071703401984132,0.0068177155636802,0.6346692073673513,0.1250021826739394,18.81961887056076,0.0084,0.7,10
0.0071681608074184,0.0066814743738295,0.631135838425516,0.1338697751763658,18.87753998026848,0.0084,0.7,10
0.0071597786554251,0.0065380280663383,0.6242697510264882,0.1422312481370926,18.95253521506874,0.0084,0.7,10
0.0040785100604613,0.0015247163243959,0.0021931148537788,-0.0052298597002179,19.47089776872915,0.0084,0.7,10
0.0037380111392659,0.0098738745453593,0.0088336705443006,0.0132569676481795,17.278577616573973,0.0084,0.7,10
0.0038087231632915,0.0098805946646315,0.013866990790894,0.0193676734338381,17.396499371438527,0.0084,0.7,10
0.0038998085634228,0.0098802826853893,0.0209787467655818,0.0265407488837298,17.56435588586777,0.0084,0.7,10
0.0039995664033021,0.0098760120957633,0.0292207388254831,0.0331179637504987,17.733655312905697,0.0084,0.7,10
0.003660586019452,0.0098091529650972,0.0065611191927696,0.0099643760085044,17.168524959128117,0.0084,0.7,10
0.0036002598020561,0.0097651999654353,0.0040493839148943,0.0061848088765267,17.108389205061417,0.0084,0.7,10
0.0036973347133029,0.0098028759344185,0.0101104487153102,0.0147230723855887,17.266583975330033,0.0084,0.7,10
0.0036179943959614,0.0097393873840963,0.0074461968832061,0.0109213878087366,17.16282420271567,0.0084,0.7,10
0.0035567998716543,0.0096966420251908,0.004578615996291,0.0067342911633764,17.111732945231232,0.0084,0.7,10
0.0041107684437065,0.0098704387105516,0.0386634397390873,0.0388273280094481,17.908114093939457,0.0084,0.7,10
0.004225027427003,0.0098666711650116,0.0482921443017078,0.0430015320355634,18.073284663370284,0.0084,0.7,10
0.004337042041858,0.0098655037061771,0.0574178323228034,0.0455025978622892,18.216796275459757,0.0084,0.7,10
0.0055862500002889,0.0096202704851862,0.1814535394069261,0.0370856239840019,19.11940869000108,0.0084,0.7,10
0.0044584856450144,0.0098257389012591,0.0717646145160588,0.0500202697599408,18.356894464091457,0.0084,0.7,10
0.0045848565283052,0.0098010853377579,0.0849089862981239,0.0521742546139589,18.491147640656237,0.0084,0.7,10
0.0047146632582216,0.0097763295313071,0.0983326217741096,0.053170172136689,18.61241608199049,0.0084,0.7,10
0.0054470058915866,0.0096400957868573,0.1698387996935539,0.041980947758387,19.066938922585592,0.0084,0.7,10
0.0048466277520365,0.009750839566676,0.1119084611849848,0.0531349376858645,18.721117471072265,0.0084,0.7,10
0.0053103730038998,0.0096599981761042,0.1579904183281439,0.0461529946548537,19.007119581851523,0.0084,0.7,10
0.005178955706013,0.0096772658132941,0.1465060433690128,0.0496626509533733,18.95011631010093,0.0084,0.7,10
0.0049763286765267,0.0097226746162367,0.1254968698393798,0.052375131961117,18.816600934432632,0.0084,0.7,10
0.0050707138864802,0.0096731320236601,0.1394610412204495,0.0534160742657969,18.881369235920832,0.0084,0.7,10
0.0040101900153896,0.0015436235555638,0.0013620101293132,-0.0032404609980458,19.43111184068804,0.0084,0.7,10
0.0039833075100647,0.0015187511924766,0.0008213821477794427,-0.0020406791326159,19.436010960753737,0.0084,0.7,10
0.0039833728929532,0.0014452074588255,0.0004280789324892237,-0.0011567760870394,19.47239494947181,0.0084,0.7,10
0.0061201343285436,0.0092491431732102,0.2727147655696784,0.0285789589642067,19.23689112781327,0.0084,0.7,10
0.0061463212210965,0.0091220674796712,0.2965435961992666,0.033615739041986,19.2333931569456,0.0084,0.7,10
0.005998021190334,0.0093112391938606,0.2554467318608303,0.0327600635669394,19.22559788948392,0.0084,0.7,10
0.0058363765561645,0.0093454484374186,0.2406933476601455,0.0402850838725876,19.205761796122854,0.0084,0.7,10
0.0062234615125134,0.0090228070980332,0.3184231983234177,0.0338232638787034,19.23673931322413,0.0084,0.7,10
0.0062895841260792,0.0089442813954097,0.3361300988930569,0.0335600942108638,19.22185627056325,0.0084,0.7,10
0.006126107161022,0.0090042689966189,0.3164809086987181,0.0413036441725038,19.234701404944516,0.0084,0.7,10
0.0063063359922274,0.0088404039547066,0.3557884949527004,0.0380481824712138,19.218120072241103,0.0084,0.7,10
0.0056370331677469,0.0095011400958471,0.2032994937653589,0.0418137191382508,19.147197914145064,0.0084,0.7,10
0.0056886530828942,0.0093762621568818,0.2269174195890927,0.046617512624396,19.174218864791868,0.0084,0.7,10
0.0066436048760942,0.0081329688265423,0.4957965867721487,0.0563698926745993,19.07916765007232,0.0084,0.7,10
0.0067030993443207,0.0080108356815799,0.5175193886548185,0.0604486599978246,19.041876516548555,0.0084,0.7,10
0.0068269403117511,0.007763616101095,0.5579339282693424,0.0698616545042494,18.96281007083775,0.0084,0.7,10
0.0067637145555141,0.0078875736103165,0.5382770749721705,0.064969610591826,19.00371634341589,0.0084,0.7,10
0.0067524437296129,0.0076462829660114,0.5659494162295883,0.0815902349629715,19.02435681548319,0.0084,0.7,10
0.0068145910894242,0.0075230004204758,0.5820906352296299,0.0868452871716286,18.9940548057959,0.0084,0.7,10
0.0068766915483932,0.0073979354982443,0.5965296705193605,0.0926812903877052,18.9785090521018,0.0084,0.7,10
0.0063431091541848,0.0087172357682043,0.3799143323456549,0.0423001877064403,19.210782612038056,0.0084,0.7,10
0.0063891745354788,0.0086019709277436,0.4029427626089741,0.0455870713757085,19.193138079209387,0.0084,0.7,10
0.006514513771009,0.0081385132877806,0.4869961256726092,0.0643183011355403,19.147317602130787,0.0084,0.7,10
0.0065065578390321,0.0083679918876691,0.4499121601840005,0.0510803467796684,19.15042648973564,0.0084,0.7,10
0.0064437627825484,0.0084938842846456,0.424904497854897,0.0479980908773872,19.172589031737715,0.0084,0.7,10
0.00644694307449,0.008249362228341,0.4657038677700243,0.0620997673104406,19.170392067628097,0.0084,0.7,10
0.0070700074553911,0.0071863874061352,0.6224226724430116,0.1010455691672142,18.81599876893966,0.0084,0.7,10
0.0070460156417452,0.0070710637490565,0.6246295623947598,0.1097689053295737,18.858205986910544,0.0084,0.7,10
0.0070840935513677,0.0069913030904278,0.6288138436171068,0.1144381111716729,18.871190601623194,0.0084,0.7,10
0.0069527026758602,0.0072730224363386,0.6098733551428904,0.0985265993042254,18.919796973238302,0.0084,0.7,10
0.00651480102771,0.0021263730290195,0.028288540888503,-0.0267376531515222,20.595018946819,0.0084,0.7,10
0.0065737543871854,0.0022292651447239,0.0321922246017745,-0.0230253447584851,20.644055868663468,0.0084,0.7,10
0.0063600482269368,0.0020359244779086,0.0273728561629579,-0.0307934510630283,20.47668419877036,0.0084,0.7,10
0.0064236645633699,0.0021206188042751,0.0303579946612066,-0.0280142937728102,20.540395326404,0.0084,0.7,10
0.0069154981013344,0.0029469108826576,0.0716069840831249,0.0148502069377851,21.0060646775917,0.0084,0.7,10
0.0069393076889317,0.0030655010106136,0.0824254575271661,0.0225985989437303,21.01380950288387,0.0084,0.7,10
0.0068812312848725,0.0028260055966698,0.0621807794683383,0.0073044708186705,20.967600702808667,0.0084,0.7,10
0.0068577256229349,0.0026827889419661,0.0513448342658177,-0.0005388499664904389,20.91942602358909,0.0084,0.7,10
0.0067855189186615,0.0025406280106103,0.0440592770257443,-0.0083360435140067,20.84745958469304,0.0084,0.7,10
0.0067088584647664,0.0024488006369773,0.0410065485434635,-0.0133995595626434,20.79140599355357,0.0084,0.7,10
0.0066177437048566,0.0024094138730234,0.0417961608788707,-0.0163540343354265,20.70723635510456,0.0084,0.7,10
0.006547493146007,0.002328565675927,0.0389713852741636,-0.0203212358857512,20.6619151313882,0.0084,0.7,10
0.0059182144487475,0.0014858985073269,0.0111183807662845,-0.0408659511062058,20.1419894640078,0.0084,0.7,10
0.0060754340208599,0.0016720541118613,0.0160209970065528,-0.0388843296060402,20.251063738805342,0.0084,0.7,10
0.0062437694142946,0.0020433060572886,0.0302323664984096,-0.0319612128635358,20.432463325221963,0.0084,0.7,10
0.0061829331288354,0.0019098359485421,0.0245845102106832,-0.0350063875590785,20.36422538908937,0.0084,0.7,10
0.0061265074881638,0.001781783357023,0.0197181087382455,-0.0373231612704378,20.30039581936212,0.0084,0.7,10
0.0059656933332006,0.0016272620873211,0.0154437134961159,-0.0396857682171761,20.194921887754592,0.0084,0.7,10
0.0068541725156786,0.0031556686450252,0.0980374046309116,0.0263158801064717,20.942579065972144,0.0084,0.7,10
0.0071250703551354,0.0037263343057662,0.1583109821812248,0.0748611538260686,20.965459785428973,0.0084,0.7,10
0.0070677018240266,0.0036084096510836,0.1441675154604167,0.0641140299762383,20.98349075313317,0.0084,0.7,10
0.0070120411194585,0.0034890186196811,0.1306604697465302,0.0535958632711413,20.991500264131755,0.0084,0.7,10
0.0069055448996829,0.0032697903718555,0.1086343559994955,0.0351835728781627,20.974764402935893,0.0084,0.7,10
0.0069623491017476,0.0033666317931358,0.1172848576082912,0.0433950450488878,20.991179552082087,0.0084,0.7,10
0.0073615905975145,0.0041411000689867,0.2137010874779037,0.1146872314406964,20.80265235880709,0.0084,0.7,10
0.0072729363817993,0.0040672899853235,0.2065678494152222,0.1062120373698796,20.82652167421068,0.0084,0.7,10
0.0070459223585175,0.0038376660298669,0.1829445614922506,0.0809030858429942,20.87244203576293,0.0084,0.7,10
0.0071042802407563,0.0039510090071364,0.1982893323379171,0.091609354938888,20.83742506134336,0.0084,0.7,10
0.0071548618287028,0.0040610705266373,0.2145202165009224,0.1018149028550905,20.77711050488436,0.0084,0.7,10
0.0073384225900888,0.0042659565716005,0.2404244877468422,0.1236608937884938,20.69243463215631,0.0084,0.7,10
0.0073215208181081,0.0043930617235971,0.2677760228143699,0.13233130128822,20.575120218443583,0.0084,0.7,10
0.004168387497696,0.0015163629615309,0.0034494538908191,-0.0081752851211486,19.5140441906304,0.0084,0.7,10
0.0042685322202554,0.0015052827368488,0.0048066270071921,-0.0114810711022972,19.55730091796101,0.0084,0.7,10
0.0056801206437281,0.0013321376944558,0.0080229962217468,-0.0409580045153001,20.02090056749364,0.0084,0.7,10
0.0057492901716459,0.0014676007669112,0.0115458800878918,-0.0407016804029226,20.075307089731897,0.0084,0.7,10
0.0045510710244345,0.0013197411683133,0.0053711222347673,-0.0189571450907239,19.674706971541585,0.0084,0.7,10
0.0045163793042505,0.0014043814043795,0.0063742256940157,-0.0185963268415352,19.66324408559061,0.0084,0.7,10
0.004829064074556,0.0010910101045598,0.0036012088859566,-0.0265516401510405,19.730757092211523,0.0084,0.7,10
0.0047405082303312,0.0011538045414218,0.0041708834047413,-0.0240623071642954,19.718187081408107,0.0084,0.7,10
0.0046575867964395,0.001204862203836,0.0045069279427508,-0.0216823289787382,19.702418421977374,0.0084,0.7,10
0.0046466628870555,0.001300239672512,0.0057813525653386,-0.0218745843068794,19.704322963159026,0.0084,0.7,10
0.005521907997985,0.0013051702285737,0.0077791998117202,-0.0397870751857782,19.959277229119547,0.0084,0.7,10
0.005366570799834,0.0012663981266598,0.0070823687321703,-0.0380362699084359,19.901994651222516,0.0084,0.7,10
0.0052194903636407,0.0012244536643867,0.0062119676476066,-0.0357393088701391,19.84833930512997,0.0084,0.7,10
0.004950799606848,0.0011360516818281,0.0044066780344765,-0.0299035028312741,19.762511726201154,0.0084,0.7,10
0.0050804956841066,0.0011807012364251,0.0052935044080539,-0.0329875972023729,19.80202965197323,0.0084,0.7,10
0.0043804411804915,0.0014998426830181,0.0063387112678336,-0.0152335910632563,19.60202835783224,0.0084,0.7,10
0.0044847208957206,0.0014913946828361,0.0075873542670545,-0.0185636268238257,19.63749156473401,0.0084,0.7,10
0.0073476710706089,0.0049832292084677,0.3929263797713329,0.1663213560517803,20.01919381921115,0.0084,0.7,10
0.0073244900143597,0.0051140388156317,0.4214986790796242,0.1697988572089254,19.900643963467484,0.0084,0.7,10
0.0071532231477856,0.0063942657200221,0.6146335724615289,0.1495639820290817,19.0337117890754,0.0084,0.7,10
0.0073207733769813,0.0053661802251858,0.4728594511352578,0.174989123002512,19.67363282472761,0.0084,0.7,10
0.0073079594062499,0.0052450389297838,0.4489218884336353,0.1724217578091902,19.774881266189183,0.0084,0.7,10
0.007148247077109,0.0062501763055929,0.6022830792551294,0.1557901383041023,19.12056106014397,0.0084,0.7,10
0.0072710984916326,0.0058951932596397,0.5637334874563376,0.1701167703964848,19.256787917595062,0.0084,0.7,10
0.0072628298391427,0.006029834805381,0.5818881819377962,0.1662465568595462,19.16545239508279,0.0084,0.7,10
0.0071420267125472,0.0061042875613418,0.5870642106845524,0.1608387340158933,19.213597021136035,0.0084,0.7,10
0.0072539191347708,0.0054722416982771,0.4935217699078899,0.1730902006103984,19.614500256385654,0.0084,0.7,10
0.0071940628750481,0.0055703028485803,0.5112227277118553,0.170949811956969,19.57673433787179,0.0084,0.7,10
0.0072075229303913,0.0056893699249084,0.5311845280613081,0.1711249917666939,19.450312246314574,0.0084,0.7,10
0.0071699225093936,0.00582348753063,0.5514430494963398,0.1682715425861906,19.374009049383925,0.0084,0.7,10
0.0073046701783134,0.0045179252970954,0.2951283081599811,0.1401115080084692,20.46210460856876,0.0084,0.7,10
0.007285199726881,0.004644454111118,0.3231960297408588,0.1470669132519207,20.347700926853687,0.0084,0.7,10
0.0072643016114534,0.00477287182396,0.3516719914363453,0.153143598091413,20.233360637328307,0.0084,0.7,10
0.0072426820940048,0.0049032382779128,0.3802438542896607,0.158287775902514,20.120827293383687,0.0084,0.7,10
0.0070633202937455,0.006884559946667,0.628116083598793,0.1218796892967919,18.89797573465708,0.0084,0.7,10
0.0070531884684166,0.0067523776304296,0.6261432930342222,0.1301150888852411,18.96873080196075,0.0084,0.7,10
0.0070447367205643,0.0066130754660253,0.6215797191448528,0.1379051097939045,19.03160862861032,0.0084,0.7,10
0.007036780374077,0.0064713006478917,0.6142930345266722,0.1448585789516121,19.10260638647913,0.0084,0.7,10
0.0040451391145182,0.0016005213166242,0.002428024497441,-0.005290706962155,19.420921868719613,0.0084,0.7,10
0.0041362348304821,0.0015933783981405,0.0039039879194741,-0.0083145164098763,19.47170944739676,0.0084,0.7,10
0.0035733970089878,0.0096693562863022,0.0084049325133845,0.0118976346923531,17.168423472648218,0.0084,0.7,10
0.0035120321475284,0.0096289306688938,0.0051366625554396,0.0072763282102713,17.124047349727206,0.0084,0.7,10
0.0037674408868838,0.009808035524526,0.0157225652457385,0.0214971957786114,17.38361379022679,0.0084,0.7,10
0.0038584942941216,0.0098061054997425,0.0236270372518429,0.0295518339672533,17.551664221080824,0.0084,0.7,10
0.0039579936247448,0.0098000002351089,0.0326844336168369,0.0369898161174588,17.720041188215802,0.0084,0.7,10
0.0040687614335315,0.009792595492107,0.042928226151404,0.0435255880227318,17.90010298546642,0.0084,0.7,10
0.0036531268610143,0.0097319267487869,0.0113267703885079,0.0160098593191156,17.263480292647632,0.0084,0.7,10
0.0037247380853779,0.0097361941192755,0.0177041110701098,0.0236378163487949,17.378198543207066,0.0084,0.7,10
0.0036089552651098,0.0096622317168884,0.0127123247391579,0.0174113160271914,17.269501071975824,0.0084,0.7,10
0.0041830777999506,0.0097862632996958,0.0534078946112078,0.0484129777118845,18.052565390669372,0.0084,0.7,10
0.0042701336554403,0.0097939207717887,0.0599645036002556,0.0500782537396035,18.16627829197916,0.0084,0.7,10
0.0043572538734904,0.009753929230282,0.0720237036716992,0.0549649722560585,18.278499206081715,0.0084,0.7,10
0.0054956267758705,0.0095238217294289,0.190976540401048,0.0471845398322148,19.102056576391565,0.0084,0.7,10
0.0044780197340399,0.0097264366808579,0.0856928334692796,0.0582818392804107,18.419806302460938,0.0084,0.7,10
0.0046053454285285,0.0096995144586337,0.0998273304626585,0.0602974707517834,18.550458474123605,0.0084,0.7,10
0.0047353992487415,0.0096726000874817,0.1140737690512467,0.061093852523696,18.66728862524722,0.0084,0.7,10
0.0053582180007348,0.0095464580858212,0.1785269554883941,0.0517703848169146,19.049342345178445,0.0084,0.7,10
0.004864944403766,0.0096437353577246,0.1283769265748504,0.0609729860668698,18.771894103342717,0.0084,0.7,10
0.0052254929178007,0.0095680251004445,0.1661827275556497,0.055588102072929,18.99270665040171,0.0084,0.7,10
0.0051041063836517,0.0095872963624894,0.1546507037709492,0.0585511339189862,18.926792492229165,0.0084,0.7,10
0.004991688782282,0.009611178031258,0.1427929126338538,0.060265275454646,18.85701551360285,0.0084,0.7,10
0.0039833546326401,0.0016199629624736,0.0016045989317472,-0.003516667778462,19.374193679557763,0.0084,0.7,10
0.0039546349257455,0.0015933977108181,0.0009344205846166052,-0.0021566586136036,19.37674128409253,0.0084,0.7,10
0.0039550385388441,0.0015210441878202,0.0004740622101188031,-0.0011938656978982,19.413998375564063,0.0084,0.7,10
0.0060084281288643,0.0091758544449309,0.279579865807852,0.0394905208487339,19.227757445497364,0.0084,0.7,10
0.0060217879236291,0.0090539669138372,0.3018759064577385,0.0453537988445447,19.237979275554498,0.0084,0.7,10
0.0058709523283064,0.0092156361952283,0.2649570587734438,0.0456240702517268,19.21898304645831,0.0084,0.7,10
0.0057271039072164,0.0092488718932277,0.2508577941454809,0.0520667150338515,19.19598806695655,0.0084,0.7,10
0.0061865881957491,0.0088993364307061,0.338627330700445,0.0430080683489325,19.23229768635392,0.0084,0.7,10
0.0060523769540701,0.0089231670593456,0.3269312631275365,0.050644564418736,19.244554593193644,0.0084,0.7,10
0.0062141679750967,0.0087628288246857,0.3646035584370306,0.0486722220915641,19.2323330550592,0.0084,0.7,10
0.0055428252308074,0.0094040522052307,0.213390205858214,0.0524492078002776,19.1356838093306,0.0084,0.7,10
0.0055844033066384,0.0092799588346964,0.236878112095214,0.058027980862502,19.16697540578617,0.0084,0.7,10
0.0065698671633631,0.0080195191281997,0.50787633607682,0.0680859351000213,19.12207524407935,0.0084,0.7,10
0.0067998813699456,0.0072936933844759,0.598666109408072,0.1021362661744733,19.031725177325587,0.0084,0.7,10
0.0066214188871165,0.0078933094988637,0.5283182358376955,0.0728281380628248,19.092763666876923,0.0084,0.7,10
0.0066844485533454,0.0077689050024089,0.5478387572911764,0.0771582575388508,19.06907789854066,0.0084,0.7,10
0.0066175090079035,0.0076509305102736,0.5570031030774274,0.0878941276920331,19.111312400682905,0.0084,0.7,10
0.0066805594222219,0.0075302994551062,0.572883512901207,0.0922639784856751,19.089532474483363,0.0084,0.7,10
0.006742146278532,0.0074104086108939,0.5868916900680667,0.0970342180653728,19.06203734340636,0.0084,0.7,10
0.0064502806159494,0.0080292093598039,0.499353814620336,0.074792018528686,19.18456717790345,0.0084,0.7,10
0.0062556524410706,0.0086290992776767,0.3906349120681804,0.0532906822453365,19.229189013857965,0.0084,0.7,10
0.00630187400442,0.0085002672991454,0.4156670569221054,0.0573947627574067,19.22141261958312,0.0084,0.7,10
0.0063967688808353,0.0081359502568618,0.4804618477405631,0.0719402971885385,19.21335576451253,0.0084,0.7,10
0.0063519923897162,0.0083552482705973,0.4430073008925109,0.0622679824329051,19.209129987118043,0.0084,0.7,10
0.0063425533293749,0.0082196187875779,0.4643840155119486,0.0706194168673773,19.22108512541088,0.0084,0.7,10
0.0069490285307883,0.0071202580119576,0.6167460448457631,0.1088874438145292,18.952232683174923,0.0084,0.7,10
0.0069645957050199,0.0069814208701897,0.6212427506503199,0.1173482593873407,18.979334312128767,0.0084,0.7,10
0.0068286280729557,0.0071675036404713,0.6071779380846828,0.1090665452100773,19.03833474741304,0.0084,0.7,10
0.0067270389903311,0.0072108526511948,0.5990764144559705,0.1093606237671653,19.128295570763893,0.0084,0.7,10
0.0064581732480222,0.0022367587099189,0.0360359379705088,-0.0244738920623371,20.5914289261996,0.0084,0.7,10
0.0063256304177536,0.0021715079357041,0.0356483515236047,-0.0280776618863351,20.506160488510574,0.0084,0.7,10
0.0064587696579109,0.002356855452037,0.0437357760992105,-0.0207883937514614,20.621913580877862,0.0084,0.7,10
0.0067936714215646,0.0029283261984935,0.076786258311908,0.0111889250749234,20.921069961326516,0.0084,0.7,10
0.0068197887185232,0.003043264381143,0.087369952970966,0.0185010260370338,20.926930995470943,0.0084,0.7,10
0.0067575699954567,0.0027994124400548,0.0663362122433194,0.0034329075806343,20.87014369226826,0.0084,0.7,10
0.0067018993614298,0.0026754620638252,0.05824154615546,-0.0037575520168997,20.82776261861376,0.0084,0.7,10
0.006625784832058,0.0025475069160859,0.0513629867136829,-0.0108467241120499,20.75908602103394,0.0084,0.7,10
0.0065235130705669,0.0024517430843432,0.0481874022279591,-0.0164608058995313,20.67887117173193,0.0084,0.7,10
0.0058213025666747,0.00160793724321,0.0158844072977445,-0.0399954227803921,20.13818320794691,0.0084,0.7,10
0.0056776912243433,0.0015954137311403,0.0162648564091715,-0.0398452755942837,20.08682912307683,0.0084,0.7,10
0.0061888031366665,0.0021550097855674,0.0378761682828292,-0.0302227999517929,20.44542296798852,0.0084,0.7,10
0.0060016314996094,0.0017610703115044,0.020370319046353,-0.0382346204827101,20.25271403532525,0.0084,0.7,10
0.0061243719650795,0.0020271237658427,0.0316419564080643,-0.0335184405361221,20.37384800736815,0.0084,0.7,10
0.006060911029576,0.0018971199405824,0.0258639122682745,-0.0361560309916093,20.31091555564557,0.0084,0.7,10
0.0058765110423174,0.0017467296985763,0.0210226864293048,-0.0388240936466742,20.195995207151014,0.0084,0.7,10
0.0067271777118424,0.0031403327628894,0.104104618461499,0.021890127747327,20.87774200658939,0.0084,0.7,10
0.0067720820191123,0.003257738296834,0.1158797519469323,0.0305396726903491,20.893757597393485,0.0084,0.7,10
0.0069867028554458,0.0037220305821188,0.1681801244091598,0.070128412665993,20.895825735437736,0.0084,0.7,10
0.0069289731153515,0.0036028869685761,0.1536518251167857,0.0593646778534609,20.909828875736466,0.0084,0.7,10
0.0068747878438414,0.0034846378623723,0.1399097415320289,0.0490954013341662,20.913037326445103,0.0084,0.7,10
0.0068243671587365,0.0033722977163417,0.1276004442026919,0.0397293374759876,20.910537146315797,0.0084,0.7,10
0.007213521008541,0.0041832380136828,0.2333516462013194,0.1131737858051466,20.720979215978385,0.0084,0.7,10
0.0069074976987312,0.0038333262587951,0.1924650053918943,0.0753333072512925,20.816297494703424,0.0084,0.7,10
0.0070238855974555,0.0040579960068328,0.2236959177023123,0.0964793326884698,20.751462014491818,0.0084,0.7,10
0.0069681233729851,0.0039498599005763,0.2082436892460962,0.0862833407465751,20.787620749198307,0.0084,0.7,10
0.0070734223649236,0.0041556210151206,0.2383304603109956,0.1056124773456008,20.70568178906953,0.0084,0.7,10
0.0069764362114508,0.0041385967726064,0.2420326226072391,0.1001692815503355,20.693406092914294,0.0084,0.7,10
0.0072026042617234,0.0043229267504314,0.2617824520859173,0.1228621700349764,20.615283718018045,0.0084,0.7,10
0.0071909410783439,0.0044449437226753,0.2873430347597783,0.1306637866176077,20.516123720902986,0.0084,0.7,10
0.0042399620532804,0.0015861232148803,0.0055995260991162,-0.0117899321452626,19.52296852130945,0.0084,0.7,10
0.0043498327255754,0.0015789522249547,0.0073398561198608,-0.0154190388927849,19.577451522225527,0.0084,0.7,10
0.0055834044605119,0.0014702419853795,0.0122817772523162,-0.0398930043050872,20.01774088122057,0.0084,0.7,10
0.0055634541287423,0.0016208718747494,0.0177055528361616,-0.0392901952654622,20.042883375880905,0.0084,0.7,10
0.0045636745241531,0.0014771433604153,0.0082669293153196,-0.0208879617762178,19.67184933598024,0.0084,0.7,10
0.0046216807069986,0.001411638374109,0.0075086450101325,-0.0219769210373114,19.693835186311457,0.0084,0.7,10
0.0048530733497711,0.0012144089349403,0.00540171650068,-0.0275215995290744,19.75274399137606,0.0084,0.7,10
0.0047520573248139,0.0012638919252409,0.0058085578230899,-0.0248486844985619,19.725248645768215,0.0084,0.7,10
0.0047287657961911,0.0013691967606059,0.0075710206237528,-0.0248111586277702,19.72415331783549,0.0084,0.7,10
0.0054122608792023,0.0014170772139372,0.0109965932936523,-0.0384892678490428,19.948885583088387,0.0084,0.7,10
0.005259213274662,0.0013695660346253,0.0096481142484522,-0.0364695035293636,19.88679676752042,0.0084,0.7,10
0.0051136013044876,0.00131875970842,0.0081713832075424,-0.0338672722648007,19.833505394557346,0.0084,0.7,10
0.0049753238034634,0.0012679254749456,0.0067509613877564,-0.0307740203546258,19.78647170953665,0.0084,0.7,10
0.0044617926958958,0.0015733124101587,0.0090097039074709,-0.0189848872244749,19.624362880963243,0.0084,0.7,10
0.0045529662737228,0.0015614184928383,0.0100539454751833,-0.0216187741770119,19.668096841904543,0.0084,0.7,10
0.0072192409635832,0.0050378848519284,0.4091398589205344,0.1624614615533921,20.00764051403692,0.0084,0.7,10
0.0071989020220053,0.0051785057835301,0.4381910903993408,0.1658206799415196,19.89325965730703,0.0084,0.7,10
0.0070295239053701,0.0063288389840566,0.6043402705248986,0.1507880524467477,19.18199691220996,0.0084,0.7,10
0.0071869179650582,0.0053392904170661,0.4695949099508599,0.168698469451856,19.764174662181947,0.0084,0.7,10
0.0070220851885361,0.0061874799399062,0.5919152171084908,0.1555602150930551,19.266746106780364,0.0084,0.7,10
0.0071314457300643,0.0059521809087931,0.5684244804226813,0.1646060353616808,19.32004598037481,0.0084,0.7,10
0.007013100085924,0.0060469289502474,0.5771506957219644,0.1591130677333366,19.365530999405607,0.0084,0.7,10
0.0071274263537089,0.0054895162649196,0.4975636662489492,0.167788374056218,19.680079712739232,0.0084,0.7,10
0.0071010376828956,0.0056113318668713,0.5181327967727376,0.1671914245286243,19.58752523872087,0.0084,0.7,10
0.0070852561648469,0.0057372131353145,0.5376802723285744,0.1661120318076818,19.50761218503621,0.0084,0.7,10
0.0070700457192482,0.0058451400339727,0.5530047885901281,0.1644656539672134,19.44076450654812,0.0084,0.7,10
0.0071745957067485,0.004567082605349,0.3135028897482852,0.1376142283133225,20.416293240556247,0.0084,0.7,10
0.0071548541438999,0.004693158290197,0.3407055997029335,0.1438866682402701,20.314031059879383,0.0084,0.7,10
0.0071338401862353,0.0048225043695828,0.3684224733109139,0.1494182214428213,20.210763620190377,0.0084,0.7,10
0.0071122162442247,0.0049550510126019,0.39632262571082,0.1541393987537268,20.10693843336116,0.0084,0.7,10
0.0069422465935405,0.0068291969438743,0.6207413496966135,0.1266357141807489,19.04567738066652,0.0084,0.7,10
0.0069303433845968,0.006688259871175,0.618068939728834,0.134186547778145,19.107248915853315,0.0084,0.7,10
0.0069210992167503,0.0065476372747168,0.6129595447683546,0.1407662153143506,19.17274725908662,0.0084,0.7,10
0.0069128145598903,0.0064062287871884,0.605286988490212,0.1463870004412694,19.24494124375368,0.0084,0.7,10
0.0040186338013263,0.0016796613830497,0.0029164261680586,-0.0058020764460839,19.36743881245385,0.0084,0.7,10
0.0041048735079661,0.0016718269120423,0.0045000134789835,-0.0086859428832093,19.4257831052428,0.0084,0.7,10
0.0042090058508337,0.0016653461237079,0.0064865638092005,-0.0122074793924709,19.48614791650077,0.0084,0.7,10
0.0035278111546204,0.0096010287231837,0.0093879055878365,0.0128280638273313,17.182361133760995,0.0084,0.7,10
0.0034659731852133,0.009562090954864,0.005726786814973,0.0078104460868985,17.146283051419854,0.0084,0.7,10
0.0035641381510625,0.0095935498716664,0.0142447334495934,0.0188814334978984,17.286191214741,0.0084,0.7,10
0.0038156724105572,0.0097326097723853,0.0264490773866889,0.0325792877604058,17.54692544900706,0.0084,0.7,10
0.0039149196127386,0.0097245720874919,0.0363812305747153,0.0409077076518252,17.71675621220692,0.0084,0.7,10
0.0040252239844191,0.0097151313287198,0.0474936483969359,0.0482722552382939,17.891329866109377,0.0084,0.7,10
0.0041374536727302,0.0097082626031187,0.058460639033511,0.0537481130772801,18.05820675929431,0.0084,0.7,10
0.0036805871249487,0.009665074026001,0.0198129669943196,0.025772427033414,17.38244710238192,0.0084,0.7,10
0.0037716277018648,0.0096595236843518,0.0295044486466198,0.0356664619647512,17.551464234421093,0.0084,0.7,10
0.0036350095368316,0.0095947088155085,0.0220493515062536,0.027899903837099,17.39583692288926,0.0084,0.7,10
0.0042514258492329,0.0097018235627026,0.0693659106193738,0.0576288353308304,18.20437925250563,0.0084,0.7,10
0.0043702679833031,0.0096567195352527,0.0857511167173546,0.063515503762651,18.35183267313263,0.0084,0.7,10
0.0054021045069693,0.0094300690486911,0.2000871947802205,0.0575169019342273,19.089563663183,0.0084,0.7,10
0.0044972140043795,0.009627075286539,0.1008514065659435,0.0667265845877094,18.492048908204293,0.0084,0.7,10
0.0046257074876202,0.0095974467064935,0.1159828628669674,0.0685632995361974,18.616529134154003,0.0084,0.7,10
0.0047551815959059,0.009567478624718,0.1310541450060205,0.0691904725181029,18.72697945809611,0.0084,0.7,10
0.0052657784481822,0.0094557437356254,0.186745300620097,0.0617494827703075,19.03625973030316,0.0084,0.7,10
0.0048843366303014,0.009537527918492,0.145855456173239,0.0687387258791346,18.823855696568668,0.0084,0.7,10
0.0051346693278237,0.00948109717119,0.1734489421885804,0.0651192538244114,18.973238335092432,0.0084,0.7,10
0.0050091971492833,0.0095076183060986,0.1600483508982674,0.0674787683667603,18.90177029678589,0.0084,0.7,10
0.0039528701758258,0.0016961594641734,0.0018716728462565,-0.0038023700785906,19.31414940165388,0.0084,0.7,10
0.0039246295105153,0.0016694590999378,0.0010947679097199,-0.0023526072142319,19.31397816881218,0.0084,0.7,10
0.003925256831135,0.0015963244064522,0.0005333927196482515,-0.0012558321689314,19.349806440040297,0.0084,0.7,10
0.0058953705628563,0.0090902414496414,0.2883464660233375,0.0512792920326132,19.23296093383495,0.0084,0.7,10
0.0059240387943497,0.0089577034744572,0.3135470910600144,0.057012540110837,19.247944358878044,0.0084,0.7,10
0.0057604136311756,0.0091221617486,0.2749069118837046,0.0576116372639947,19.220206630306745,0.0084,0.7,10
0.0056217785331852,0.0091537178718693,0.2610609087188517,0.0637419045174698,19.198665566794883,0.0084,0.7,10
0.0060904663925403,0.0087985746887161,0.3513466997749645,0.0550533896552663,19.24934957989881,0.0084,0.7,10
0.0059572747906765,0.0088273325215156,0.3387492317061883,0.0622399907447874,19.26133864130601,0.0084,0.7,10
0.00612246246286,0.0086636058362937,0.3771178465610167,0.0604225230330688,19.25550011967092,0.0084,0.7,10
0.0054432956652275,0.0093099361784375,0.2228324871289628,0.0633884605011233,19.12868862655541,0.0084,0.7,10
0.0054822658167925,0.0091863064147465,0.2466634743745447,0.0693307128166276,19.168442905109316,0.0084,0.7,10
0.0064867105804307,0.0079129793124299,0.5176144916827727,0.0794012986723518,19.176138898682343,0.0084,0.7,10
0.0066719782868258,0.0073026957178522,0.590520344587926,0.1059288078101563,19.14141149440979,0.0084,0.7,10
0.0065227363282545,0.0077681703598756,0.5381080350325339,0.0858268318481684,19.167243618539214,0.0084,0.7,10
0.0064988535918639,0.007633261552491,0.5520628622804787,0.0946453404122526,19.20394166831472,0.0084,0.7,10
0.0065481999350646,0.0075348766377494,0.5647525027406061,0.0978076623150444,19.19125892934881,0.0084,0.7,10
0.006608362584172,0.0074166795532353,0.5785676697824796,0.1018701332520757,19.168351122550035,0.0084,0.7,10
0.006352956771381,0.0080413362795526,0.4920439080561164,0.0799986798245635,19.23740126725798,0.0084,0.7,10
0.0063688418461179,0.0079462957597385,0.5063907521854399,0.0843191707532481,19.239359147015566,0.0084,0.7,10
0.0061640126251676,0.0085284745405979,0.4030687679089793,0.0651400425914609,19.257199755826036,0.0084,0.7,10
0.0062066492526244,0.0083929264932295,0.4285347617265277,0.0698185658514975,19.2572692213308,0.0084,0.7,10
0.0062742359237957,0.0081260983047954,0.4751178589885412,0.0801619706959887,19.2593692871161,0.0084,0.7,10
0.0062390801886403,0.0082614190895977,0.451950667237871,0.0749775916237369,19.263258829700877,0.0084,0.7,10
0.0068321159529528,0.0070425121334661,0.6119597711937134,0.1163248327073438,19.05517062442487,0.0084,0.7,10
0.0068266596357656,0.0069049821441249,0.6142326507619053,0.1240070844552081,19.10941419179992,0.0084,0.7,10
0.0067173648632642,0.0071053361462265,0.6034619271393656,0.1154238477932663,19.15368595407008,0.0084,0.7,10
0.0066170687048861,0.0071855466924075,0.594561970857293,0.1138749589062681,19.23170100604237,0.0084,0.7,10
0.0063631392073767,0.002324010494031,0.0444305221451203,-0.0233423728891387,20.56033832966907,0.0084,0.7,10
0.0062419064819104,0.0022849589774437,0.0451429658240591,-0.0263474256188705,20.49511953687058,0.0084,0.7,10
0.0064016996622727,0.0024424008188262,0.0517867355518665,-0.0189401765394164,20.610387215747988,0.0084,0.7,10
0.0066869250298538,0.0028867719744315,0.0784473464202331,0.006400570673957,20.84731689589712,0.0084,0.7,10
0.0066787253437831,0.0030118673734214,0.0921068654797654,0.0130280368416651,20.85454179501723,0.0084,0.7,10
0.0066267971159381,0.0027927931622178,0.0722668920204084,0.00021718028177051377,20.79280475630612,0.0084,0.7,10
0.0065584707629552,0.0026889219420626,0.0658890133431901,-0.0061813338984323,20.752224807191368,0.0084,0.7,10
0.0064713599544366,0.0025787343345496,0.0600995812601041,-0.0126100560171077,20.67950456960884,0.0084,0.7,10
0.0064525649450102,0.0026970045408202,0.0712266332695045,-0.0081981714933495,20.6919342630181,0.0084,0.7,10
0.0057418187393872,0.0017267489360342,0.021223390712117,-0.0391704988577071,20.14126429018729,0.0084,0.7,10
0.0056210674776605,0.0017183068061889,0.0215403874501319,-0.0391255274817948,20.08653173064606,0.0084,0.7,10
0.00607068342098,0.0021395037372892,0.0393453481939272,-0.0319985594446588,20.384485911936338,0.0084,0.7,10
0.0061270416578557,0.002263861994507,0.0465079760405648,-0.0285976835822831,20.43990170866977,0.0084,0.7,10
0.0059323874459773,0.0018860755735395,0.0270026856983553,-0.0371292351100954,20.25857192907883,0.0084,0.7,10
0.0059991315572864,0.002017967144425,0.033234938985379,-0.0348349055739487,20.314959190209134,0.0084,0.7,10
0.0059533340764447,0.0021305271239251,0.040876370899937,-0.0334988219091084,20.330982692756542,0.0084,0.7,10
0.005796232714104,0.0018712842906405,0.027694274090991,-0.0379122286880617,20.197759770025183,0.0084,0.7,10
0.0065984184660901,0.0031266978139944,0.110011416450348,0.0171718459465864,20.80210039736339,0.0084,0.7,10
0.006638347504303,0.0032451298848357,0.1225787875976763,0.0254414312207201,20.823372675618696,0.0084,0.7,10
0.0066828819430871,0.00336321054979,0.1356360762317714,0.0343308592462002,20.837514517066936,0.0084,0.7,10
0.0068448936618374,0.0037159999221888,0.1775330268362921,0.0643970660386368,20.834044671735658,0.0084,0.7,10
0.0067877679424621,0.0035972812915483,0.1628070881983426,0.0538316150428754,20.843402076382485,0.0084,0.7,10
0.0067333949835537,0.0034798727112998,0.1489028697800156,0.0437944713514682,20.84371254220882,0.0084,0.7,10
0.0067669045691791,0.0038283783379247,0.2015803872347315,0.0689699351910639,20.767428031996957,0.0084,0.7,10
0.0070901906377094,0.0042688259774303,0.2589526359111898,0.1143806864174932,20.631564409072343,0.0084,0.7,10
0.0068324859170665,0.003946007081994,0.2172527077348642,0.0801262841722073,20.742134720966263,0.0084,0.7,10
0.0068971313464391,0.0040698274369902,0.2348887606042866,0.0917712267497006,20.709626541165974,0.0084,0.7,10
0.0069819600440165,0.0042217441751019,0.2573575587075802,0.1062310533262326,20.63011719143972,0.0084,0.7,10
0.0069085545367623,0.0041740268593361,0.2533569540715578,0.0994803129716522,20.65145020338886,0.0084,0.7,10
0.0070775258981256,0.0043779852133224,0.2813043163836914,0.1212144471327811,20.554304990358897,0.0084,0.7,10
0.0070627814235679,0.0044931543886446,0.3052535221922219,0.1278647417591062,20.470627520693338,0.0084,0.7,10
0.004324824588229,0.0016658105564149,0.008801726700053,-0.0161503725798013,19.55036594463291,0.0084,0.7,10
0.0044344197892676,0.0016552607746953,0.0105924798511084,-0.0194842457263061,19.60714676118168,0.0084,0.7,10
0.005446238702063,0.0015671067382643,0.0159252640666108,-0.0386356097555715,19.993683456155622,0.0084,0.7,10
0.0054906578171473,0.0017035875482878,0.0213271899094669,-0.0387280514387563,20.03382422997341,0.0084,0.7,10
0.0046657255895103,0.0015260648718788,0.0105577683519273,-0.0244646519352709,19.704673926204705,0.0084,0.7,10
0.004717924181734,0.0014547643203992,0.0093514437738846,-0.0251924043102565,19.71888483954213,0.0084,0.7,10
0.0048550354951571,0.0013545910463937,0.0080466026074028,-0.0281805354874721,19.764911337326648,0.0084,0.7,10
0.0048010839072629,0.0014418862954093,0.0097280022481056,-0.0273372777695091,19.758652120119127,0.0084,0.7,10
0.0052969647390476,0.0015247365042738,0.0144017851002585,-0.0371414513173759,19.93090878306238,0.0084,0.7,10
0.0051471209700394,0.0014675240318722,0.0122311332834548,-0.0348448616649115,19.868159051466744,0.0084,0.7,10
0.005001070305294,0.0014040752061668,0.0099187127156073,-0.0318443442837425,19.810545807449348,0.0084,0.7,10
0.0045324838236072,0.0016417127759173,0.011895800361393,-0.0222135544385239,19.65137512673957,0.0084,0.7,10
0.0046319664753905,0.001622043774103,0.0128146227882942,-0.0247302689817017,19.68980968046012,0.0084,0.7,10
0.0047159665959851,0.0016044116700806,0.0133674221533006,-0.0267054734074645,19.72934610146215,0.0084,0.7,10
0.0070891045705835,0.005093842680389,0.4247206676183144,0.1580125085963872,19.99957002027097,0.0084,0.7,10
0.0070661188487886,0.005238679741263,0.453074498646433,0.1609523465157809,19.891496126406704,0.0084,0.7,10
0.0069053496967006,0.00626741507556,0.5953202008432443,0.1508833924685597,19.320336138408944,0.0084,0.7,10
0.0070331554164715,0.0053851232039869,0.4803378729278834,0.1622393489929584,19.80238732203171,0.0084,0.7,10
0.0068961725306822,0.0061303448409343,0.5831410088944396,0.154230951005883,19.40107904134376,0.0084,0.7,10
0.0069916733012063,0.0059227644971317,0.5620911055709233,0.1608099823914004,19.45428273321558,0.0084,0.7,10
0.0068802184444128,0.0059985993259488,0.5693747402998673,0.1562121134590431,19.47501213544641,0.0084,0.7,10
0.0070052399401042,0.005523215195738,0.5042106078689726,0.1626391215765867,19.70966615261131,0.0084,0.7,10
0.0069841237439074,0.0056559769770677,0.5252043505542625,0.1623291172825556,19.641839841598596,0.0084,0.7,10
0.006971930889971,0.0057900540986959,0.5445260943916527,0.1614662878001176,19.56141028507903,0.0084,0.7,10
0.0070444802188474,0.0046142155822368,0.3306961095838022,0.1341122863150022,20.38243829022204,0.0084,0.7,10
0.0070239933169875,0.004741094881083,0.3573092103016437,0.1398754456312226,20.290874516764323,0.0084,0.7,10
0.0070027419578518,0.0048719618949022,0.3843859386957886,0.145004172524756,20.19758668613044,0.0084,0.7,10
0.006980407431723,0.0050072898431594,0.4117331951491044,0.1493957343824177,20.103230479808275,0.0084,0.7,10
0.006815372073633,0.006763581200723,0.6137364965899396,0.1311469387822173,19.17314470975852,0.0084,0.7,10
0.0068054597648432,0.0066237324368066,0.6107339493958533,0.1373210262482612,19.23956219024677,0.0084,0.7,10
0.0067966824683713,0.0064834266626805,0.605261774198166,0.142585719566099,19.30839958268945,0.0084,0.7,10
0.0067895016431943,0.0063447105166111,0.5974788841589326,0.1468404303983888,19.37922473156856,0.0084,0.7,10
0.0039856297953529,0.0017560814846282,0.0033628751406231,-0.0062016758849178,19.31022532431511,0.0084,0.7,10
0.0040729286788565,0.001747639184813,0.0051827111007286,-0.0091832935245371,19.37733141692432,0.0084,0.7,10
0.0041767301249742,0.0017470573417869,0.0075761160908647,-0.0128569662875013,19.44714397517923,0.0084,0.7,10
0.0042920859198116,0.0017444382084383,0.0101550565121709,-0.0167177496749669,19.519094331709997,0.0084,0.7,10
0.003482017189524,0.0095351177561708,0.0104057281344691,0.0137267785381601,17.206118982458836,0.0084,0.7,10
0.0034186409852888,0.0094961468281389,0.0063513295417644,0.0083412537923087,17.179960918617148,0.0084,0.7,10
0.0035179811734213,0.0095257624455876,0.0158687872861476,0.0203343874365618,17.311886283759666,0.0084,0.7,10
0.0035880708496539,0.0095252050349129,0.024409215588701,0.0300117240367709,17.420920777270254,0.0084,0.7,10
0.0038703458401683,0.0096496970774946,0.0403237084781308,0.0448512288964973,17.720165107176655,0.0084,0.7,10
0.003980353581025,0.0096380981228048,0.0523831757904029,0.0531058177222752,17.90031280177755,0.0084,0.7,10
0.0040930830294965,0.0096276338708242,0.0644524513165286,0.0594517795569387,18.05228775848877,0.0084,0.7,10
0.0041809186875344,0.0096324519242104,0.0720452118835282,0.0620078483024789,18.16705844158657,0.0084,0.7,10
0.0037258412529167,0.0095873133629205,0.0327057466853947,0.0387072538261544,17.564353985470586,0.0084,0.7,10
0.003824184740441,0.0095753804578841,0.0445139450225559,0.04881222938134,17.734370694221965,0.0084,0.7,10
0.0036786329027959,0.0095158573090481,0.0361023020066323,0.0417342043766354,17.58766343277063,0.0084,0.7,10
0.0042672585644392,0.0095895390002444,0.0858008530960716,0.0679943052458938,18.284267513242785,0.0084,0.7,10
0.0043884432680453,0.0095572672525553,0.1014533596293715,0.0724784291438197,18.433380104849217,0.0084,0.7,10
0.005304315763542,0.0093394438246712,0.2086243478136778,0.0680257992186641,19.081605559734665,0.0084,0.7,10
0.0045161927475251,0.0095248044835669,0.117606993532703,0.0755016365645277,18.568522171023037,0.0084,0.7,10
0.0046454277649145,0.009492465261542,0.1336536878921488,0.0770946756628361,18.687326843774496,0.0084,0.7,10
0.0047753047623261,0.0094605363514085,0.1494127508640579,0.0774018419624985,18.79134645440391,0.0084,0.7,10
0.0051675369775283,0.0093687736219498,0.1942023133274215,0.071867838731132,19.023359115435515,0.0084,0.7,10
0.004904802430613,0.0094295065700437,0.1646807669630688,0.076563043073523,18.880152952833416,0.0084,0.7,10
0.0050346850517892,0.0093987910864034,0.1795695896459636,0.0747281229562356,18.956219078163432,0.0084,0.7,10
0.0039197209002312,0.0017713081263322,0.002160099254534,-0.0041069696587835,19.249605213693517,0.0084,0.7,10
0.0038908033918499,0.0017463823261209,0.0012631721888539,-0.002544578674764,19.243895248625595,0.0084,0.7,10
0.0038940409099159,0.0016710208605644,0.0006083099158492634,-0.0013449453827316,19.28265467386219,0.0084,0.7,10
0.0057922689212964,0.0089914712768612,0.2999546097350944,0.0633307072513121,19.24272887966032,0.0084,0.7,10
0.0058252926068606,0.0088599080313914,0.3254237975689594,0.0688614967674892,19.265299451115546,0.0084,0.7,10
0.0056570720080921,0.009024812640374,0.2860278194622476,0.0695047881068782,19.22992529942217,0.0084,0.7,10
0.005519513884925,0.0090594138658501,0.2714617832957095,0.0752840166780406,19.20780515524845,0.0084,0.7,10
0.0059926306364193,0.0086955547538271,0.3642343709893313,0.0673015477961271,19.27477486082267,0.0084,0.7,10
0.005859610419033,0.0087281226053792,0.3509991664828394,0.0741436248714484,19.28708758535336,0.0084,0.7,10
0.006030151849816,0.0085614412838035,0.3899499293276331,0.0722426114176366,19.286884339495952,0.0084,0.7,10
0.0053424045556824,0.0092189044947875,0.2318814035025392,0.0743292470235017,19.128781643715943,0.0084,0.7,10
0.0053805069985114,0.0090950148084969,0.2562898695157596,0.0805313469040329,19.17570141656012,0.0084,0.7,10
0.0063872332641181,0.007821823218082,0.5238671989160936,0.0900710375811997,19.248753018567427,0.0084,0.7,10
0.0065372895250175,0.0072992222941605,0.5836342721065667,0.1106484955194556,19.248570293206143,0.0084,0.7,10
0.0063984576682489,0.0076891141885717,0.5405076066771778,0.0965801868522022,19.26579509295402,0.0084,0.7,10
0.0064168129636642,0.0075543764307952,0.5559234096063174,0.1025995307852992,19.273906260870152,0.0084,0.7,10
0.0064693034324448,0.0074251486090474,0.5705359514655656,0.1068438544324799,19.2782703622405,0.0084,0.7,10
0.0062619572303612,0.0079957543323575,0.4937242335693679,0.087909748735911,19.29337559530484,0.0084,0.7,10
0.0061779282558451,0.0080616976126508,0.4796675010198518,0.0894588939379233,19.30791031708332,0.0084,0.7,10
0.0062577670678984,0.0078721513289983,0.5105491159976571,0.0945296144472383,19.31136697147254,0.0084,0.7,10
0.0060672010329294,0.0084235487412011,0.4157379151714787,0.0773209649764054,19.296756834462457,0.0084,0.7,10
0.0061077378411691,0.0082925368940865,0.4397860840408229,0.0817285076892515,19.305199034489448,0.0084,0.7,10
0.0061485371810727,0.0081669826512835,0.4620514566260376,0.0857728197938135,19.30818151990519,0.0084,0.7,10
0.0067064189098973,0.0069755719878358,0.6069883664548116,0.1223034081360938,19.1998490785227,0.0084,0.7,10
0.0066980007472873,0.0068383044983682,0.6085526467758183,0.1287822182292455,19.25108221110536,0.0084,0.7,10
0.0065848901807553,0.0070539213810276,0.5989026900652807,0.1209866188970938,19.274050976936973,0.0084,0.7,10
0.0064624893504189,0.0071615026830497,0.5886824377128596,0.1192994128249708,19.34069135988933,0.0084,0.7,10
0.0062910375019891,0.0024133798702171,0.0531171271734352,-0.0218746078887801,20.551258268636385,0.0084,0.7,10
0.0061780435993435,0.0023886451262591,0.0544855373000802,-0.0246098538545256,20.49383236879752,0.0084,0.7,10
0.0063322501890231,0.0025414985816183,0.0621218186596619,-0.0168852583952018,20.60723574781701,0.0084,0.7,10
0.0065765264612374,0.0029139110429562,0.0870300071543734,0.0050151523087441,20.78257202691336,0.0084,0.7,10
0.0065528812630129,0.0030253335922861,0.1005515339615903,0.0101744736082595,20.776864173509804,0.0084,0.7,10
0.0064846047796513,0.0028092063844091,0.0805999644157198,-0.002453850319544,20.72941070006949,0.0084,0.7,10
0.0063597424319472,0.002654246875312,0.0710557105887904,-0.0121056164273387,20.63822164752932,0.0084,0.7,10
0.0063887767049376,0.0027540323190377,0.0793819356797423,-0.0073614988145393,20.686341782505853,0.0084,0.7,10
0.0056653927366452,0.001849299558969,0.0275895451435103,-0.0384201111191303,20.14076712027563,0.0084,0.7,10
0.0055423186117868,0.0018268941535317,0.0270690087485483,-0.0385226407313414,20.09145114678349,0.0084,0.7,10
0.0060145754976049,0.0022474972942896,0.0477901578403472,-0.0305778313556848,20.385975829786883,0.0084,0.7,10
0.0060682377375043,0.0023675570626477,0.055674519033634,-0.0270722161870577,20.440208831260545,0.0084,0.7,10
0.0058531208368975,0.0020274609320698,0.0358213913178699,-0.0359126217216408,20.26045973829784,0.0084,0.7,10
0.0059052469311223,0.0022539627585684,0.0503321769744323,-0.0319480714354093,20.331006663392746,0.0084,0.7,10
0.0058464743605871,0.0021638467496677,0.0447850339088702,-0.0341109179542348,20.293037242345825,0.0084,0.7,10
0.0057082404536038,0.0019911150471686,0.0351829460403856,-0.0372161510250733,20.1945084995142,0.0084,0.7,10
0.0064709975647219,0.0031075530632052,0.1146792701499357,0.011975752024075,20.75176547659288,0.0084,0.7,10
0.0065073052457893,0.0032292788336461,0.1281894715580986,0.019934748568158,20.76395322738552,0.0084,0.7,10
0.0065464170508471,0.003349192505415,0.1421283989653749,0.0283889569253643,20.77569954308821,0.0084,0.7,10
0.0065879904981816,0.00347097344562,0.1570103085680553,0.0375174515191294,20.78245060871535,0.0084,0.7,10
0.0067019265434319,0.0037093989811719,0.1863749749961067,0.0579426558638339,20.779157998558585,0.0084,0.7,10
0.0066426521215961,0.0035909112766894,0.1715891232756256,0.0474986072620513,20.78243450085026,0.0084,0.7,10
0.0066941822769277,0.0039396126852483,0.2256078068512993,0.0731020159887405,20.707099068363448,0.0084,0.7,10
0.0066261287585398,0.0038230762241284,0.2101893347683862,0.0620054932432366,20.725738741116743,0.0084,0.7,10
0.0069751552477992,0.0043176650150635,0.2762457677130278,0.1123787857325,20.577181760681565,0.0084,0.7,10
0.0067610908058848,0.0040550330980246,0.2415499886411296,0.0841942201288215,20.679552835120475,0.0084,0.7,10
0.006815741170795,0.004161415637411,0.2572882821527668,0.0940902985818278,20.640640528524845,0.0084,0.7,10
0.006879453382881,0.0042504714863407,0.2697131596994426,0.1032090290576765,20.601967790002405,0.0084,0.7,10
0.0069535477501889,0.0044212415769667,0.2977955766193962,0.1179780798134216,20.511921624176598,0.0084,0.7,10
0.0069329195025844,0.0045370392286993,0.3217581871450134,0.1239255561902691,20.43823389654712,0.0084,0.7,10
0.0044031198821262,0.0017393851479077,0.0124332103514441,-0.0201483377431583,19.58184026160569,0.0084,0.7,10
0.0045004906651581,0.0017229307128604,0.0138514756950497,-0.0227189003452977,19.638704376781963,0.0084,0.7,10
0.0054416346524927,0.0017992671053789,0.0259318420417358,-0.0383476571111126,20.04722646033137,0.0084,0.7,10
0.0053392365808622,0.001698248406834,0.0211686760234041,-0.0377684071049727,19.97948179714333,0.0084,0.7,10
0.0047889224964605,0.001542125045893,0.0123012203822542,-0.02789093895778,19.74894582226428,0.0084,0.7,10
0.0048983215659943,0.0014763136116695,0.0112923645786629,-0.029936195724508,19.791463593002955,0.0084,0.7,10
0.005185341129863,0.0016340581291302,0.0181889895636564,-0.0359969399856081,19.909448449136047,0.0084,0.7,10
0.0050265369298804,0.0015539491202234,0.0145113284090878,-0.0330921790462067,19.835553869957167,0.0084,0.7,10
0.0047781305370151,0.0016437163650821,0.0153794192408139,-0.0287097599271934,19.766044085122424,0.0084,0.7,10
0.0046139518160608,0.0017168992329062,0.0156496002637765,-0.0257050436936379,19.68466423758834,0.0084,0.7,10
0.0047095037059659,0.0016823852965472,0.0158878838399569,-0.0275646905166946,19.72119768035766,0.0084,0.7,10
0.0069569798517089,0.0051469311959401,0.4389655754571646,0.1529324938938118,20.009838360708105,0.0084,0.7,10
0.0069312541094001,0.0052889498090541,0.465374105852721,0.1554208146536826,19.92400389821873,0.0084,0.7,10
0.0067823476762118,0.0062074872197275,0.5874572322700847,0.1500636586763287,19.453526377120184,0.0084,0.7,10
0.0069047150603037,0.0054297259611714,0.4900051552197233,0.1568886929164396,19.835219256228616,0.0084,0.7,10
0.0067741427330755,0.006074602177517,0.5756232283846571,0.1521853512490273,19.52786776515469,0.0084,0.7,10
0.006767097446959,0.0059635033996763,0.5642403725174077,0.1531970322269065,19.597378006835434,0.0084,0.7,10
0.0068393920965595,0.0058538677717491,0.5520744486713144,0.1563878492255877,19.60317645117622,0.0084,0.7,10
0.0068807714281394,0.0055678425779695,0.5123261120366068,0.157498337886697,19.75484629344577,0.0084,0.7,10
0.006860506355356,0.0057062049896973,0.5326786745566033,0.1574022428610617,19.677460132443283,0.0084,0.7,10
0.006913061001265,0.0046599685625788,0.3470236439927832,0.1297608519882349,20.359641571698628,0.0084,0.7,10
0.0068924217695788,0.0047886663627708,0.3732024052574812,0.1352017731522494,20.277507719408646,0.0084,0.7,10
0.0068711407665144,0.0049212014441073,0.3996436381754629,0.1400494628950238,20.193945888078066,0.0084,0.7,10
0.0068486992069063,0.0050577418726781,0.4260939513389415,0.144192238759934,20.110423025984577,0.0084,0.7,10
0.0066888268262066,0.0066994933989836,0.607655162663125,0.1345275709631881,19.308409740541496,0.0084,0.7,10
0.006680581262565,0.0065602331425492,0.6043277143311768,0.1394073431809775,19.371540980693258,0.0084,0.7,10
0.0066733992943879,0.0064213152157409,0.598630500662778,0.1433706794021608,19.437937623437687,0.0084,0.7,10
0.0066669369321122,0.0062830913298784,0.5906405745062916,0.1463916490361791,19.508129014483558,0.0084,0.7,10
0.0039512084605426,0.0018318966687931,0.0038917656803614,-0.0067062050839158,19.24909277770998,0.0084,0.7,10
0.0040384636184946,0.0018251492797622,0.0059953518993207,-0.009829302123269,19.325673069353595,0.0084,0.7,10
0.004142700011813,0.0018243403948296,0.0087216274536242,-0.0135857025744272,19.405293036394514,0.0084,0.7,10
0.0042595431652292,0.0018267104686026,0.0118641207583115,-0.0176349924529124,19.486360352107397,0.0084,0.7,10
0.0043706104479921,0.0018252066647032,0.0146028712597567,-0.0211002246204082,19.555576862054355,0.0084,0.7,10
0.0034341459269824,0.0094688189215324,0.0115074847447039,0.014644096339346,17.240745853681258,0.0084,0.7,10
0.0033700546322024,0.0094311214274195,0.0070078339485063,0.0088636263582317,17.219802853820692,0.0084,0.7,10
0.0034683468333661,0.0094584232277853,0.0173488601155869,0.0215040760379909,17.34735040121782,0.0084,0.7,10
0.0035398126211315,0.0094567028907001,0.0268911206301645,0.0320848509527182,17.450582891096047,0.0084,0.7,10
0.0036285043136641,0.0094432234632115,0.0397742536984835,0.0448114853921564,17.6201276592017,0.0084,0.7,10
0.0039339560978758,0.0095615347290856,0.0575931604896546,0.0579561851317193,17.910067688601405,0.0084,0.7,10
0.0040463631990929,0.0095499322344452,0.070439564779353,0.0650238404705211,18.078216744839,0.0084,0.7,10
0.0041604903669959,0.0095410243646839,0.0827572816125221,0.0700379397442783,18.224547786962145,0.0084,0.7,10
0.0037764633062049,0.0095016447433113,0.0489644839506351,0.0527613956718222,17.75515230465284,0.0084,0.7,10
0.0038855751322205,0.0094855130240646,0.0630796884031791,0.0628107212274768,17.936846153470018,0.0084,0.7,10
0.0037275200115859,0.0094286835050724,0.0536944154103034,0.0567148459660113,17.786021588564378,0.0084,0.7,10
0.0042790577563974,0.0094915563908156,0.1014000640982862,0.0772824029706833,18.37868089728458,0.0084,0.7,10
0.0044062095656291,0.0094544846520174,0.118912947285579,0.0818090723066585,18.52561128037648,0.0084,0.7,10
0.0052020615466224,0.0092524990749664,0.2164904304525934,0.078580479426887,19.079814402931216,0.0084,0.7,10
0.0045353807592904,0.0094189225220097,0.1361378874947657,0.0845751854807345,18.652947369964547,0.0084,0.7,10
0.0046656230816383,0.0093842087600218,0.1529966437743108,0.0858216788092761,18.764261222471763,0.0084,0.7,10
0.0047962395440646,0.0093515040195547,0.1691834138427762,0.0856517122559685,18.86038935305989,0.0084,0.7,10
0.0050626450208993,0.0092847885886104,0.2009497214340019,0.0820707698436835,19.01669384355922,0.0084,0.7,10
0.0049283590088875,0.0093206954758581,0.1847608251557617,0.0841997672097818,18.94349816436518,0.0084,0.7,10
0.0038851443535067,0.0018458505038108,0.0025057534920056,-0.0044860361603605,19.1826290696097,0.0084,0.7,10
0.0038573476097272,0.0018192339007143,0.0014631360874751,-0.0027857516417173,19.17473509219174,0.0084,0.7,10
0.0038614038470994,0.0017451067255297,0.0007019397156480827,-0.001462634639495,19.209465436103475,0.0084,0.7,10
0.0056920956056276,0.0088933849517241,0.3116996933150881,0.0751898381237183,19.26090355170928,0.0084,0.7,10
0.005726467115235,0.0087614333554841,0.3374981790146875,0.0806867320770459,19.291306412485444,0.0084,0.7,10
0.0055576099162744,0.0089276652474784,0.2975275956556276,0.081167102038807,19.248259754198887,0.0084,0.7,10
0.005422036449927,0.0089641580189964,0.282594383963072,0.0866120651654186,19.226792313694062,0.0084,0.7,10
0.0058955195858425,0.0085934079878987,0.376954851628458,0.0792964853869687,19.30851157555836,0.0084,0.7,10
0.0057618259755876,0.0086279302061125,0.3634850070931958,0.0859409248830422,19.321273609112357,0.0084,0.7,10
0.0059319300107529,0.0084559797333653,0.4029364846569975,0.0843680533432122,19.329974742294382,0.0084,0.7,10
0.0052414008717433,0.0091294335499036,0.240933711922608,0.0852138074705451,19.13220778310566,0.0084,0.7,10
0.0052912182941987,0.0090015537567706,0.2674448188934832,0.0911988249859448,19.196438573757664,0.0084,0.7,10
0.0062736117723186,0.0077397627132037,0.528240704238378,0.1002646337419231,19.331249605739387,0.0084,0.7,10
0.0063945347913558,0.0073037605093619,0.5766974968410435,0.1152370402542846,19.34926637714144,0.0084,0.7,10
0.0063154628670015,0.0072026258430282,0.5804033227116031,0.1217118658313615,19.416566768287318,0.0084,0.7,10
0.0062914029010752,0.0076003666054258,0.5451282427218924,0.1060148212498994,19.34019722912436,0.0084,0.7,10
0.0063103997910109,0.0074428360753129,0.5616395466036898,0.1122773578112643,19.36222937291941,0.0084,0.7,10
0.0060719139213565,0.0080684655684133,0.4733251732404468,0.095489456637588,19.36515695735588,0.0084,0.7,10
0.0061329035510098,0.0079468143241492,0.4941378368177424,0.0978673651727908,19.35963620695043,0.0084,0.7,10
0.0061431422005199,0.007797569878056,0.5148633803835354,0.1043102020005258,19.388825974023412,0.0084,0.7,10
0.0059697368203118,0.0083181095684284,0.4283196429021765,0.0891792827351785,19.345980478826423,0.0084,0.7,10
0.0060203269558654,0.0081916784379462,0.4515760507439605,0.0924571697189333,19.361374394067003,0.0084,0.7,10
0.0059661027282678,0.0080945654814878,0.4641955912970973,0.1004833287092531,19.396069310547755,0.0084,0.7,10
0.0065775156650604,0.0069147209436835,0.6025525107756772,0.1270867827344038,19.328524455038465,0.0084,0.7,10
0.0065705643880228,0.0067752261008735,0.6037601493290884,0.1324152684514129,19.37839354217778,0.0084,0.7,10
0.0064577107645516,0.0069958871814846,0.5958091297876683,0.1259786805744599,19.397551114464218,0.0084,0.7,10
0.0063383663985148,0.007068388233802,0.5886207063592267,0.12592194812297,19.4563936584884,0.0084,0.7,10
0.0062183385234484,0.0025055938107635,0.0628268101434151,-0.0204102186547113,20.53965112616658,0.0084,0.7,10
0.006118842438907,0.0024882830630858,0.0643111060785464,-0.022943872656632,20.482231836019448,0.0084,0.7,10
0.0062518673927508,0.0026319393414775,0.0729905677208775,-0.0154540883538025,20.583569864116324,0.0084,0.7,10
0.0064397382959016,0.0029666387506215,0.0995802149225196,0.0037944546135368,20.71591831056725,0.0084,0.7,10
0.0063560058754886,0.0028567242513342,0.0914331763567411,-0.0037796773615552,20.66417684856398,0.0084,0.7,10
0.0062922159222538,0.0027523299649821,0.0831748988751773,-0.0099352311384429,20.61995613450549,0.0084,0.7,10
0.0063533673042352,0.003083381284683,0.1177228345505782,0.0067060086330027,20.68562035595029,0.0084,0.7,10
0.0055825221386662,0.0019605354807348,0.0342512803503856,-0.0379059163814836,20.130370028829216,0.0084,0.7,10
0.005452555587156,0.0019291797891277,0.0328900421066456,-0.0381612654730443,20.07620261442272,0.0084,0.7,10
0.0059612135038378,0.0023532325106522,0.0569509320529736,-0.0292117047155834,20.394568396164747,0.0084,0.7,10
0.006009601518476,0.0024641353302977,0.0651236784056451,-0.0257910570282809,20.44358082450688,0.0084,0.7,10
0.0058722885867756,0.0023526661306673,0.0586969294229262,-0.0306489874135086,20.34772781904641,0.0084,0.7,10
0.0057367960233087,0.0021314823195229,0.0439499042100835,-0.0355991788842933,20.232748162043617,0.0084,0.7,10
0.0057838739360903,0.0022758006197406,0.0539599978878096,-0.0332244374653483,20.29647650342816,0.0084,0.7,10
0.0056211189161737,0.0020940862322886,0.04248974175365,-0.0368691830375724,20.17814554036571,0.0084,0.7,10
0.0063822290884044,0.0032108031678647,0.1325872564766604,0.0142858222686184,20.71187370156724,0.0084,0.7,10
0.0064126458719861,0.0033303875411175,0.1472511320813801,0.0219780548907011,20.717484951869064,0.0084,0.7,10
0.0064500117908508,0.0034554728961303,0.163109579804372,0.0307385265023485,20.727733943809383,0.0084,0.7,10
0.006490029188075,0.0035839493829702,0.1801835826493303,0.0402659798719016,20.73076125177785,0.0084,0.7,10
0.0065548034141156,0.0037039919198272,0.1951757807814351,0.0508398332747298,20.72793060829308,0.0084,0.7,10
0.0066218606135603,0.0040497236623701,0.2497874795927379,0.0766214606798817,20.651951165315836,0.0084,0.7,10
0.0065566253494286,0.0039354569506562,0.2338990384016024,0.0657745408965585,20.67491704207583,0.0084,0.7,10
0.006487518459021,0.0038208718471904,0.2187281287132036,0.0548629151061216,20.68961960327089,0.0084,0.7,10
0.0068499169418651,0.0043459478754584,0.2897827228888759,0.1078780019085924,20.54772717262404,0.0084,0.7,10
0.0066872346849985,0.0041599396164195,0.2654586191040962,0.0872686457028297,20.62060302731833,0.0084,0.7,10
0.0067609822034344,0.0042591953644897,0.2790585611211824,0.097625710480822,20.58444041662752,0.0084,0.7,10
0.0068213200881379,0.0044580182150948,0.3130175882847435,0.1132504561144584,20.48601099605015,0.0084,0.7,10
0.0067996224007757,0.004579767516534,0.3376783675221828,0.1191024491358428,20.41779673268941,0.0084,0.7,10
0.0044663127320393,0.0018136714480897,0.0163946374010863,-0.0236093194390224,19.6062331810041,0.0084,0.7,10
0.0045553551069242,0.0017917755261344,0.0174100229238243,-0.0255401984113921,19.659095067972306,0.0084,0.7,10
0.0053495113397719,0.0018477683909933,0.0284508752709528,-0.0379385277764623,20.013557485676497,0.0084,0.7,10
0.0052512946211509,0.0017796535592121,0.0247841037115678,-0.0371372463507092,19.968790936950924,0.0084,0.7,10
0.005137066881134,0.001771349062549,0.0239266308555306,-0.0360349289360545,19.910668580074823,0.0084,0.7,10
0.0048927583896938,0.0016382189125202,0.0163770607364651,-0.031133639236437,19.80399882574268,0.0084,0.7,10
0.0050341642671748,0.0017061515525213,0.0203155952514435,-0.0342148293283241,19.863769354529637,0.0084,0.7,10
0.0048037016805488,0.0017355424683849,0.0192327758652668,-0.0304222159207555,19.775240674049204,0.0084,0.7,10
0.0046435943365461,0.0018200061904473,0.0202485612977846,-0.0282388941471411,19.700914156536918,0.0084,0.7,10
0.0047080035569292,0.001761651016674,0.0189069590012143,-0.0287090954865585,19.72761198367673,0.0084,0.7,10
0.0068251035377624,0.005197042999603,0.4519833853000038,0.1475148718743902,20.02925791174889,0.0084,0.7,10
0.0068006801487603,0.0053372425218817,0.4766784075986648,0.1499617516591536,19.949179606473795,0.0084,0.7,10
0.0066624332305624,0.0061454536283853,0.5804556545209073,0.1484699656273226,19.57847745166685,0.0084,0.7,10
0.0067765960807486,0.0054766813321778,0.4996138958512822,0.1515520997016426,19.87336062904073,0.0084,0.7,10
0.0066646458731559,0.0060079228876553,0.5681487549394513,0.1497973799793114,19.643699007729023,0.0084,0.7,10
0.0066963107303594,0.0058755878715702,0.5542198842436319,0.1512137250700895,19.68765391062055,0.0084,0.7,10
0.0067291621700039,0.0057523683040519,0.5391885270326383,0.1523049096191551,19.73785363412209,0.0084,0.7,10
0.0067532763929594,0.0056154591679562,0.5205573902353205,0.1523497364102604,19.79903354649573,0.0084,0.7,10
0.0067805734739949,0.004706015447578,0.3628890180040671,0.1248054930413438,20.346633527078712,0.0084,0.7,10
0.0067605497216328,0.0048365008276696,0.3885754791610846,0.1300546195446897,20.273186799862945,0.0084,0.7,10
0.0067394904719926,0.0049702808558091,0.4142867814507449,0.1347188731332745,20.199169526181414,0.0084,0.7,10
0.006717288286248,0.0051073600664274,0.4397259889857312,0.1387279808796151,20.12560447784995,0.0084,0.7,10
0.0065629277728656,0.0066361610691171,0.6025093106204008,0.1369025695235608,19.43612961583912,0.0084,0.7,10
0.0065567329648352,0.0064978050527352,0.598902536455883,0.1404948659552247,19.49636209558967,0.0084,0.7,10
0.0065505181439554,0.0063592304947648,0.5929288074251443,0.1432250624062854,19.56230479489344,0.0084,0.7,10
0.0065438788231812,0.0062209465427323,0.5846982934523693,0.1450242797538898,19.63608414055186,0.0084,0.7,10
0.0039154729764034,0.001906931041999,0.0045090332237241,-0.0073186429526248,19.185698523593064,0.0084,0.7,10
0.0040028287785727,0.0019015087178588,0.0069261954308643,-0.0106136205275164,19.27192618445649,0.0084,0.7,10
0.004104154906659,0.0019012793293769,0.0099419676591128,-0.0143813523136535,19.357973061703976,0.0084,0.7,10
0.0044383117892793,0.0019039824790672,0.0194819787190536,-0.0249891558002275,19.598325757870057,0.0084,0.7,10
0.0042180792781156,0.0019072892274916,0.0135488861635825,-0.0184986664887807,19.44815006234664,0.0084,0.7,10
0.004335041479108,0.0019095321688435,0.016988532430756,-0.0222245501530196,19.52864512589297,0.0084,0.7,10
0.0033842102286998,0.0094024709322478,0.0126736006875577,0.0155497915160781,17.283434003563034,0.0084,0.7,10
0.0033202333152902,0.0093670373047021,0.0076920473065641,0.0093759311841756,17.27554035864331,0.0084,0.7,10
0.0034189199058287,0.0093924603715123,0.0190331433328413,0.0228206321079523,17.394468446464895,0.0084,0.7,10
0.0034902566932497,0.0093892851337424,0.0294726658265959,0.0341034646828294,17.49242393105423,0.0084,0.7,10
0.0035787642145283,0.0093737685777176,0.0435386626877784,0.0477775123969063,17.662096707166384,0.0084,0.7,10
0.0036774373199212,0.0093569171339486,0.0586656201302695,0.0606176026744316,17.82833588090176,0.0084,0.7,10
0.0039986530070352,0.0094704487201546,0.0771533524962787,0.0707946841206266,18.089170771475693,0.0084,0.7,10
0.0040877763425513,0.0094719841029706,0.0859976320517941,0.0743550128735838,18.20305887756293,0.0084,0.7,10
0.0041708023441578,0.009424563659348,0.1015811528602099,0.0815037190372279,18.32251406250775,0.0084,0.7,10
0.0038355177300821,0.0094097656383694,0.0689284365594608,0.0676484360327848,17.962061688303667,0.0084,0.7,10
0.0039458432686224,0.0093945160257672,0.0834592532207065,0.0761483553026362,18.1296788456462,0.0084,0.7,10
0.0037853815224771,0.0093348839688849,0.0752635135731677,0.0725758012015838,18.004339354662843,0.0084,0.7,10
0.0042951906162838,0.009386175626106,0.1198580707286729,0.0873931342219741,18.484523335382377,0.0084,0.7,10
0.0044248225167206,0.0093469851268132,0.1384760932830215,0.0915215157762777,18.624010321747093,0.0084,0.7,10
0.0050911522221717,0.0091470440613864,0.2273801925179884,0.0908181683421722,19.08261754497293,0.0084,0.7,10
0.0045556305770217,0.0093084175179998,0.1567015434595712,0.0939191070457339,18.7444548206789,0.0084,0.7,10
0.0046864851901449,0.009271996795121,0.1741296090092331,0.0946919350509556,18.84695634300581,0.0084,0.7,10
0.0048171570791811,0.0092406309155483,0.1901920287335659,0.0938393393332016,18.93326289390309,0.0084,0.7,10
0.0049545736367494,0.0092085629198388,0.2064293774927375,0.0917586226538725,19.0095555123782,0.0084,0.7,10
0.003847857292882,0.00191997167632,0.0028819529866576,-0.0048959758936597,19.113179445030926,0.0084,0.7,10
0.0038225895216659,0.0018912122360832,0.001698852153088,-0.0030728994923082,19.10294730116356,0.0084,0.7,10
0.0038273580099935,0.0018185559191491,0.0008156024456121103,-0.0016096499105938,19.13512855100352,0.0084,0.7,10
0.0055940020640659,0.0087948855619244,0.3238270588512125,0.0868654935437422,19.287555598257853,0.0084,0.7,10
0.0056299386000988,0.0086616771183308,0.3501106215498519,0.0922632315793009,19.32596548332012,0.0084,0.7,10
0.0054613654143666,0.0088289767097463,0.3097846145877652,0.0926448031499405,19.276481615762368,0.0084,0.7,10
0.0053315655625542,0.008863179557735,0.2955841019817056,0.0978177764697402,19.257386402749685,0.0084,0.7,10
0.0057970247413243,0.0084913287958922,0.3896287891902639,0.0910914697020033,19.351084243290703,0.0084,0.7,10
0.0056647745386821,0.0085277869061109,0.3761630041062231,0.0974044485548898,19.363843889736643,0.0084,0.7,10
0.005831770889342,0.0083504655587888,0.41584600413761,0.0961984728873848,19.381748392995718,0.0084,0.7,10
0.0051654725057313,0.0090320509558618,0.2535245276258706,0.0953959864910827,19.162740488697604,0.0084,0.7,10
0.0050546445973461,0.0090279498750862,0.246710965093516,0.1007175353783692,19.131083910301548,0.0084,0.7,10
0.0052061398710688,0.0088985672336779,0.2810774470116162,0.1021767824693824,19.23036292015193,0.0084,0.7,10
0.0062312073684336,0.0071189159250955,0.5825686207220332,0.1267385237908675,19.526516275279636,0.0084,0.7,10
0.0061636674778024,0.0076575510757129,0.5329994224109429,0.1094804467290655,19.409726774136285,0.0084,0.7,10
0.0062568118110383,0.0073120909012309,0.5704812683880197,0.1194828619308313,19.441529743787463,0.0084,0.7,10
0.0062134101892282,0.0072165873368198,0.575931068426752,0.1241701017685395,19.49153038809348,0.0084,0.7,10
0.0061854677334323,0.0075185591489202,0.5490472736399724,0.114249253792842,19.4335161402516,0.0084,0.7,10
0.0061898250000894,0.007401439147085,0.5604900106352405,0.1185826695786656,19.44679656924129,0.0084,0.7,10
0.0059806837497823,0.0079772711711157,0.4826082501808408,0.1050656049984509,19.417909116042832,0.0084,0.7,10
0.0060135589015008,0.0078524815793469,0.5017818422287207,0.1087781094545686,19.44059018580645,0.0084,0.7,10
0.0060337897798473,0.0077146299543795,0.5207189811875169,0.1134493961608732,19.46840670327427,0.0084,0.7,10
0.0058750232606546,0.0081944312835827,0.4440042975114609,0.1012216967573894,19.40733587927451,0.0084,0.7,10
0.0058648296750767,0.0080466531248543,0.4670083427030544,0.1086026521011525,19.45908027891048,0.0084,0.7,10
0.0064512788323436,0.0068519751810756,0.5991243850478214,0.1310085439807016,19.445652321879,0.0084,0.7,10
0.0064445279621709,0.0067123896637794,0.5999172428208438,0.1350896880624143,19.49950821565116,0.0084,0.7,10
0.0063338957425361,0.0069256695953413,0.5939446769525617,0.1304181497414415,19.5107711473367,0.0084,0.7,10
0.0062294322981529,0.0070057281748066,0.5881965547697461,0.1299815718775467,19.56190880578262,0.0084,0.7,10
0.0061422804061928,0.0026024794602397,0.0739135609053179,-0.0189906449012087,20.52472928442158,0.0084,0.7,10
0.0060522719172984,0.0025532167303615,0.0720025695909867,-0.022527417448775,20.477647861178767,0.0084,0.7,10
0.0061690504884774,0.0027272059246746,0.0852648525881397,-0.0141545160108667,20.559115244456795,0.0084,0.7,10
0.0062841588756975,0.0031740744458224,0.1327443011663607,0.0086210846472372,20.662378199972853,0.0084,0.7,10
0.006283784660264,0.0029703616866677,0.1073823503487526,-0.0009459397377642248,20.65229320553533,0.0084,0.7,10
0.006217522571859,0.0028538976967504,0.0969158250236427,-0.0079894935362129,20.602323868442934,0.0084,0.7,10
0.00622576225074,0.0030841647477089,0.1238768053888723,0.0021489249739743,20.64205033139201,0.0084,0.7,10
0.0053524316735099,0.0019558288570223,0.0345466717840929,-0.0380001549510304,20.041165704391855,0.0084,0.7,10
0.0055026917355391,0.0020562099540521,0.0406269978237323,-0.0376961415208801,20.123754135396705,0.0084,0.7,10
0.005396930572304,0.0020425127404766,0.0399836041490858,-0.038008899905959,20.066475721015223,0.0084,0.7,10
0.0059034779887648,0.0024497638878668,0.066327146201489,-0.0281731037221729,20.38221919701901,0.0084,0.7,10
0.0059535654901892,0.0025727587407931,0.0765075219009109,-0.0242478797745905,20.429804490908086,0.0084,0.7,10
0.0057914785350786,0.002411627853109,0.0651122154538869,-0.0309423182780828,20.329543727785097,0.0084,0.7,10
0.0056559932893145,0.0022321421125586,0.0521853846428337,-0.0353323304159293,20.23439880076336,0.0084,0.7,10
0.0056849018625839,0.0023703295577011,0.0631494190633594,-0.0332987286234544,20.27643859660516,0.0084,0.7,10
0.0055397325426264,0.0021888373003528,0.0498530669654908,-0.0367993110822234,20.1739492205937,0.0084,0.7,10
0.0062752426208046,0.0032938974503339,0.1494929698862308,0.0142930024718219,20.67135760983818,0.0084,0.7,10
0.0063160882815488,0.0034319284875511,0.1672318492904417,0.0234363478131388,20.68342504890913,0.0084,0.7,10
0.0063479842006142,0.0035658622355918,0.1858092432054204,0.0324680969971042,20.68271022849405,0.0084,0.7,10
0.0065489785392424,0.00416107541624,0.2744368992562247,0.0796594285568138,20.601864614049223,0.0084,0.7,10
0.0063920719664792,0.0037116473912833,0.2064836624980631,0.0432518072315741,20.683220695782804,0.0084,0.7,10
0.0064830519597598,0.0040472242426042,0.2581508190930803,0.0688060567619711,20.62995247750135,0.0084,0.7,10
0.0064281300699364,0.0039319250676282,0.2413593806316917,0.0585857470390028,20.645573593164844,0.0084,0.7,10
0.006378410532874,0.00384352245226,0.2292507017805181,0.0504580534993875,20.66062323793953,0.0084,0.7,10
0.0067085018815525,0.0043698886881162,0.3031014131968192,0.1016544112716891,20.526835823255382,0.0084,0.7,10
0.0066187829571754,0.004271813039393,0.290345735311712,0.0905321990640284,20.56719478069928,0.0084,0.7,10
0.0066820449134576,0.004496495856467,0.3285133852952881,0.1076442194333403,20.46943648211137,0.0084,0.7,10
0.0066655081668444,0.0046252777756969,0.3536812259634927,0.1138600427377772,20.40521453257735,0.0084,0.7,10
0.0045524318933436,0.0018853723741132,0.0213408804734958,-0.0274231085182162,19.657344226129112,0.0084,0.7,10
0.0052679567227126,0.0019227183508169,0.032415745614266,-0.0376862641450559,19.998404189222843,0.0084,0.7,10
0.0051649685426184,0.0018887235377738,0.0300705596277458,-0.0369531961211019,19.94247649389097,0.0084,0.7,10
0.0046553752317782,0.0019066516472089,0.0245622535547245,-0.0301421432024368,19.712421932308565,0.0084,0.7,10
0.0050495667054699,0.0018481588197312,0.027084607873795,-0.0356007892499198,19.889573874015472,0.0084,0.7,10
0.0049195349906959,0.0018097354229913,0.0238360296752514,-0.0333933899743558,19.83263241114626,0.0084,0.7,10
0.004757203257908,0.001852803167636,0.0237148080764706,-0.0311944105198796,19.777223969259865,0.0084,0.7,10
0.0066711386362959,0.0053859839943937,0.4875906183183445,0.1445269255432078,19.98203029479519,0.0084,0.7,10
0.0066942926394513,0.0052464561099466,0.4643456202841785,0.1420112911057731,20.052353151254803,0.0084,0.7,10
0.006545294024987,0.0060828581679222,0.5743177841970385,0.146045143336078,19.69454324461631,0.0084,0.7,10
0.0066481530262085,0.0055250812397443,0.5090865684962304,0.1462877126545294,19.917321305956705,0.0084,0.7,10
0.0065684867901241,0.005939218547705,0.5611189460262488,0.1469504729697626,19.74965595866756,0.0084,0.7,10
0.0065973994072423,0.0058033736410652,0.5461381088996434,0.1474456737379653,19.79026024438948,0.0084,0.7,10
0.0066244147878009,0.0056646522490718,0.5286895505822312,0.147300758300629,19.85334796338685,0.0084,0.7,10
0.0066482974466531,0.0047534936369995,0.3785106992143809,0.1194926485241322,20.341551746920192,0.0084,0.7,10
0.0066289351819617,0.0048847887202239,0.403521802207819,0.1245970744504145,20.276898321824103,0.0084,0.7,10
0.0066080977978876,0.0050194333648922,0.4284496169949768,0.1291645928624515,20.21175809464572,0.0084,0.7,10
0.0065862330850481,0.0051570761352313,0.4529149368709418,0.1331554574443844,20.146759402683287,0.0084,0.7,10
0.0064387704847859,0.0065740799239114,0.5983666747798463,0.1382863484305503,19.55742168742773,0.0084,0.7,10
0.0064348665156592,0.0064363570121402,0.5944680570680694,0.1406342829926079,19.61003072705056,0.0084,0.7,10
0.0064126043002849,0.0061561230515568,0.5795482115228765,0.1425394705869398,19.74564354613356,0.0084,0.7,10
0.0064276702603996,0.0062962095461571,0.5881335851882133,0.1421333208008477,19.671786372898264,0.0084,0.7,10
0.0039644633143273,0.0019791209382333,0.0080184390821266,-0.0115604999773599,19.214908749269032,0.0084,0.7,10
0.0038733458458027,0.0019791858289264,0.0050082881789346,-0.0077627944256144,19.11909956269412,0.0084,0.7,10
0.0040666912522645,0.0019798706171154,0.0114865842380661,-0.0155234226422463,19.31159770922963,0.0084,0.7,10
0.0041813801625963,0.0019876307656658,0.0156434271149109,-0.0197961794505889,19.41183911701683,0.0084,0.7,10
0.0044984676931409,0.0019773069347792,0.0245907431579098,-0.0283686006043863,19.636525149501093,0.0084,0.7,10
0.0043957029396613,0.0019873071280876,0.0223080784405919,-0.0260966395954229,19.56560747118081,0.0084,0.7,10
0.004295573971632,0.0019919612216147,0.0195304408395487,-0.0234857573008175,19.49973129375316,0.0084,0.7,10
0.0033325947722702,0.0093386904309288,0.0136008601953303,0.0161139082307038,17.342770547647547,0.0084,0.7,10
0.0032691958323903,0.0093039172125361,0.0084031447207511,0.0098714943838728,17.33810458162238,0.0084,0.7,10
0.0033736663722705,0.0093293926770959,0.0213388807435165,0.0247097275114203,17.446387497845453,0.0084,0.7,10
0.0034384386860371,0.0093237209063459,0.0318877486685924,0.0357980629308879,17.54638494575913,0.0084,0.7,10
0.0035268834333088,0.0093062839660642,0.0472176597798504,0.0504504350872986,17.711813387945934,0.0084,0.7,10
0.0036262598790288,0.0092860751573198,0.0639175167596233,0.0644919211977053,17.87946135766748,0.0084,0.7,10
0.0037340912039801,0.009261965674144,0.0817550003285172,0.0773374771711512,18.05874502637308,0.0084,0.7,10
0.0040618761543432,0.0093766166524711,0.0985048630853545,0.0831406816059044,18.28822565262928,0.0084,0.7,10
0.0041834972860222,0.0093193940509544,0.120573743802542,0.0921208616848326,18.44714748444525,0.0084,0.7,10
0.0038935509738933,0.0093135104187358,0.0912935306539721,0.0821131379265279,18.152187223940302,0.0084,0.7,10
0.0039799137604148,0.0093114266502624,0.1011264682301178,0.0866215125479911,18.257275363661662,0.0084,0.7,10
0.00384624870456,0.0092384787508551,0.0993636780535475,0.0879171952281435,18.230405784176213,0.0084,0.7,10
0.0043125700695151,0.0092778300701903,0.1403522805565354,0.0977232046781998,18.605466023865727,0.0084,0.7,10
0.0044459154583146,0.0092338923711153,0.1604910969663428,0.1015404473023088,18.731938088897437,0.0084,0.7,10
0.0049599127790614,0.009090106778645,0.228396384249851,0.1002440297547904,19.0742044188779,0.0084,0.7,10
0.0045771306895434,0.0091919230382281,0.1795764637180146,0.1035120259482183,18.8437776574217,0.0084,0.7,10
0.00470738855689,0.0091547977355334,0.19716312949568,0.1036833498310103,18.935891131158893,0.0084,0.7,10
0.0048358723706589,0.0091228232068166,0.2131168460058503,0.1023322272453838,19.010585084998784,0.0084,0.7,10
0.003807532301851,0.0019938404785543,0.003275553717067,-0.0053041599118314,19.03742295104011,0.0084,0.7,10
0.0037833346623263,0.0019645715928669,0.0019256255585244,-0.0033213652221289,19.025341116658836,0.0084,0.7,10
0.0037919155715323,0.0018913419820683,0.000951316807937594,-0.0017851776395174,19.05861662355254,0.0084,0.7,10
0.0054986574449669,0.0086948453587852,0.3366741151057578,0.0982810355008189,19.32364923715165,0.0084,0.7,10
0.0055344453149663,0.0085628423907733,0.3628754519301364,0.103443107553398,19.369116745857017,0.0084,0.7,10
0.0053684711562439,0.0087267437823607,0.3232777861477872,0.1039559602207179,19.315365494444677,0.0084,0.7,10
0.0052408124097981,0.0087587113945424,0.3096957066730086,0.1090670091859116,19.29995003811761,0.0084,0.7,10
0.0056973973677745,0.0083917159353152,0.4019546399325768,0.1024210384984967,19.40038049907432,0.0084,0.7,10
0.0055680152363976,0.0084312269876929,0.3884616075764289,0.1082810976687357,19.414883877054965,0.0084,0.7,10
0.0057271929399529,0.0082509498100853,0.4276147254940959,0.1074454420640621,19.438954801472573,0.0084,0.7,10
0.0050932674681168,0.0089224388043449,0.2692078674326293,0.1061448579816229,19.19652544699051,0.0084,0.7,10
0.0049667923990499,0.0089576434941249,0.2539024736851573,0.1093918968086072,19.156173068849117,0.0084,0.7,10
0.0051180007925231,0.0087910792680146,0.2959684845622567,0.1134114334515306,19.272621497889286,0.0084,0.7,10
0.006153768992531,0.0070677848130695,0.5832669844035304,0.1299738856663513,19.608510350443083,0.0084,0.7,10
0.0061273718980925,0.0071687009069784,0.5766156814267359,0.1280376918199391,19.58595347702692,0.0084,0.7,10
0.0060539880244665,0.0075752433760444,0.5379979428811622,0.1178505525880153,19.50548579376377,0.0084,0.7,10
0.0061252326174143,0.0072954110955939,0.5673361938276734,0.1244818193854714,19.53932973916366,0.0084,0.7,10
0.0060746954055046,0.007431205439375,0.5537323447099257,0.1220322494814037,19.538212793564483,0.0084,0.7,10
0.0058838545896732,0.007907185240079,0.4886863999464805,0.113458343901102,19.49228040004419,0.0084,0.7,10
0.0059038505328363,0.0077716139171477,0.5083203462873395,0.1177164828114525,19.521113885096117,0.0084,0.7,10
0.005923323615679,0.0076345451744293,0.5265007429490387,0.1216573885639687,19.553836962440965,0.0084,0.7,10
0.005746017676138,0.0081086038645341,0.4520013611811166,0.1127942218641896,19.475181165971325,0.0084,0.7,10
0.005759301490836,0.0079679238971523,0.4746585670066425,0.1178661822186419,19.52213912124313,0.0084,0.7,10
0.0063234584717106,0.0067879576012996,0.5965367873327868,0.1340294378210429,19.56179370829529,0.0084,0.7,10
0.0063201340409971,0.0066492359836994,0.5970356992732957,0.1368262035192111,19.62183838853897,0.0084,0.7,10
0.0061940189796465,0.0068704487836647,0.5921923488951585,0.1336555980505313,19.62757074691733,0.0084,0.7,10
0.0061200790620012,0.0069789157915427,0.5868353397848401,0.1326431911081986,19.668322095452595,0.0084,0.7,10
0.0060314688450911,0.002679826016295,0.0849297008791492,-0.0193419541587383,20.49161750735013,0.0084,0.7,10
0.0060756285495097,0.0028319410865406,0.0998032735287843,-0.0130985940857205,20.537672845536505,0.0084,0.7,10
0.0061863100183472,0.0032021798109478,0.1412203055489351,0.0060978845332344,20.617049109530083,0.0084,0.7,10
0.0061547618265418,0.0032996657199518,0.1563298606809817,0.0093919828772429,20.624412327355017,0.0084,0.7,10
0.0061321524575697,0.002983419326671,0.1153804584322431,-0.0055230012353621,20.585110187143943,0.0084,0.7,10
0.0061264335966087,0.0031175136829619,0.1325901063375871,-0.0001037423458344908,20.60088977384325,0.0084,0.7,10
0.0052964161946189,0.0020374792343462,0.0395864317669095,-0.038061363247167,20.038864854642128,0.0084,0.7,10
0.0054316643998426,0.0021529705981457,0.0476593506034241,-0.0376977847921898,20.119708210298544,0.0084,0.7,10
0.005346203194506,0.0021236349273644,0.0456285964030972,-0.0380813776831857,20.065825381045723,0.0084,0.7,10
0.0058323106958849,0.0025441830807283,0.0765873803635149,-0.0276039266018297,20.37513257112869,0.0084,0.7,10
0.0058903730392735,0.0026704855842013,0.0879470903377427,-0.0232560261063991,20.431616221009065,0.0084,0.7,10
0.0057145243937822,0.0025038513479109,0.074910113833095,-0.0308069963750196,20.320206226458527,0.0084,0.7,10
0.005571148192978,0.0023243852596393,0.0604837428657692,-0.0354260669946271,20.2194577517184,0.0084,0.7,10
0.0056004223213636,0.0024604187352325,0.0723807352626821,-0.0335635025670511,20.26352271709909,0.0084,0.7,10
0.0054592111370922,0.0022798535801346,0.0575234822104644,-0.03701674713512,20.16315995855573,0.0084,0.7,10
0.006190507780182,0.0034082400191012,0.1703658187172094,0.016377740270973,20.633054899124627,0.0084,0.7,10
0.0062201379460594,0.0035377103082078,0.188542799465703,0.0245968497360209,20.64593775947881,0.0084,0.7,10
0.0062536147110174,0.0036717949680628,0.2080567707934965,0.0337014114184939,20.65003390700913,0.0084,0.7,10
0.0064776144580724,0.0042755756795351,0.2996242416814704,0.0824786102599571,20.55906586241337,0.0084,0.7,10
0.0064061822704141,0.0041619532344574,0.28334613787342,0.0713504582381505,20.590251497526136,0.0084,0.7,10
0.0062823286871639,0.003799342935167,0.2274920292735743,0.0425721072667163,20.64276337886304,0.0084,0.7,10
0.0063542139323395,0.0040415575303016,0.2650206294497936,0.0610181326841049,20.613834733137352,0.0084,0.7,10
0.0063056511712365,0.0039262321806874,0.2477521397590156,0.0513186343523094,20.63363793424481,0.0084,0.7,10
0.0065493790089205,0.0044022811673666,0.3186506271193448,0.0943372318997517,20.513204985932138,0.0084,0.7,10
0.0065467802150526,0.0045459546407963,0.345407781782435,0.1023853271346185,20.454368711225843,0.0084,0.7,10
0.0065335846689239,0.0046741718142522,0.3697574307288347,0.1085051753575614,20.39898506896557,0.0084,0.7,10
0.0046063223895854,0.001984469689844,0.0275763120352439,-0.0308363367421413,19.69905151353669,0.0084,0.7,10
0.0051931183728977,0.0020268566668656,0.0384919280955531,-0.0378413088782494,19.982439404020656,0.0084,0.7,10
0.0050912706861505,0.0019838157580202,0.035102644944486,-0.0371043771848183,19.92768477091764,0.0084,0.7,10
0.0047207518620558,0.0019797116781621,0.0297553108848759,-0.032784545025785,19.757066085928617,0.0084,0.7,10
0.0049745776173682,0.0019586041769946,0.0324395776396599,-0.0358728118659923,19.883983902782152,0.0084,0.7,10
0.0048443911791967,0.0019557769361316,0.0305240685783292,-0.0342343502959305,19.81593729233558,0.0084,0.7,10
0.0065426107475446,0.0054349430954022,0.4981503494439698,0.1392120146443551,20.01929619426676,0.0084,0.7,10
0.0065641371725634,0.0052960893490602,0.4763091599347265,0.1365143334287947,20.081044019162004,0.0084,0.7,10
0.0064477241563147,0.0060080775686446,0.5679127562335148,0.1433639831914628,19.795325282600405,0.0084,0.7,10
0.0065207012204945,0.0055730060120404,0.5181761525066869,0.1412136560609014,19.970550459384786,0.0084,0.7,10
0.006468234540559,0.0058697771299511,0.5544500456799603,0.1432320133785884,19.84794545178133,0.0084,0.7,10
0.0064977874242298,0.0057186377443605,0.5371019935659848,0.1426350217591712,19.898686478124915,0.0084,0.7,10
0.0065168618370426,0.0048019427730522,0.3938385971028033,0.1139463435543852,20.34417278998857,0.0084,0.7,10
0.0064975815916368,0.0049335335284951,0.418127150776221,0.1189399676046575,20.28813717324311,0.0084,0.7,10
0.0064767898000926,0.0050689448632705,0.442283452322229,0.123492151779821,20.231229111061683,0.0084,0.7,10
0.0064557820012826,0.0052063095952019,0.4656468936749563,0.1275600920590109,20.17499637780853,0.0084,0.7,10
0.0063369269632756,0.0060550512018756,0.572202964221587,0.1402985520572914,19.855175430441196,0.0084,0.7,10
0.0062987061218426,0.0061474803537191,0.5790898568520678,0.1397829773255329,19.823404321812507,0.0084,0.7,10
0.0063170588166529,0.0065148416237809,0.5952317182124999,0.1387447590393945,19.67551811935988,0.0084,0.7,10
0.0063184484232626,0.0063759754315512,0.5909992230494857,0.1399802606769206,19.72040180119341,0.0084,0.7,10
0.0063187576341376,0.0062433072532149,0.584793443630574,0.140414680752167,19.783804674750854,0.0084,0.7,10
0.0038385032787696,0.002054926974943,0.0060110282722395,-0.0088224999535421,19.05488095400796,0.0084,0.7,10
0.0040288617476087,0.0020600003674003,0.0133711760544729,-0.0169796059809803,19.26313513940946,0.0084,0.7,10
0.003925974098524,0.0020558698144051,0.0093041745211829,-0.0127129450901504,19.15999575543685,0.0084,0.7,10
0.004141268907341,0.0020676419215694,0.0179425515641112,-0.0212664908309793,19.372560574591837,0.0084,0.7,10
0.0042546211261676,0.0020732758703889,0.0223312726399261,-0.0249912278077211,19.46876433882915,0.0084,0.7,10
0.0045445407486259,0.0020546475915124,0.0301856761796249,-0.0313689320283334,19.670261267272625,0.0084,0.7,10
0.0044534779575029,0.002069856285469,0.0285657512826312,-0.0298887808596594,19.59621398538509,0.0084,0.7,10
0.0043533590159918,0.0020712101198679,0.0255538745499824,-0.0275845806614358,19.539909177845093,0.0084,0.7,10
0.0032810682610652,0.009277525199959,0.014491936362035,0.0165968411163947,17.401848244333674,0.0084,0.7,10
0.0032169603484172,0.0092417844661531,0.0091458318802932,0.0103501446246731,17.411502902451087,0.0084,0.7,10
0.0033207021411696,0.0092662436503312,0.0229012917712292,0.025634719192378,17.50991215856391,0.0084,0.7,10
0.0033853866452618,0.009259257183805,0.0343698760644667,0.0374199094846237,17.604005478671795,0.0084,0.7,10
0.0034739481022975,0.0092398888335207,0.0510593015219084,0.0530631613963419,17.77340197956463,0.0084,0.7,10
0.0035740154048178,0.0092163923685072,0.0694255539829608,0.0682953523123349,17.938385337656882,0.0084,0.7,10
0.0036816594720445,0.0091901238743986,0.0885817326067151,0.0820189738234251,18.11799564059436,0.0084,0.7,10
0.0042124771198245,0.0092039049750871,0.144463350064927,0.1039002817947796,18.58465996066968,0.0084,0.7,10
0.0037913856564664,0.0091641979592953,0.1071611505362181,0.0932199621962123,18.278438629212243,0.0084,0.7,10
0.0040677090387016,0.009243667098876,0.1224741702217091,0.0969757465549757,18.43783285225379,0.0084,0.7,10
0.0039508538556214,0.0092256481188956,0.1134749192034006,0.094660552392508,18.35684231313509,0.0084,0.7,10
0.0038901772906556,0.0091510592538451,0.121217621399126,0.1002012130638955,18.39637855688152,0.0084,0.7,10
0.0032289633174234,0.0092163429554752,0.0156490704293409,0.017303358770782,17.46682417345568,0.0084,0.7,10
0.0031635445311025,0.0091806630148693,0.0099311263736946,0.0108186457778154,17.493685315619782,0.0084,0.7,10
0.0043376726647598,0.0091641860897333,0.1638076024827123,0.1082968984948485,18.728315742634862,0.0084,0.7,10
0.0044689876076587,0.0091120613569938,0.1855240478880254,0.1119601118041745,18.84968643295077,0.0084,0.7,10
0.0048517569635735,0.0089989822707689,0.2377650959381762,0.1109965260037337,19.096157529895148,0.0084,0.7,10
0.0045990171333948,0.0090692674163176,0.2047315129575491,0.1132167842807341,18.954916807488104,0.0084,0.7,10
0.0047286695059166,0.0090321446510708,0.2221642335842284,0.1126787865596931,19.03151185043075,0.0084,0.7,10
0.0037690002127089,0.0020652738796029,0.0037957593862163,-0.0058771258297311,18.96895670703753,0.0084,0.7,10
0.0037446507999514,0.0020378564375246,0.002264077402129,-0.0037262382668825,18.95086621838499,0.0084,0.7,10
0.0037550894124635,0.0019634385039712,0.0011120936563538,-0.0019898060255994,18.97767913539452,0.0084,0.7,10
0.005403799676557,0.0085939083715156,0.350080843338491,0.1094302392146268,19.36843998317088,0.0084,0.7,10
0.0054415086769451,0.0084675881379658,0.3754639094418228,0.1139067176881256,19.41706678231021,0.0084,0.7,10
0.0052749030348589,0.0086207058974616,0.3379264941693926,0.1152302048154871,19.36778966710452,0.0084,0.7,10
0.0051462434482585,0.008651746255729,0.3246638828638581,0.1203539117603721,19.35267760204512,0.0084,0.7,10
0.0055955967148003,0.0082986145092548,0.413269849108283,0.1130767480007872,19.45940112246892,0.0084,0.7,10
0.0054715783619972,0.0083440333384997,0.3994060376689863,0.1182277567672496,19.473025714318972,0.0084,0.7,10
0.0056165831567403,0.0081637986874839,0.4373198723818175,0.1178954275000962,19.50504515514469,0.0084,0.7,10
0.0049971153360105,0.008823985519523,0.2818675389703621,0.1170641984064244,19.23859099662778,0.0084,0.7,10
0.0048766479336488,0.0088617305375253,0.2663821080289215,0.1197370913917995,19.193138860910555,0.0084,0.7,10
0.005024232726576,0.0086867141531998,0.3106213714429405,0.1244026872419037,19.32683338730091,0.0084,0.7,10
0.0060592762759913,0.0070740794345125,0.5808224052184837,0.1320164874976822,19.664221667576268,0.0084,0.7,10
0.0060188399269908,0.0072020818969788,0.5716477416727638,0.1303850592038861,19.63342291051691,0.0084,0.7,10
0.0059429843993175,0.0074949697920157,0.5431033149229542,0.1252310617241755,19.58838854386461,0.0084,0.7,10
0.0059575360133207,0.0073430881774159,0.5585903876745028,0.1288824903770057,19.62106996436241,0.0084,0.7,10
0.0057761821100846,0.0078292374742681,0.4957420504526608,0.1221583778506012,19.56620405549104,0.0084,0.7,10
0.0057929148780116,0.0076906995340598,0.5151739047285532,0.1259441483787256,19.606687270418963,0.0084,0.7,10
0.0058124148872714,0.0075601154661292,0.5320192903537057,0.128863591231763,19.644353086253023,0.0084,0.7,10
0.0056343447907093,0.0080260464496542,0.4606854077603935,0.1225146969437541,19.549821774062096,0.0084,0.7,10
0.0056505801040829,0.0078898172289939,0.4824995759894868,0.1266010604209567,19.597864116136623,0.0084,0.7,10
0.0062014646063037,0.0067206658916912,0.5950522789079681,0.1361019582887399,19.682066918795755,0.0084,0.7,10
0.0061957006004908,0.0065856620488175,0.5950366284860782,0.1376128963377262,19.741208946138944,0.0084,0.7,10
0.006080680538177,0.0067827033951127,0.5925776885832476,0.1360689162844491,19.7442152464225,0.0084,0.7,10
0.0060691221386501,0.0068915010358541,0.5894131055332251,0.13488492646061,19.70939003745357,0.0084,0.7,10
0.0059968679462057,0.0069736764469888,0.5850826613789457,0.1349394295351224,19.72336866638657,0.0084,0.7,10
0.0060623017984899,0.0033688652178057,0.1707304528251925,0.0084250665800015,20.59836119140296,0.0084,0.7,10
0.005937111986908,0.0028006946017458,0.1008234281863181,-0.0183212961324109,20.471653418567687,0.0084,0.7,10
0.0059795066774504,0.0029434337572268,0.1162659351156255,-0.0123169288938198,20.52083768311007,0.0084,0.7,10
0.006059370352294,0.0032251549886676,0.1501115693129538,0.0018376076817131,20.585661758193016,0.0084,0.7,10
0.0060158260157052,0.0030827572357898,0.1325967547473833,-0.0058136492653555,20.54694551716405,0.0084,0.7,10
0.0052417659568746,0.0021567098654837,0.0478464788757569,-0.0384591880016668,20.03618339030152,0.0084,0.7,10
0.0053522310783103,0.0022307621556599,0.0538273598100043,-0.0380644161519581,20.102305834535667,0.0084,0.7,10
0.0057549659766607,0.002637419125678,0.0875998993826748,-0.0274450833354303,20.36966354759593,0.0084,0.7,10
0.0057985462391669,0.0027675060587504,0.100860828609349,-0.0233276760586121,20.41482344100999,0.0084,0.7,10
0.0056331320276541,0.0025950590185892,0.0853389833418403,-0.0310829087709931,20.3090445474414,0.0084,0.7,10
0.0054868433093535,0.002414473723201,0.0691634363686923,-0.0358699033199481,20.20433069786063,0.0084,0.7,10
0.0055163023282803,0.0025500336753986,0.0821634076737849,-0.0341660115750427,20.24878246959428,0.0084,0.7,10
0.0053740134450548,0.0023672757300454,0.0653932879617628,-0.0376368701870683,20.1421743243606,0.0084,0.7,10
0.0060910968029581,0.0035075285158477,0.1905184823746732,0.0165382706156504,20.61242820551472,0.0084,0.7,10
0.0064190293535585,0.0043732906465129,0.3209401474176183,0.0846534686030518,20.52708468996863,0.0084,0.7,10
0.0061215358661884,0.0036409076376195,0.2102336049854438,0.0249542664019649,20.61656718035117,0.0084,0.7,10
0.0061575020773387,0.0037737475444356,0.2302534841141909,0.0341067484079824,20.62143421065517,0.0084,0.7,10
0.0063300649701103,0.0042850450947245,0.3100746678427963,0.0739848722024817,20.55697087206877,0.0084,0.7,10
0.0062739479213375,0.0041525696293534,0.2895057442882093,0.0627351752185298,20.583226237614294,0.0084,0.7,10
0.0061905439590785,0.0039033936470411,0.2504782110632116,0.0432733871550226,20.616678394290712,0.0084,0.7,10
0.0062284158173964,0.0040293142137778,0.2702676548156881,0.052768159866422,20.60532779946313,0.0084,0.7,10
0.0064303573953671,0.0044803433863192,0.3398726763257942,0.0915172358542477,20.487892600535886,0.0084,0.7,10
0.0064186482375433,0.0045993976298878,0.3622371886708206,0.0973707251074107,20.44653640046681,0.0084,0.7,10
0.0064032250522157,0.0047232283991469,0.3854062802000206,0.1029383545322271,20.401373579581804,0.0084,0.7,10
0.0046502193719175,0.0021016590864763,0.0358081974719613,-0.0343252922134248,19.738550434493643,0.0084,0.7,10
0.0051205697730473,0.0021115741909215,0.0438426422422151,-0.0382084494313699,19.98152609991368,0.0084,0.7,10
0.0050242005243442,0.0020667848985825,0.0398499949060138,-0.0374665919896467,19.929049181291283,0.0084,0.7,10
0.0047899658532286,0.0020922194847117,0.038152461604129,-0.0359193588022657,19.803294039437944,0.0084,0.7,10
0.0049185029089284,0.0020873537172296,0.0399382163647537,-0.0370229152152727,19.87183062761536,0.0084,0.7,10
0.0064171957697968,0.0054828688312908,0.5082135972335527,0.1342198765770303,20.06035718289561,0.0084,0.7,10
0.006434150738268,0.0053469048335162,0.488117678994678,0.1311207531536295,20.112811251265544,0.0084,0.7,10
0.0063547983183469,0.0059454373131252,0.5629081686876881,0.1400019233203158,19.88137135390544,0.0084,0.7,10
0.0062721902702422,0.0059992071053846,0.5683441030156361,0.1379059189744926,19.92121518712037,0.0084,0.7,10
0.0063921606723897,0.0056168498272257,0.5265757631095677,0.1362225080253193,20.005929046433437,0.0084,0.7,10
0.0063198526621396,0.0055290344015831,0.5170502446137974,0.1306458126872492,20.06870094410749,0.0084,0.7,10
0.0063479162016468,0.0057870857369713,0.5472520686809926,0.137648442016405,19.954599335400548,0.0084,0.7,10
0.0063857180056485,0.0048503818853975,0.4088007748360253,0.1081878541001415,20.35492987335257,0.0084,0.7,10
0.0063661019528083,0.0049825367447462,0.4324568757460674,0.1131464881409905,20.306827214954595,0.0084,0.7,10
0.0063254995223298,0.0052562814604762,0.4782321836131755,0.1220372893827546,20.206894248227304,0.0084,0.7,10
0.0063453848273772,0.0051183210263857,0.4557990416051899,0.1177590267004567,20.25765478279111,0.0084,0.7,10
0.0062402355572928,0.006088407632445,0.5754622147700948,0.1379356322325955,19.909865975179304,0.0084,0.7,10
0.0062156928648909,0.0061905237002673,0.5821902874545167,0.1381908045979399,19.88127854720136,0.0084,0.7,10
0.0061937173657467,0.0064565497064567,0.5929533038706168,0.1383655057085428,19.797871639351182,0.0084,0.7,10
0.0062024769951334,0.006312370770873,0.5882153573293949,0.1384707423367495,19.843669109183512,0.0084,0.7,10
0.0037992447117019,0.0021285802106015,0.0070028675288035,-0.0098265995960088,18.991304676805573,0.0084,0.7,10
0.0038880594583089,0.0021320440342843,0.0108665774878342,-0.0141305246984425,19.106237769249194,0.0084,0.7,10
0.0041060221171261,0.002146774425881,0.020763087013184,-0.0231716102462831,19.338450901717952,0.0084,0.7,10
0.0039893621196723,0.0021377796513134,0.0154225810379461,-0.0185825888978705,19.22054172471702,0.0084,0.7,10
0.0042126243608023,0.002154002450335,0.025459501402417,-0.0267525194393362,19.43852900153269,0.0084,0.7,10
0.0043095415571101,0.0021516123800695,0.0289447750758847,-0.0292530015699633,19.519042681472538,0.0084,0.7,10
0.0045268625853548,0.0021544731428641,0.0362271009162954,-0.0337688007217054,19.671136639951325,0.0084,0.7,10
0.0044132002187153,0.0021557165648279,0.0327724682510566,-0.0317191516759313,19.58864325742032,0.0084,0.7,10
0.00326391449508,0.0092032960151359,0.0241668967514024,0.0261782213892861,17.592254652222124,0.0084,0.7,10
0.0033315616685931,0.0091957768520552,0.0370059478419451,0.039035328005129,17.67416144904827,0.0084,0.7,10
0.00341961024088,0.0091743012094471,0.0550442016572998,0.0555763996956026,17.83903120872523,0.0084,0.7,10
0.0035185373607685,0.0091521101553888,0.074044039162606,0.0712012596575101,18.00501374688326,0.0084,0.7,10
0.0036292683051408,0.0091190110022992,0.0959646737238201,0.0867708254146793,18.18977284690405,0.0084,0.7,10
0.0037368937108247,0.0090904254023282,0.1156201784942924,0.0986083637544206,18.34826793918976,0.0084,0.7,10
0.0042582685630072,0.0090894309718873,0.1711795522811582,0.1151126655069595,18.740427510372893,0.0084,0.7,10
0.0041370063189978,0.0091127710559626,0.1548331873752398,0.1117187906574838,18.625584177615146,0.0084,0.7,10
0.0038283439534848,0.0090737437690193,0.1300300538779109,0.1059283755974502,18.43698126703124,0.0084,0.7,10
0.0040073998659585,0.0091133887835869,0.1414586592329204,0.1088120425686686,18.53980199367148,0.0084,0.7,10
0.0039170149869227,0.0090614829980871,0.1426275226096567,0.1112152108214105,18.546126718647447,0.0084,0.7,10
0.0031757105034673,0.0091528038802775,0.0175048188785398,0.0186197230168497,17.55480483174316,0.0084,0.7,10
0.0031089663457219,0.0091205768760653,0.0107438941320475,0.0112798018098521,17.590653190789432,0.0084,0.7,10
0.0032112495547314,0.0091385856321412,0.02694231271515,0.0281053335093567,17.67481736987141,0.0084,0.7,10
0.004490743630309,0.0089703991194096,0.2156730984529234,0.1235322840734388,18.981852509729816,0.0084,0.7,10
0.0043664683943525,0.0090377790544231,0.1913735064968811,0.1194799027815276,18.87048515102751,0.0084,0.7,10
0.0042778012975978,0.0089894466072789,0.1935606124029794,0.1241920531860005,18.86980735671438,0.0084,0.7,10
0.0047530647443152,0.00889996524299,0.2500782426653867,0.1217243622037976,19.135991557507097,0.0084,0.7,10
0.0046279070676571,0.0089410969169523,0.2324835672628609,0.1226197441809333,19.06287632475787,0.0084,0.7,10
0.0037303010011892,0.0021390480399841,0.0045349100430925,-0.006707674389714,18.896812853991865,0.0084,0.7,10
0.0037068817368291,0.0021083751225231,0.0026924162958639,-0.004237697143112,18.876158697326744,0.0084,0.7,10
0.003716893521723,0.0020348194879226,0.0013029188929552,-0.002226526318641,18.897689580481327,0.0084,0.7,10
0.0053101697755784,0.0084887877814807,0.3647797365092161,0.1203401848232276,19.42708685888276,0.0084,0.7,10
0.0053722940400479,0.0083872134411546,0.3868205615684954,0.1218558739426163,19.473860049383703,0.0084,0.7,10
0.0051803694821696,0.0085041142804993,0.3551607885785438,0.1266840168452545,19.437328326521055,0.0084,0.7,10
0.0050535765782913,0.0085451180806051,0.3403798272066254,0.1310681944986866,19.41797650738605,0.0084,0.7,10
0.0054870911163209,0.0082163396026309,0.4227560445180346,0.1230839646310786,19.522255840362707,0.0084,0.7,10
0.0053607110352079,0.0082693698807038,0.4078458468098155,0.1279437615029362,19.5283207683308,0.0084,0.7,10
0.0055047840683683,0.0080822010841695,0.4464911035913905,0.1275354039811594,19.57640808657297,0.0084,0.7,10
0.0049038160399353,0.0087243279457629,0.2956842023200612,0.1276449829539312,19.292094050224676,0.0084,0.7,10
0.0047855667394414,0.0087632502084227,0.2800993908951436,0.1300289429123678,19.2358482395653,0.0084,0.7,10
0.0049295172366985,0.0085855172766859,0.32536855986628,0.1348217550402838,19.393299755678157,0.0084,0.7,10
0.0059395753631958,0.0070900683626996,0.5777927769468799,0.1345152106444403,19.73231149905144,0.0084,0.7,10
0.0058876939521169,0.0072151647641917,0.5679714266144719,0.1338544822613418,19.73538180965426,0.0084,0.7,10
0.0058359484497798,0.0074256211186094,0.5475349009977242,0.131347127104505,19.68938755720692,0.0084,0.7,10
0.005827057421526,0.0073115530084659,0.5585581660526316,0.1340181386912048,19.71670008645059,0.0084,0.7,10
0.0057287577696633,0.0074843437118365,0.5387505471523713,0.1342136699739447,19.720374175747203,0.0084,0.7,10
0.0056665962698046,0.0077481998482725,0.5036318183319001,0.1302889314151808,19.649434835993446,0.0084,0.7,10
0.0056751324754163,0.0076004997260678,0.5235477591838803,0.1338610591187452,19.69274947264594,0.0084,0.7,10
0.0055214223556361,0.0079451316630294,0.4695370895740645,0.1315488639345659,19.629555890368614,0.0084,0.7,10
0.005538602273411,0.0078132354719625,0.4905021192459799,0.1347278372996212,19.680553356441504,0.0084,0.7,10
0.0060772978933922,0.0066520346249469,0.5943247446771047,0.1371349139658108,19.801514429771093,0.0084,0.7,10
0.0060685308531429,0.0065284193762993,0.5940232246373038,0.137374382843439,19.83775005773955,0.0084,0.7,10
0.0059843101204705,0.0067250104834285,0.5930876234414216,0.1371138178077103,19.84376192928085,0.0084,0.7,10
0.0059547963695949,0.0068436065555713,0.589936873129956,0.1368469369490515,19.82419524078038,0.0084,0.7,10
0.0058760150423324,0.0069674090218505,0.5841673864395097,0.1371996760111904,19.83404776894972,0.0084,0.7,10
0.0059514365449032,0.0033217653409928,0.1686689814905758,0.0011328132611744,20.560163168716443,0.0084,0.7,10
0.0059817379889786,0.0034614288037253,0.1885428786803832,0.0087473473401593,20.582441967652915,0.0084,0.7,10
0.0058395916911732,0.002904492911252,0.11597285134369,-0.0183489684257914,20.45795489538581,0.0084,0.7,10
0.0058788841042392,0.00304370015643,0.1324616692487799,-0.0125470018414129,20.497780915006896,0.0084,0.7,10
0.005918522652388,0.0031833379182913,0.1500264735632072,-0.0059209393184524,20.53688236495637,0.0084,0.7,10
0.0051512888271645,0.0022604727778324,0.055644071240915,-0.0392662901339064,20.019207829833487,0.0084,0.7,10
0.0052604202374223,0.0023137201483097,0.0606502050860185,-0.0387845534087149,20.079362954296133,0.0084,0.7,10
0.005668771919544,0.0027302319810027,0.0994684277383741,-0.0278365471477884,20.355891145252937,0.0084,0.7,10
0.0057040500805695,0.0028665137725391,0.114870404757716,-0.0238511270398121,20.39942402007296,0.0084,0.7,10
0.0055480047315997,0.0026882197389271,0.0967136224039859,-0.0317663812667857,20.29665536409273,0.0084,0.7,10
0.0054002445224353,0.0025040808833166,0.0783854512384743,-0.0367209103793535,20.188507155116607,0.0084,0.7,10
0.0054291856538802,0.002637768511375,0.0923926422191365,-0.0352083549264491,20.237915166625967,0.0084,0.7,10
0.0052855614588424,0.0024600767820088,0.0742987074807476,-0.038666369951228,20.1179655664607,0.0084,0.7,10
0.0059766840102589,0.0036017441243209,0.2111592225946364,0.015100676200663,20.588159839240884,0.0084,0.7,10
0.0058821901511881,0.0035139669375035,0.2013518346850931,0.005934680643312,20.564386282374556,0.0084,0.7,10
0.0063188489387127,0.0044165466125639,0.3345724580529343,0.0808438899688002,20.51540855235896,0.0084,0.7,10
0.0060296822888034,0.0037474829281843,0.2326617981628399,0.0253768140422866,20.602972122572076,0.0084,0.7,10
0.0060660242922945,0.0038795767424864,0.2532678982238603,0.034516471073559,20.60197026308168,0.0084,0.7,10
0.0062267343494044,0.0043606838962248,0.3297014267574331,0.0717423950847396,20.539340872398878,0.0084,0.7,10
0.0061880974805138,0.0042546959748315,0.3127962161734958,0.063202624300867,20.562634607083087,0.0084,0.7,10
0.0061427461115616,0.0041401113937,0.2948320300117942,0.0537727486226407,20.58257028049834,0.0084,0.7,10
0.0061033917984376,0.0040120209068893,0.2743211291074452,0.044083405551262,20.596275598780064,0.0084,0.7,10
0.0063068693784139,0.0045283633348503,0.3554971583149623,0.0863491628110255,20.484235660176747,0.0084,0.7,10
0.0062903804654184,0.0046471485319198,0.3777274921515579,0.091740674289459,20.449679274384867,0.0084,0.7,10
0.0062726105856458,0.0047710553424835,0.4005616170944583,0.097069675671045,20.41246447510586,0.0084,0.7,10
0.0046027526792183,0.0022407130648986,0.0447945439226487,-0.037288940383632,19.72432135546246,0.0084,0.7,10
0.0047369679068073,0.0022200122366955,0.046479332773393,-0.0380300187627454,19.80483488911696,0.0084,0.7,10
0.0050128408381203,0.0021965673566496,0.0492519297656297,-0.038880220464523,19.9457321207689,0.0084,0.7,10
0.0048688834491786,0.0022088355883432,0.0481670865442869,-0.0386151702126378,19.87665116647385,0.0084,0.7,10
0.0062979135712354,0.0054087192684049,0.5014574997054336,0.1258996869365806,20.15794246167499,0.0084,0.7,10
0.0062320390996638,0.005511922551681,0.5174337909537075,0.1258068769572173,20.16324218693572,0.0084,0.7,10
0.0061849905561423,0.0060008397801321,0.5696429399004583,0.1353487418158434,19.98434569982156,0.0084,0.7,10
0.006241463710958,0.0059023555011392,0.560427337326907,0.1356072020682645,19.993701615027305,0.0084,0.7,10
0.0062531891284697,0.0056329174065511,0.531789912031499,0.1303382290970016,20.083845486300152,0.0084,0.7,10
0.0061979751882669,0.0057852138855113,0.5500293221786307,0.131697660054038,20.04277265295917,0.0084,0.7,10
0.0062542027385078,0.0048987190342034,0.4234984015759206,0.1022591499342468,20.37362116231261,0.0084,0.7,10
0.0062341957752982,0.0050311681826163,0.4465013955011583,0.1072524748192519,20.33309161367379,0.0084,0.7,10
0.0061912111280508,0.005300404966351,0.4898755065866417,0.1161549472217909,20.25517746357101,0.0084,0.7,10
0.0062135267376048,0.0051655418780278,0.4687771472515135,0.1119324298075162,20.291178620361816,0.0084,0.7,10
0.0061383242687634,0.006109795523582,0.5780673448481877,0.1356338806305637,19.973756432202467,0.0084,0.7,10
0.0060946763233579,0.0062292701943876,0.5852624950219075,0.1361222441342364,19.94655710130889,0.0084,0.7,10
0.0060548551762336,0.0063799527409684,0.5912657924886376,0.136801663493818,19.927430253615253,0.0084,0.7,10
0.0059616826818605,0.0064769886486853,0.5938492973156088,0.1365650301738986,19.95618853964797,0.0084,0.7,10
0.0037590252740046,0.0022015519708568,0.0081635364667534,-0.0109824163340469,18.92933175498582,0.0084,0.7,10
0.0038475236459597,0.0022068948208228,0.0125608497386835,-0.0156333907512303,19.05275865298092,0.0084,0.7,10
0.0041707799471368,0.0022355150938593,0.0290961848844126,-0.0289016653885307,19.40730823000733,0.0084,0.7,10
0.0039456674350202,0.002213997650744,0.0175515165100794,-0.0202365900956758,19.170444277437543,0.0084,0.7,10
0.004057185893078,0.0022253507106199,0.0233955462930464,-0.0249159521274779,19.29601399644722,0.0084,0.7,10
0.0042666547646394,0.0022350206632336,0.0330184418983384,-0.0313585177187116,19.4808591103353,0.0084,0.7,10
0.0043589496082111,0.00222543819198,0.0358400984797812,-0.0330464271216968,19.564063138293765,0.0084,0.7,10
0.0044610023713851,0.0022635683750046,0.042312096378208,-0.0361186182616072,19.63940307137167,0.0084,0.7,10
0.0032744790471616,0.0091353441156543,0.0389470608053663,0.0398760026245034,17.754581362317456,0.0084,0.7,10
0.0033633923500754,0.0091113820191116,0.0587623750588632,0.0576775333954328,17.9178782734927,0.0084,0.7,10
0.003465217496399,0.0090827841015385,0.0805715764624804,0.0752257483089127,18.08437329523173,0.0084,0.7,10
0.0035728855997601,0.0090516621471986,0.1026987178954075,0.09079844640906,18.272934205894185,0.0084,0.7,10
0.0036833769081427,0.0090178297839868,0.1247050441511628,0.1040325377631533,18.432085067933627,0.0084,0.7,10
0.0037791324177092,0.008997805826104,0.1408230479613968,0.1122520898760721,18.538842353601208,0.0084,0.7,10
0.0041847459775415,0.0090028033715352,0.18219706990799,0.1228375101575018,18.81284661586395,0.0084,0.7,10
0.0040915239159654,0.009023354607928,0.1688440519159635,0.1198150968402189,18.720747807869,0.0084,0.7,10
0.0038764905855654,0.0089791175118641,0.1560781228672113,0.1187572297577524,18.65884180348911,0.0084,0.7,10
0.0039975224969904,0.0089757320692017,0.1696387717660504,0.1228922929492605,18.72699222826221,0.0084,0.7,10
0.0031196065018899,0.0090913600773089,0.0189501316499324,0.0194192950846294,17.658116921756193,0.0084,0.7,10
0.0030532450959332,0.0090615490716354,0.0115781949178868,0.0117164150835006,17.691843092973343,0.0084,0.7,10
0.0031557411062246,0.0090762144058535,0.0293552844153605,0.0295189705189075,17.77830211415335,0.0084,0.7,10
0.0032231684120077,0.009069442821344,0.0435708248027536,0.0429551747600427,17.850764171899836,0.0084,0.7,10
0.0045500253836803,0.0088684594792371,0.241518927149217,0.1302174899293119,19.114985821197735,0.0084,0.7,10
0.0044628190818123,0.0088568094742448,0.2372370782872025,0.1331415496430568,19.07620531125845,0.0084,0.7,10
0.0043632888542415,0.0089029711150598,0.2192661057629176,0.1310582240274574,19.00547030815201,0.0084,0.7,10
0.0042414909328071,0.008897876704259,0.2099829521401555,0.1324427685671217,18.95853858609362,0.0084,0.7,10
0.0046478404971985,0.0088025867143707,0.2624617484882505,0.1322667110320197,19.19443419917668,0.0084,0.7,10
0.0036890727966382,0.0022088796964422,0.0052245819242905,-0.0074319896318868,18.82831030531453,0.0084,0.7,10
0.0037173854344976,0.0022737911155136,0.0094833375323743,-0.012258715213519,18.86835878595916,0.0084,0.7,10
0.003667524498588,0.0021783660161576,0.0031851976001914,-0.0048063139998171,18.804178304775107,0.0084,0.7,10
0.0036773419239836,0.0021054588888656,0.0015250550328701,-0.0024939198255758,18.816440271921763,0.0084,0.7,10
0.0052377652930646,0.0083569628584125,0.3861097165338354,0.130846646810381,19.51281349441604,0.0084,0.7,10
0.0050856337462558,0.0083991708472153,0.3708189709975107,0.1369055853592558,19.510558261392305,0.0084,0.7,10
0.0049554628667165,0.0084434456450339,0.3555901117424536,0.1412381434560801,19.490407720349456,0.0084,0.7,10
0.005374650239482,0.0081387360355694,0.4317824057165229,0.1325404416139594,19.590920674418676,0.0084,0.7,10
0.0052467306477484,0.0081988939124002,0.4159722796498877,0.1371385377875015,19.59830995962268,0.0084,0.7,10
0.0053946127310468,0.0080031540914919,0.4558509502750679,0.136324909930488,19.65115740935716,0.0084,0.7,10
0.0048100032604949,0.0086250970637374,0.3102226633940593,0.137809764109943,19.366922714010087,0.0084,0.7,10
0.0047078111313598,0.0086792051052747,0.2925017202829666,0.1384792025426546,19.307303187908083,0.0084,0.7,10
0.0048300121056154,0.0084884009426354,0.3398350848941656,0.1447359146971498,19.46114370032475,0.0084,0.7,10
0.0048582862239278,0.008350978517271,0.3698025449303134,0.1503129110703207,19.56954428953692,0.0084,0.7,10
0.0058106500582711,0.0070969832737644,0.5757622174154767,0.137487792457309,19.830308950460104,0.0084,0.7,10
0.0057492611250005,0.0072200975945509,0.5656243021599185,0.1378553902104663,19.812739245039864,0.0084,0.7,10
0.0057040258349162,0.0073620520777819,0.5516035305257825,0.1374353861765634,19.788817598607316,0.0084,0.7,10
0.0056162675701381,0.0074734323410438,0.5378715931524534,0.138898976200485,19.814481949267627,0.0084,0.7,10
0.0055554022600756,0.0076798854998061,0.5101508755933173,0.1374208395734372,19.745246385344817,0.0084,0.7,10
0.0055535736933068,0.007566821681052,0.5252291086932445,0.139827952757278,19.78139496468592,0.0084,0.7,10
0.0054056101679199,0.007856335650643,0.4801694099961229,0.140213973189629,19.714829836566956,0.0084,0.7,10
0.0054557115147037,0.0077412025338443,0.4990602434248944,0.1406299514411343,19.75480945141091,0.0084,0.7,10
0.005942077395355,0.0066068636029521,0.5944611967795045,0.1372340510474494,19.913893732154964,0.0084,0.7,10
0.0058668136452352,0.0067323447043633,0.5929225213332311,0.1378687399935151,19.93599463891868,0.0084,0.7,10
0.0057375309055194,0.0069797751505253,0.5828835183747979,0.1396296559370508,19.91942282954191,0.0084,0.7,10
0.0058046729701247,0.0068554400820474,0.5890716515046083,0.138623788200612,19.917904636521765,0.0084,0.7,10
0.005055481003297,0.0023257864532283,0.0605696282778464,-0.0401617978595516,19.99583807970381,0.0084,0.7,10
0.0058241919264171,0.0032814182036484,0.1677555132133174,-0.006433615236111,20.519194671676452,0.0084,0.7,10
0.0058618740909557,0.0034076914888387,0.1854507156624497,0.000343991462488188,20.549311829696588,0.0084,0.7,10
0.0057391438739216,0.0030044910297084,0.1316016871232843,-0.019068549671689,20.4418679316708,0.0084,0.7,10
0.0057801108794263,0.0031438226820168,0.1493883042937847,-0.0132119102006832,20.47900383948846,0.0084,0.7,10
0.0051539401194405,0.0024137997540509,0.0694431817159147,-0.0401317764709805,20.06506278401835,0.0084,0.7,10
0.0056039659135963,0.0029608648627844,0.1292013487706893,-0.0251614828124683,20.37962952501309,0.0084,0.7,10
0.0055740657471815,0.0028268545221593,0.1126733677591962,-0.028799020897268,20.34336419959104,0.0084,0.7,10
0.0054594849705769,0.0027764652885125,0.1082205738772501,-0.0330062267011465,20.288455319093284,0.0084,0.7,10
0.0053096459284512,0.0025943115461438,0.0883238399680257,-0.0379754112356518,20.184924795026465,0.0084,0.7,10
0.0053414314871841,0.0027134999587152,0.1017974927023366,-0.0367367631089663,20.210467373634252,0.0084,0.7,10
0.0052100665549173,0.0025417829209562,0.0826651600686445,-0.0398268324488969,20.12887901858678,0.0084,0.7,10
0.0057789406193288,0.0035018527812996,0.2037677648987015,-0.00010809119678271142,20.529920661797437,0.0084,0.7,10
0.0058358590655932,0.0036161444105113,0.2200832725632454,0.0079272704768009,20.567349451369346,0.0084,0.7,10
0.0058946838882254,0.0037247202310217,0.2355600121893128,0.0163602531108443,20.57865058637745,0.0084,0.7,10
0.0062024212201923,0.0044573014568937,0.3484971006067183,0.0756042680624652,20.517008116774083,0.0084,0.7,10
0.0059376977224157,0.003854094967816,0.2556056318064905,0.0253658007576184,20.587197618643675,0.0084,0.7,10
0.0059773103083699,0.0039866920215435,0.2767366741522885,0.0347680476349506,20.58917533714877,0.0084,0.7,10
0.0061214831315754,0.0043654443963277,0.3365046572805817,0.0651173469451737,20.5441697000964,0.0084,0.7,10
0.0060625187402537,0.004249350669787,0.3189214752461373,0.0547096140231382,20.566479900864262,0.0084,0.7,10
0.0060182828991262,0.004119329721922,0.2980707738514763,0.044595322542476,20.582030755472065,0.0084,0.7,10
0.0061807564088702,0.0045709543844042,0.3700643130299974,0.0804567119685398,20.49081059243286,0.0084,0.7,10
0.0061597645048503,0.0046929464274743,0.392776496925523,0.085645544842906,20.46257655000008,0.0084,0.7,10
0.0061406649975687,0.0048184088452228,0.4154999062767118,0.090949783079943,20.432143906942496,0.0084,0.7,10
0.0045556652470878,0.0023575339190936,0.0534203414467574,-0.0402481983294877,19.73656834896112,0.0084,0.7,10
0.0046823845512549,0.0023444534482628,0.0557672143924249,-0.0406523185559953,19.80059666652497,0.0084,0.7,10
0.0048125745804976,0.0023329086472094,0.0576423975138644,-0.0407311177760268,19.870794775966544,0.0084,0.7,10
0.0049423653395781,0.0023240368188178,0.059043074594098,-0.040522766953842,19.926544359300195,0.0084,0.7,10
0.0061614159302717,0.0054327983022668,0.5094706730921476,0.1195129934087697,20.217127352210948,0.0084,0.7,10
0.0061344553008607,0.0055604579687799,0.5266474123422872,0.1226314651266675,20.1821470726946,0.0084,0.7,10
0.0060785931198617,0.0060092907429658,0.5721627619017249,0.1323554348899773,20.036391356838013,0.0084,0.7,10
0.0061387584514429,0.0058955073291429,0.5617651698929135,0.1319141561069647,20.05749855125765,0.0084,0.7,10
0.0061118624257306,0.0056909013356072,0.5422573481463213,0.1256341130374497,20.15459506970051,0.0084,0.7,10
0.0060946612112045,0.0058025160037752,0.5542311899974801,0.1280587351029876,20.10181905111549,0.0084,0.7,10
0.0061220050427253,0.0049469114036952,0.4380224082319266,0.0962146761417107,20.400382673505423,0.0084,0.7,10
0.006101919888212,0.0050790681339861,0.460290922688721,0.101315260957439,20.3674383580982,0.0084,0.7,10
0.0060571358134031,0.0053460813800135,0.5017585781948086,0.1105317079544847,20.30364895622537,0.0084,0.7,10
0.0060806255687186,0.0052125046522744,0.4816476604904038,0.1061222901923305,20.33561194921815,0.0084,0.7,10
0.0060033415252966,0.0061212792127827,0.5809574353027144,0.1325057768640292,20.0489113070693,0.0084,0.7,10
0.005964260117208,0.006256418013391,0.5881425153314054,0.133985267798919,20.03945902859636,0.0084,0.7,10
0.0059076366278378,0.006373606241616,0.5926642372039783,0.1348877660237789,20.01587447656108,0.0084,0.7,10
0.0058482128514103,0.0064971422992903,0.5951898948482489,0.1360687650248931,20.035639442618447,0.0084,0.7,10
0.0038054175454121,0.0022808562945435,0.0144567412362026,-0.017291433356886,19.001571544970822,0.0084,0.7,10
0.0039046592272863,0.0022886030192461,0.0200860218823709,-0.0222196460615774,19.128289342783408,0.0084,0.7,10
0.0042248847559461,0.0023187546914746,0.0377206451321597,-0.0338827884336714,19.475771934588327,0.0084,0.7,10
0.0041270413021372,0.002316178591062,0.0330920986106964,-0.0312783100201815,19.379773624083757,0.0084,0.7,10
0.00401581911412,0.0023046210451014,0.0268273856897025,-0.027272705033353,19.26388237236461,0.0084,0.7,10
0.0037620125362926,0.0023536562628875,0.0165652325398141,-0.0190933322533779,18.951279284605015,0.0084,0.7,10
0.0043417830936604,0.0023265429693833,0.0431514833237975,-0.0365100937094411,19.571423597824595,0.0084,0.7,10
0.0044447395608126,0.002374984456687,0.0513522793354124,-0.039758540193304,19.653753601974465,0.0084,0.7,10
0.0033073253124018,0.0090477048542242,0.0631772181739755,0.0601270751681265,18.00998136654484,0.0084,0.7,10
0.0034081113128194,0.0090180220986154,0.0862625920472895,0.0783533516267772,18.177581572928933,0.0084,0.7,10
0.0035199446273506,0.0089762136298597,0.1124893376683907,0.0964096371778059,18.374567216318635,0.0084,0.7,10
0.0036280953035482,0.0089468843180923,0.1339809467447406,0.1091805989469491,18.52800327701992,0.0084,0.7,10
0.0037255677065623,0.0089236503172716,0.1515764900481563,0.1181723640055106,18.627866126372552,0.0084,0.7,10
0.0038246142702757,0.00890157727784,0.1681913710983061,0.12531634595018,18.73576416001166,0.0084,0.7,10
0.004120492078783,0.0089025110085932,0.1979644465359033,0.1319212161096546,18.90108713397204,0.0084,0.7,10
0.0039270996946384,0.0088817078807895,0.1838144826259664,0.130736069832457,18.806554921478156,0.0084,0.7,10
0.0040230159156625,0.0088586185957289,0.198763945089188,0.1349151118513807,18.90855263026968,0.0084,0.7,10
0.0030632910349907,0.0090340527913271,0.0199519809417126,0.0197436721486385,17.75902979455535,0.0084,0.7,10
0.0029964015302573,0.009003601161872,0.0124454089572862,0.0121298429749549,17.80553954852977,0.0084,0.7,10
0.0030982597713149,0.0090173957784991,0.0311420071287849,0.0302576803416319,17.88338639758012,0.0084,0.7,10
0.0031665094824177,0.0090083693619445,0.0468319950121853,0.0446131237963675,17.9567259618093,0.0084,0.7,10
0.0032519911758337,0.0089867627590811,0.0677382293917231,0.0624894954330364,18.10376606719367,0.0084,0.7,10
0.0045208614049972,0.0087714253555128,0.2599831174509077,0.1382201811116513,19.19448039627309,0.0084,0.7,10
0.0044016581591328,0.0087810032541743,0.2489814644041404,0.1402339796869579,19.161921081791235,0.0084,0.7,10
0.00430204145007,0.0087874829127568,0.2396702939305111,0.141293156508197,19.12616412540316,0.0084,0.7,10
0.0042008646020776,0.0088020519790279,0.2279730541152433,0.1408705907609815,19.061149750581844,0.0084,0.7,10
0.0045914624730156,0.0086613978298148,0.2887124688729873,0.1437876079273725,19.30983636267719,0.0084,0.7,10
0.00367329220695,0.0023444078705684,0.0108645049671544,-0.013546686944081,18.8099166858684,0.0084,0.7,10
0.0036460856608646,0.0022782675725197,0.0059949228157843,-0.0082137301727809,18.76075337979072,0.0084,0.7,10
0.0036251281647771,0.0022483664860119,0.0037010510333065,-0.0053649127153966,18.73185908323764,0.0084,0.7,10
0.0036364484355549,0.0021753303766844,0.0017796438660559,-0.0027909858869518,18.738826534791684,0.0084,0.7,10
0.0051084483412617,0.0082511898537536,0.4005303901881145,0.142341983997033,19.596615255836134,0.0084,0.7,10
0.0049795039084245,0.0083004092096391,0.3854957995606059,0.1467775810207982,19.59270642543777,0.0084,0.7,10
0.0052683996272073,0.0080620477417488,0.4414567987816122,0.1410248214613352,19.6713320761433,0.0084,0.7,10
0.0051325140690444,0.0081147941652649,0.4272514452560627,0.1462588016393851,19.674893138540487,0.0084,0.7,10
0.0052847799898907,0.0079338747428094,0.4641283759418276,0.1441308449678948,19.73614551625364,0.0084,0.7,10
0.004687253423296,0.0085396114309334,0.3210438636070744,0.1479113757115708,19.430081102953803,0.0084,0.7,10
0.0047377838846124,0.0083870051287595,0.3564999210604874,0.153962331410091,19.557239038170675,0.0084,0.7,10
0.0048710455391521,0.0082220866432451,0.3967876966151306,0.155225611003267,19.68507033287564,0.0084,0.7,10
0.0047766725437942,0.0082752755709416,0.3819502469803237,0.1573224662956486,19.649714108400534,0.0084,0.7,10
0.0056744980855851,0.0071100884053131,0.5739540677245597,0.1406929705573479,19.90723949166087,0.0084,0.7,10
0.0056167091744818,0.0072391029835913,0.5626787830618669,0.1416136036932373,19.895977208585805,0.0084,0.7,10
0.0055546340479249,0.0073581893157948,0.5501393087669665,0.1426560732209882,19.879098502323213,0.0084,0.7,10
0.0052808885952459,0.0078195834088901,0.4829483730213608,0.1471945063354703,19.794448893079995,0.0084,0.7,10
0.0054783075893447,0.0074738978856832,0.5359226673672072,0.1442895362997109,19.87341238234492,0.0084,0.7,10
0.0054286699796823,0.0076143222717998,0.5167642090811485,0.1444031926006609,19.836168307324726,0.0084,0.7,10
0.0053451525627735,0.0077300662678105,0.4983699053203906,0.1460579058776036,19.83376459695944,0.0084,0.7,10
0.0057934124137594,0.0066195787533568,0.595406973933814,0.1373207594189834,20.017446031687523,0.0084,0.7,10
0.0056003328715456,0.0069928055125936,0.5823403471040499,0.1422119955303083,20.01078722775826,0.0084,0.7,10
0.0057285792608318,0.0067427129108653,0.5934525630712942,0.1387830460016481,20.021846149508377,0.0084,0.7,10
0.0056643025972632,0.0068667921490835,0.5891378601806069,0.1404249836334198,20.017408382340445,0.0084,0.7,10
0.0050169666155215,0.0024341150541727,0.0703796688008577,-0.041515188595225,20.009413732348325,0.0084,0.7,10
0.0056850589202815,0.0032441997548552,0.1670164586346257,-0.0141538297998081,20.47973799585869,0.0084,0.7,10
0.0057296390806906,0.0033757001381982,0.1856021338469171,-0.0075345685784362,20.503797278918963,0.0084,0.7,10
0.0056281686705514,0.0031073767849093,0.1487333911739514,-0.0206486753622349,20.429547388475036,0.0084,0.7,10
0.0055710852809984,0.0032173695504386,0.166335496837918,-0.0201837750985727,20.4346525689848,0.0084,0.7,10
0.0055193162985999,0.0030391801477925,0.1417322337537844,-0.0266331400777968,20.38131885260008,0.0084,0.7,10
0.0050977964447581,0.0025606442805257,0.0842906448671129,-0.0416862131106114,20.06368890340489,0.0084,0.7,10
0.0054589390243959,0.0029205503977065,0.1265713550672643,-0.0309750187547409,20.321638260104475,0.0084,0.7,10
0.0053669211855233,0.0028282149535519,0.115760149470726,-0.0351018924188887,20.276873110936748,0.0084,0.7,10
0.0052749400490856,0.0028005728592469,0.1129183585328503,-0.037939385135228,20.210402573318024,0.0084,0.7,10
0.0051896416134872,0.0026902581024964,0.0994504701716657,-0.0404063592385981,20.155017499974928,0.0084,0.7,10
0.0056506326197612,0.0034795591952323,0.2050852570930566,-0.0079039682236708,20.50911092174152,0.0084,0.7,10
0.0057160297822936,0.0035929817847844,0.2213413904832486,0.0001117500268925968,20.534976373470787,0.0084,0.7,10
0.0057611394219394,0.0037106528706641,0.2393543941634805,0.0077904891461462,20.567523429066657,0.0084,0.7,10
0.0058001694232297,0.0038314043264301,0.2584561929478337,0.0157438562569568,20.571155762727614,0.0084,0.7,10
0.0060773046874369,0.0044871436334962,0.360800655257007,0.0689471982641957,20.525979540625944,0.0084,0.7,10
0.0058484221978826,0.0039617622857696,0.2790411327396428,0.0252211454789862,20.583412961411955,0.0084,0.7,10
0.0058900299454477,0.0040933460666112,0.3003500635696531,0.0347766604984609,20.5826627523428,0.0084,0.7,10
0.0059742946354293,0.004382529456705,0.347774309930721,0.0561917577706645,20.55577911729197,0.0084,0.7,10
0.0059316109127032,0.0042288743989155,0.3224652269166698,0.0448456086434381,20.573928520551416,0.0084,0.7,10
0.0060476769043342,0.0046136808389565,0.38489102692548,0.073901779888711,20.50505719113684,0.0084,0.7,10
0.0060265048816386,0.0047392219668402,0.4079121101892726,0.0792556713695601,20.48313724311768,0.0084,0.7,10
0.0060078929945137,0.0048664951107066,0.4304816843941532,0.0847426715661518,20.45930711601203,0.0084,0.7,10
0.0044933306802951,0.0024719595648442,0.062540507648257,-0.0435932645082038,19.709485834725477,0.0084,0.7,10
0.0046267461521119,0.0024622670729396,0.0656940568487374,-0.0436450137536768,19.798005976829334,0.0084,0.7,10
0.0047571346743659,0.0024541647731253,0.0681285237771851,-0.0433213167270419,19.87306793250406,0.0084,0.7,10
0.0048873491958008,0.0024461803903814,0.0698247368976704,-0.042614654676495,19.939954699731388,0.0084,0.7,10
0.0060331888275379,0.0054784753937489,0.5201918061296379,0.1145834021349398,20.26767527777197,0.0084,0.7,10
0.0059708494332434,0.0060058885751707,0.5743390852410636,0.1290336731123553,20.12884483132401,0.0084,0.7,10
0.0060108361552399,0.0056130539897098,0.5370435275168899,0.1185091328068305,20.24570164828447,0.0084,0.7,10
0.0060099796305469,0.0058928479526644,0.56464569687509,0.1273548721512852,20.13599990549054,0.0084,0.7,10
0.0059937615225596,0.005753182597735,0.5524267319473459,0.1225519171589634,20.204364860280396,0.0084,0.7,10
0.0059272985937956,0.0053930773032532,0.5136518583836535,0.1054323694532888,20.35419829960502,0.0084,0.7,10
0.0059895761665535,0.0049949883317856,0.4524377486669571,0.0901582856469973,20.43449478801452,0.0084,0.7,10
0.0059699622511534,0.0051263694785741,0.4739013226674154,0.0954587304101184,20.40889769317134,0.0084,0.7,10
0.0059489996666337,0.0052593690285095,0.4944309896637095,0.1005577870426258,20.382319921789044,0.0084,0.7,10
0.0058841107718493,0.0060649952834074,0.5803892200849602,0.1280280165953867,20.143819104710445,0.0084,0.7,10
0.0058912474848066,0.0061696656018417,0.5857421675615457,0.1307913218147166,20.12552101808496,0.0084,0.7,10
0.005833790015443,0.0062646932876366,0.5909164041321361,0.1317932438345,20.116490139317264,0.0084,0.7,10
0.0057724142406884,0.0063834978311085,0.5952504239845077,0.133459167863884,20.12330891856243,0.0084,0.7,10
0.005713230048562,0.0065058970003866,0.5973699912390033,0.1354204243546113,20.12513796434551,0.0084,0.7,10
0.0038599965317841,0.0023636575818929,0.0228608814837071,-0.0243583358943377,19.085931187429832,0.0084,0.7,10
0.0039704919795615,0.002379527725051,0.0302089090428355,-0.0295953236177202,19.22988312245302,0.0084,0.7,10
0.0042679289004507,0.0023994655155866,0.0466322861789205,-0.0382427777829191,19.52370968848561,0.0084,0.7,10
0.0041772309725666,0.0024016724336778,0.0426874929949271,-0.0365549236802433,19.43024870631068,0.0084,0.7,10
0.004082084611049,0.0023952388142753,0.0374330450390439,-0.0339126258069146,19.35541309332619,0.0084,0.7,10
0.0037164286304194,0.0024248444008788,0.0188013455991456,-0.020956252291528,18.904497005843407,0.0084,0.7,10
0.0038148207481332,0.0024369963476663,0.0259117265555995,-0.0266731379793129,19.047096090061142,0.0084,0.7,10
0.0043601001388444,0.0024586900803723,0.0561324967737896,-0.042025863322273,19.623251387971923,0.0084,0.7,10
0.0033474067020257,0.00895293825976,0.0920884643976241,0.0812669911231069,18.2754275325377,0.0084,0.7,10
0.0034587871021811,0.0089146990189865,0.1186215430155284,0.0993899945492678,18.463764474662003,0.0084,0.7,10
0.0035693747858586,0.0088786199850571,0.1429873353321027,0.1138339418607137,18.62404094961989,0.0084,0.7,10
0.0036698446870985,0.0088520786449651,0.1623022064678018,0.1236805244018402,18.730634938918005,0.0084,0.7,10
0.0037685417702931,0.0088254709193535,0.1803976302237024,0.1315384673123276,18.8432607401077,0.0084,0.7,10
0.0038709523303839,0.0088015539966074,0.1972614735004631,0.137537543797475,18.919272454128443,0.0084,0.7,10
0.0040970437673424,0.0087600706598583,0.2287537821791235,0.1447386793728458,19.075695836857538,0.0084,0.7,10
0.0039729062336072,0.0087730995548677,0.2142941056013241,0.1424351127185771,19.02678041126913,0.0084,0.7,10
0.0030064431537505,0.0089772076965177,0.0212097065749192,0.0202501481947109,17.866743374827625,0.0084,0.7,10
0.0029384570284214,0.0089467540618637,0.0133540342962991,0.0125314130476918,17.935239722661237,0.0084,0.7,10
0.0030375805090862,0.0089618195186456,0.0319471613431409,0.0300178379340421,17.99052256842467,0.0084,0.7,10
0.0031045876528613,0.0089520369994742,0.0484700758086676,0.0447669689526517,18.06494513422504,0.0084,0.7,10
0.0031939009124354,0.0089253887493525,0.0725443338991755,0.0647852682153991,18.216743864251217,0.0084,0.7,10
0.0032923266202377,0.0088925231957763,0.0983461795525614,0.084306920599365,18.389793545508866,0.0084,0.7,10
0.0029481824433263,0.008918543130271,0.023218344630902,0.0213335907423566,17.999851114422043,0.0084,0.7,10
0.0028794327812097,0.0088910287847132,0.0142914060090139,0.0129150038545371,18.06889056026653,0.0084,0.7,10
0.0044713877884833,0.0086582971495892,0.2813364509260233,0.1475603673963092,19.297367817948643,0.0084,0.7,10
0.0043489898157374,0.0086666215918555,0.2707725249471949,0.1498091347264975,19.26397851765648,0.0084,0.7,10
0.0042200541705564,0.0086784620244584,0.2583581111291828,0.150973190481151,19.215827001626327,0.0084,0.7,10
0.0045445337897211,0.0085327705724623,0.3141233772609377,0.1534307303280995,19.43114417229276,0.0084,0.7,10
0.0036279409070286,0.002414054180916,0.0123961312294034,-0.0149344514344049,18.75516266922251,0.0084,0.7,10
0.0036019350481621,0.0023475041581347,0.0068948973747323,-0.0091048171787823,18.69661138269529,0.0084,0.7,10
0.0035808810608475,0.0023181709433352,0.0042837440203253,-0.005971634276729,18.6616516746452,0.0084,0.7,10
0.0035942280527576,0.0022444081454906,0.0020698545981371,-0.003116591745678,18.660991359287404,0.0084,0.7,10
0.0049903534388042,0.0081491316240074,0.4157476471301402,0.1522211288466313,19.688056364686023,0.0084,0.7,10
0.0051566794715002,0.0079777666740398,0.4529377985512983,0.1493767806923002,19.76618676824378,0.0084,0.7,10
0.0050500118403894,0.0080326454097094,0.4398859900862171,0.1530172904507216,19.75459318876505,0.0084,0.7,10
0.005174753287357,0.0078544384303313,0.4748351680756495,0.1515313749754769,19.82578745665057,0.0084,0.7,10
0.0048697877092893,0.0081089320463523,0.4195934680540875,0.1592854218009441,19.759953026048507,0.0084,0.7,10
0.0046090029070348,0.008400640442869,0.3470946273458674,0.1584909332250754,19.555652522175038,0.0084,0.7,10
0.0046663342291845,0.0082669062543912,0.379104064829264,0.1624675400079616,19.67803211783772,0.0084,0.7,10
0.0047499128752322,0.0081494012857923,0.4073450358364098,0.1634091803898264,19.76286902004621,0.0084,0.7,10
0.0055380265033609,0.0071198120934319,0.5730644475810603,0.144022875224502,19.99990237926175,0.0084,0.7,10
0.0054772360876982,0.0072434241352009,0.5617445953619303,0.1457688769386576,19.983992460474983,0.0084,0.7,10
0.0054104804685292,0.007366235778454,0.5483030076659946,0.1476301653406884,19.9634111102765,0.0084,0.7,10
0.0052180737438895,0.0077334354949814,0.4955978716586005,0.1517929583469149,19.88439837282132,0.0084,0.7,10
0.0053463354984058,0.0074916559776872,0.5323405223914895,0.1492601056401706,19.94398875609945,0.0084,0.7,10
0.0052820415788605,0.0076155031912125,0.5144911938304134,0.1506344814173674,19.912652468103133,0.0084,0.7,10
0.0056524028929763,0.0066291598025448,0.5972641941289782,0.1375503703541476,20.120809919399477,0.0084,0.7,10
0.0054620822796603,0.0070030160533983,0.5827209291209817,0.1449317574390936,20.104794152733533,0.0084,0.7,10
0.0055255568579789,0.0068773492237265,0.5900326515766362,0.1423527674260475,20.11382842043678,0.0084,0.7,10
0.0055891150351479,0.0067527476400143,0.5948569687099908,0.1398709392125307,20.11949692450861,0.0084,0.7,10
0.0049641805023158,0.0025644088149801,0.0834834450529043,-0.0435893428631567,20.015779123944128,0.0084,0.7,10
0.0055771363080504,0.0033394794108562,0.1850021485701622,-0.0164065845817673,20.462050989382487,0.0084,0.7,10
0.0054984601044199,0.0031416548898213,0.156879972154943,-0.0252698750201438,20.40493403841633,0.0084,0.7,10
0.0054666024089579,0.0032541369182023,0.1746440229337311,-0.0241457135843029,20.421990483355334,0.0084,0.7,10
0.0054023861897264,0.0030544955671015,0.1460381292345288,-0.0309485940954691,20.33571454645664,0.0084,0.7,10
0.0050434189907661,0.0026686018107049,0.0963442657804978,-0.0433465013693221,20.089608742736527,0.0084,0.7,10
0.0052998116512788,0.0029292847200707,0.1297459718586029,-0.0362728080776398,20.27175279526102,0.0084,0.7,10
0.005176872987422,0.00284158601944,0.1185456593217152,-0.0406320847949969,20.196709486049883,0.0084,0.7,10
0.0050863599623926,0.0027724768901549,0.109519707191523,-0.0429379311184251,20.13628980928217,0.0084,0.7,10
0.0056559500567162,0.003677519850505,0.238164995170824,6.467353882841545e-05,20.540252237038093,0.0084,0.7,10
0.0055131606877713,0.0034779414991948,0.2094643571109987,-0.0154746865113494,20.47614916304109,0.0084,0.7,10
0.0055912466367723,0.0035870377307849,0.2251864089618186,-0.0073025041619395,20.51676495218329,0.0084,0.7,10
0.0056562416147627,0.0038005844772884,0.259644888978475,0.0053044042953721,20.557341914738576,0.0084,0.7,10
0.0057221259079178,0.0039384161699671,0.2811249749632991,0.0158779433170365,20.57573711959533,0.0084,0.7,10
0.0059489298261437,0.0045325345915065,0.3759693491928098,0.0627398842821272,20.538801563338776,0.0084,0.7,10
0.0058505055727918,0.0044573241077183,0.3679989588969111,0.0518043481648089,20.56383302462326,0.0084,0.7,10
0.0057631955087252,0.0040666130382044,0.3021304897856809,0.0249376311264964,20.58563384793194,0.0084,0.7,10
0.0058013578427434,0.0041968049355082,0.32368197087599,0.0342872103326383,20.581184796570565,0.0084,0.7,10
0.0058434510979254,0.0043312967379335,0.3457379697976958,0.0444092884260019,20.574844361757943,0.0084,0.7,10
0.0057619754713729,0.0044023185096516,0.3629786752688095,0.04260724175574,20.58203025921877,0.0084,0.7,10
0.00591398633295,0.0046653793228863,0.4012352719482017,0.0676453526314969,20.52571690635082,0.0084,0.7,10
0.0058921430469061,0.0047878976774762,0.4234465554969584,0.0728446423577304,20.51098433741884,0.0084,0.7,10
0.0058748861020189,0.004914627030662,0.4454379545074327,0.0785238866819187,20.4940480374671,0.0084,0.7,10
0.0044392249308547,0.0025753959984735,0.0719166702409246,-0.047099770879516,19.719271435564995,0.0084,0.7,10
0.0045711995001478,0.0025732114558707,0.0761537846387859,-0.0469787927279597,19.7974475153934,0.0084,0.7,10
0.004700551525518,0.0025723141278479,0.0795929692887356,-0.0463333473979996,19.878432008869723,0.0084,0.7,10
0.0048308741756268,0.0025674485871792,0.0818081167602062,-0.0451566962562242,19.950476792073005,0.0084,0.7,10
0.0059057148029459,0.0055292221636175,0.5315000682007405,0.1101768057817085,20.32747103183309,0.0084,0.7,10
0.0058777221036918,0.0059400206022222,0.5722612187876378,0.1241931619762037,20.21927474687793,0.0084,0.7,10
0.005887422062287,0.0056686659711071,0.5476743410629532,0.1149797406494835,20.29558425771501,0.0084,0.7,10
0.0058782031567405,0.0058109355230597,0.5616673956268197,0.1199110333533143,20.247730976074777,0.0084,0.7,10
0.0057981847118745,0.0054418103949308,0.5257711805931734,0.1007401052733855,20.4107024694916,0.0084,0.7,10
0.0058190324926075,0.005306410220127,0.5072055941315088,0.0953196133710474,20.43343388050905,0.0084,0.7,10
0.0058576821824815,0.0050424963276838,0.4667182665373642,0.0841873341482119,20.475882567303856,0.0084,0.7,10
0.0058391368251883,0.0051732648416612,0.4874130547021353,0.0898064455886126,20.45542242061825,0.0084,0.7,10
0.0055759473767073,0.0065147302825768,0.6004379428646899,0.1349163041745873,20.222947154768395,0.0084,0.7,10
0.0057917816338448,0.0060152109103758,0.5801476522521856,0.123866986946463,20.237585687453723,0.0084,0.7,10
0.0057695421742247,0.0061373821035586,0.5874938400710045,0.1271378707274315,20.225192789960403,0.0084,0.7,10
0.0056976394478924,0.0062675899343041,0.5945114933206498,0.1295082948019394,20.22871008091502,0.0084,0.7,10
0.0056361952476279,0.0063906775441839,0.5986338012128846,0.132088061143704,20.224146824677813,0.0084,0.7,10
0.0036695943376926,0.002494877543603,0.02124685921263,-0.0229419479913891,18.86158452272099,0.0084,0.7,10
0.0039227557922718,0.0024544888032714,0.0339350132025731,-0.0321223866177618,19.195901726714755,0.0084,0.7,10
0.004033642686008,0.0024709300156734,0.0418139535074589,-0.0366046266057003,19.337580544794477,0.0084,0.7,10
0.0042383580612838,0.0024895498839684,0.0540822616891027,-0.0417766346347685,19.54122828356156,0.0084,0.7,10
0.0041364666870961,0.0024820917384478,0.0483371297647226,-0.039655867186774,19.435079266393988,0.0084,0.7,10
0.0037678423714841,0.0025091576781555,0.0292111919287536,-0.0291248426289425,19.011743517159346,0.0084,0.7,10
0.0038755247784867,0.0025289602605984,0.0381591834971532,-0.0349612254454341,19.16929046267154,0.0084,0.7,10
0.0043062155931284,0.0025859904858768,0.067747709009871,-0.0469063263986951,19.612385521261384,0.0084,0.7,10
0.0041164029883875,0.0086391754471605,0.2596244122313387,0.154748995674806,19.25157658124761,0.0084,0.7,10
0.0033986298034965,0.0088503570222497,0.1262762752431421,0.1029604263649228,18.576165816218733,0.0084,0.7,10
0.0035076763824574,0.008811111294253,0.1521852269039092,0.1181370633805132,18.719953871194885,0.0084,0.7,10
0.0036042073523817,0.0087884728144166,0.1706371806929943,0.1276546259672412,18.826979698098583,0.0084,0.7,10
0.0037073608088716,0.0087407620375238,0.1952007397767577,0.1384834243229562,18.95624525603948,0.0084,0.7,10
0.0038154870898869,0.0087286253104557,0.2099027911221514,0.143502792931625,19.01161595175915,0.0084,0.7,10
0.0039170739979401,0.0086988325969826,0.2274756127848058,0.1486210785101064,19.11217552809753,0.0084,0.7,10
0.0040249007236359,0.0086677323112991,0.2449989416937029,0.1524695474523147,19.174397922854244,0.0084,0.7,10
0.0029792524467578,0.0089033121230466,0.0345502033675597,0.0312919927330884,18.124591397784247,0.0084,0.7,10
0.0030489095123674,0.0088905438696165,0.0532794092241846,0.0473893243360304,18.191187703798597,0.0084,0.7,10
0.0031346663368365,0.0088647126081967,0.0776404937222512,0.0670226646326855,18.343296192722036,0.0084,0.7,10
0.0032303636641355,0.0088274284935801,0.1054221306836466,0.0874274032387695,18.504633571618395,0.0084,0.7,10
0.0033362289801128,0.0087877272916551,0.1338348824278734,0.1061753509971842,18.689447238259195,0.0084,0.7,10
0.0028885707718763,0.0088605424078431,0.0254298084957347,0.0224775800382163,18.141456968112674,0.0084,0.7,10
0.0028193497614016,0.008836446554384,0.0152562840982145,0.0132767863116833,18.22177701225024,0.0084,0.7,10
0.0029219910371808,0.0088460701341898,0.0377484337753943,0.0329388052921193,18.264292975103363,0.0084,0.7,10
0.0044208615841238,0.0085365562235441,0.305650540567325,0.1569856802993296,19.431389189877358,0.0084,0.7,10
0.0042989286959991,0.0085416428174057,0.2965616099304582,0.1595601207499671,19.393607814528924,0.0084,0.7,10
0.0041761089398259,0.0085521879469574,0.2854445212023792,0.1608578931529768,19.381616561778788,0.0084,0.7,10
0.0044872347694092,0.0084001202017209,0.3409051223112869,0.1628428985799326,19.569497418252457,0.0084,0.7,10
0.0035813667477283,0.002482703918885,0.0140970655288416,-0.0164171858700295,18.70422336221037,0.0084,0.7,10
0.0035567021570007,0.0024172764928638,0.0079974585882927,-0.01017066055626,18.63460114153453,0.0084,0.7,10
0.0035360135669908,0.0023860199044088,0.0049262838950192,-0.0066149119097839,18.594873688043236,0.0084,0.7,10
0.0035506972206603,0.0023126673508641,0.0023998858593881,-0.0034713214703567,18.586147359273305,0.0084,0.7,10
0.0049380304187673,0.0080142265168203,0.4402045055828085,0.1589309593539868,19.827196167406537,0.0084,0.7,10
0.0050265704339975,0.0078968973015738,0.4642503635272127,0.1576357484882258,19.86346750929683,0.0084,0.7,10
0.0050817688647537,0.0077533766606643,0.4902736617149358,0.1576510991538776,19.92904602019016,0.0084,0.7,10
0.0048018960688148,0.0080169731330016,0.4361160379760896,0.1650640727863248,19.863217435102552,0.0084,0.7,10
0.0045504175758404,0.0082730140708275,0.3727776745043876,0.1667448191304288,19.690518562216763,0.0084,0.7,10
0.0046121321044752,0.0081489288495784,0.402700510738222,0.1691766997537385,19.7920740597836,0.0084,0.7,10
0.0046807971101334,0.0080247682357018,0.431366949424421,0.1701290257328851,19.893138525288236,0.0084,0.7,10
0.0053988869744518,0.0071282735912306,0.5730266470998003,0.1475170515834015,20.09040541647081,0.0084,0.7,10
0.0053352631824022,0.0072527413795067,0.5610419530509558,0.1500419437566032,20.070913140560496,0.0084,0.7,10
0.0052711047316673,0.0073775063576035,0.5467054322023107,0.1524368951068861,20.04790153451632,0.0084,0.7,10
0.0051439845051504,0.0076268324041739,0.5113723419895527,0.1563818704965032,19.97991944768037,0.0084,0.7,10
0.0052074086432945,0.0075024703805898,0.5300709103815313,0.1545815288926769,20.020029642245674,0.0084,0.7,10
0.0055139989212229,0.0066394028610725,0.5999294134451568,0.1379416528656749,20.22185688574895,0.0084,0.7,10
0.0053226268655867,0.0070127665515048,0.5839055342924575,0.1477876098251814,20.19984914738834,0.0084,0.7,10
0.0053866853564474,0.0068875481899896,0.5917389540563006,0.1444147802222846,20.21174600223409,0.0084,0.7,10
0.0054507192259699,0.0067633427053337,0.5970482609894484,0.1411137867267501,20.21847986847558,0.0084,0.7,10
0.0049050026081083,0.0026785287948753,0.0961129958180377,-0.0459078767099858,20.02707887116591,0.0084,0.7,10
0.0054277383661281,0.0033731790753162,0.1946323473524132,-0.0230257854580112,20.43219675431313,0.0084,0.7,10
0.0053657022774656,0.0031697356783671,0.1637913869897864,-0.0304691368133762,20.36604195418096,0.0084,0.7,10
0.0053576241677789,0.0032817243538748,0.1814541451026295,-0.0286777780486401,20.38367006371112,0.0084,0.7,10
0.0052630547587489,0.0030818656831873,0.1519308652817646,-0.0360337421143037,20.302434629079496,0.0084,0.7,10
0.0049787812789995,0.0027787874061698,0.1096790882589565,-0.0455394694062948,20.083930146182087,0.0084,0.7,10
0.0051555674305129,0.0029777075975147,0.1375297332891503,-0.0408445252480635,20.238671218766424,0.0084,0.7,10
0.0050549320119557,0.0028773482602376,0.1234156974226643,-0.0441088596086975,20.16617689245328,0.0084,0.7,10
0.0055444561888259,0.0037107582982496,0.2484312495065807,-0.0054020722649041,20.5333540264164,0.0084,0.7,10
0.0053748314972667,0.003489638701116,0.2155920276797172,-0.0227315096829656,20.463065685128047,0.0084,0.7,10
0.0054609157576276,0.0036020831088885,0.2324025095302163,-0.0143670732658568,20.5026164655768,0.0084,0.7,10
0.0056540885810133,0.0040272432257254,0.3004169068777605,0.0156419870831656,20.57965287758631,0.0084,0.7,10
0.0055093045563999,0.0038326056896351,0.2716241443118731,-0.0027068866525026,20.55189127869497,0.0084,0.7,10
0.0055888039845623,0.0039341590257585,0.2865593768138774,0.0069005437660011,20.56994165820808,0.0084,0.7,10
0.0058184342062638,0.0045910026373119,0.3934973188634188,0.0569525490586161,20.558209699599196,0.0084,0.7,10
0.0057346216732932,0.0045092676834808,0.383661395895908,0.0465545588391183,20.58180218666055,0.0084,0.7,10
0.0056519263349611,0.0041640712708244,0.325495859796089,0.0222871002999118,20.591248161063664,0.0084,0.7,10
0.005717909934569,0.0043017160714345,0.3471557708320329,0.0340815640136563,20.59152030221553,0.0084,0.7,10
0.0056623150975849,0.0044121341259035,0.3701843707400418,0.0361004191097015,20.598502677937,0.0084,0.7,10
0.0057800357208101,0.0047154936040687,0.4172821900270253,0.0612043707884915,20.55571494743907,0.0084,0.7,10
0.005758043286326,0.0048370134409207,0.4390434105047696,0.0664683459522507,20.54633517900655,0.0084,0.7,10
0.0057430021817329,0.0049607860217782,0.4600562270045547,0.0723418897139793,20.537138628154327,0.0084,0.7,10
0.004512673533104,0.0026739374624088,0.0864857030616478,-0.0504469120801536,19.81490257343791,0.0084,0.7,10
0.004391838515557,0.002688604886564,0.0839982399909376,-0.051421658029107,19.72904215358929,0.0084,0.7,10
0.0046423922375019,0.0026879522699882,0.092099005997359,-0.0497691732999582,19.883433093702763,0.0084,0.7,10
0.0047709382378021,0.0026891858649893,0.095211814880874,-0.0481781905875473,19.9662685529368,0.0084,0.7,10
0.0057773584668419,0.0055802499290358,0.5429166108758463,0.1061312914642174,20.38727949042129,0.0084,0.7,10
0.0057413952869674,0.0058858030343143,0.5729963618525504,0.1176136289808029,20.31995401155521,0.0084,0.7,10
0.005759062767612,0.0057253046261137,0.5585620556865208,0.1117309089188299,20.35392931375998,0.0084,0.7,10
0.0056694286949564,0.0054895827507031,0.537863467360661,0.0963679148350625,20.47214921981563,0.0084,0.7,10
0.0056902384427754,0.005352391651148,0.519877035989215,0.0903579838934564,20.49016145336992,0.0084,0.7,10
0.0057098815404112,0.0052194977054094,0.5008366866737514,0.08441305225748,20.50758567102891,0.0084,0.7,10
0.0057278068955535,0.0050883674445484,0.4807028132096378,0.0783902225751095,20.5234625242644,0.0084,0.7,10
0.0054388939336545,0.0065263327137868,0.604321065852341,0.1346475207461766,20.32201415436812,0.0084,0.7,10
0.0054993033143013,0.0063991048990556,0.6029251034842353,0.1308506420779799,20.321734169216324,0.0084,0.7,10
0.0056725811004677,0.00602434744224,0.5849307563630987,0.1207608524223659,20.334617203795144,0.0084,0.7,10
0.0056152161821595,0.0061524206235227,0.5932756560841145,0.1240298482064428,20.322361198836145,0.0084,0.7,10
0.005557401473036,0.0062750633997779,0.5992105501715034,0.1273169916141177,20.320899096117863,0.0084,0.7,10
0.003720044944819,0.0025794012569047,0.0327521583260364,-0.0316971542598567,18.98301921022596,0.0084,0.7,10
0.0036231200413445,0.0025621648017279,0.0238755269683693,-0.025016009225838,18.82448876201081,0.0084,0.7,10
0.0039840648668343,0.0025472811585214,0.0467483574162057,-0.0395753539344036,19.2977867647826,0.0084,0.7,10
0.004073448705873,0.0025483939389833,0.0520162182093596,-0.0418517701953057,19.40711882126082,0.0084,0.7,10
0.0041660735817069,0.00259836778683,0.0625200086259472,-0.0460637207164098,19.50884935308977,0.0084,0.7,10
0.003827276519077,0.002602093512681,0.0427422722489679,-0.0379793207194993,19.14452601163399,0.0084,0.7,10
0.0039380726880666,0.0026240880486145,0.0525978951515639,-0.0430544440690824,19.29912887728301,0.0084,0.7,10
0.0042684349634032,0.0027031423280528,0.0806339350217701,-0.0520121889928553,19.648424270023884,0.0084,0.7,10
0.0040687849759576,0.0085624351174239,0.2750247078652903,0.1610207138245179,19.368873044480235,0.0084,0.7,10
0.0028290044728459,0.0088067355443179,0.0271132852014024,0.0230914090533557,18.29482700051958,0.0084,0.7,10
0.0027582294959407,0.0087830284103527,0.0162576145567279,0.0136162143736027,18.38140418798192,0.0084,0.7,10
0.0034456800788385,0.0087474142841874,0.1611018504506245,0.1219719859757102,18.83709537680665,0.0084,0.7,10
0.0035389007780198,0.0087112843115698,0.1834126172862457,0.1332287196172521,18.9456791949888,0.0084,0.7,10
0.003627791979801,0.0086976147555759,0.1977793398598099,0.1396505987245627,19.01876530419636,0.0084,0.7,10
0.003690423950067,0.0086367116510976,0.2213836711106944,0.1490331904927632,19.140306035484205,0.0084,0.7,10
0.003769527037454,0.0086575478852778,0.2238639305394194,0.149401994149737,19.14096819540552,0.0084,0.7,10
0.0038549660474505,0.0086298216279816,0.2395288258359471,0.1540292453518733,19.2249490733621,0.0084,0.7,10
0.0039632337716416,0.0085921609339556,0.2589679562790493,0.1586068695004779,19.29601551202937,0.0084,0.7,10
0.0029896746511886,0.0088317489680742,0.0573863031563655,0.0492166812715705,18.334764820042125,0.0084,0.7,10
0.0030743339179681,0.0088017385993241,0.0839431338611657,0.0698728389671385,18.48736030804941,0.0084,0.7,10
0.0031691802438014,0.0087681468839071,0.1117828546999831,0.0898615629952372,18.638765748087295,0.0084,0.7,10
0.0032735960379924,0.0087252477502276,0.142113888440293,0.109407065480509,18.81069413304036,0.0084,0.7,10
0.0033789973200003,0.0086867298477688,0.1692968681098875,0.12503301967314,18.95818999037616,0.0084,0.7,10
0.0028634369917196,0.0087896886309977,0.0411710302849007,0.0345707349154261,18.417837446261817,0.0084,0.7,10
0.0029293850447459,0.0087740141654526,0.061725661446857,0.0510154076687975,18.48823573529246,0.0084,0.7,10
0.0043414143637034,0.0083988776028219,0.33325194836933,0.1673475531412243,19.58375199329845,0.0084,0.7,10
0.0042278396521626,0.0084504510301416,0.3140227487451876,0.1668288088596498,19.521897123146505,0.0084,0.7,10
0.0041232097465057,0.0084341850498086,0.3114742093158077,0.1696124525238093,19.54615454902421,0.0084,0.7,10
0.004435440831856,0.0082766994435358,0.3668649946610545,0.1706760720879568,19.70811144529182,0.0084,0.7,10
0.0035335647533236,0.0025504114689078,0.0159587716631063,-0.017990303724103,18.66032445034617,0.0084,0.7,10
0.0035098551423292,0.0024831799418115,0.0090114854650036,-0.011083566093123,18.57970579410572,0.0084,0.7,10
0.0034906573859494,0.002451932322587,0.0056296487497227,-0.0072938203212058,18.536223867486218,0.0084,0.7,10
0.0035058724491505,0.0023800834345084,0.0027718465375824,-0.0038551954003642,18.513432240522047,0.0084,0.7,10
0.0048766706316823,0.0078960823740206,0.4613689314544498,0.1644339171627792,19.92294639552897,0.0084,0.7,10
0.0049424856667056,0.0077705907834311,0.4854187115764961,0.1635364519398745,19.984656807017817,0.0084,0.7,10
0.0050054505520786,0.0076417804991751,0.5080007934257589,0.1620571468333585,20.04124183049694,0.0084,0.7,10
0.0047453503735339,0.007903647994475,0.4574750343852722,0.1700271429846537,19.973175373368363,0.0084,0.7,10
0.0044923607217438,0.0081447891457092,0.3994420097291865,0.1739243266127567,19.83236388372729,0.0084,0.7,10
0.00456080301604,0.0080205110146245,0.4292079528549031,0.1750492363691502,19.94519776762863,0.0084,0.7,10
0.004623984145199,0.0079105229179272,0.4539334424218644,0.1749287224732305,20.01791892017657,0.0084,0.7,10
0.0052585048980718,0.007138050659084,0.5736033273248936,0.1511279203925064,20.18359333620208,0.0084,0.7,10
0.0051946862094633,0.0072630496996882,0.5608753929932419,0.154332500528787,20.16021568360391,0.0084,0.7,10
0.0051317508836984,0.0073886316656998,0.5456691018467938,0.1572843395363186,20.130651023369648,0.0084,0.7,10
0.0050692246108193,0.0075147096334955,0.528051077140372,0.1598843610748347,20.0911768435602,0.0084,0.7,10
0.0051824743190406,0.0070229999659467,0.5858004223277886,0.1507660956846305,20.298220802869555,0.0084,0.7,10
0.0053769150629213,0.0066501040221411,0.6033746971085211,0.138493869826109,20.32300411682156,0.0084,0.7,10
0.0052471464847834,0.0068969603540565,0.5942980991119201,0.1465967180231515,20.3122213509796,0.0084,0.7,10
0.005312043562863,0.0067729116765364,0.6001018992186479,0.1424776793823111,20.31967670695224,0.0084,0.7,10
0.00484182289016,0.0028027405165981,0.1113403100629546,-0.0488430386241064,20.032507097431708,0.0084,0.7,10
0.0052931447780454,0.0033770364467024,0.1984674291937756,-0.0298661528212575,20.411974300172663,0.0084,0.7,10
0.0052318789109351,0.0032370438421204,0.1764807269202619,-0.0353717607239577,20.34204211776731,0.0084,0.7,10
0.0051193992737588,0.0031216517850035,0.1593459496552619,-0.0414476804734087,20.27777537638747,0.0084,0.7,10
0.0049282888954396,0.0029092690934137,0.1272405517002997,-0.0479082212823319,20.11597935732197,0.0084,0.7,10
0.0050193306721523,0.0030145084551958,0.1431581238319009,-0.0454956615961324,20.1983563594047,0.0084,0.7,10
0.0054141329231407,0.003731440308526,0.2570095354343156,-0.0126976582574159,20.524138751821216,0.0084,0.7,10
0.0052405948052317,0.0035047718296371,0.2216586029877381,-0.029838567954062,20.439130780852253,0.0084,0.7,10
0.0053270309904116,0.0036189363955263,0.2396531866567278,-0.0217518042910786,20.488214916665044,0.0084,0.7,10
0.0055438817673144,0.0040628391139734,0.3122246853398123,0.0098214962495585,20.588695511120992,0.0084,0.7,10
0.0053695918310317,0.0038536044391976,0.2810467019090421,-0.0109979952279157,20.55198613960118,0.0084,0.7,10
0.0054578586330864,0.0039576776539663,0.2967019440281869,-0.0008283131464870854,20.57573992889417,0.0084,0.7,10
0.0056139239081084,0.0045416257975962,0.3961354043010709,0.0397901779487847,20.60829423317324,0.0084,0.7,10
0.0056844514803473,0.0046377847557436,0.4091704652693033,0.0501864933607529,20.590936461435657,0.0084,0.7,10
0.0055030417867819,0.0041926090245361,0.3382416382762161,0.0132971968865384,20.605266971936885,0.0084,0.7,10
0.0055864337626316,0.0043036708490616,0.3544713269337046,0.0248993980206321,20.6072758595206,0.0084,0.7,10
0.0055437475043628,0.0044327650477727,0.38038220364938,0.0287582578339477,20.622940548885165,0.0084,0.7,10
0.0054984587564466,0.004546360802181,0.4034639298251373,0.031787757761057,20.634727927365915,0.0084,0.7,10
0.0056151453841701,0.0050025328387322,0.4738691649489632,0.06628085569335,20.58602793902284,0.0084,0.7,10
0.0056363619785728,0.0047582754057447,0.4326830993242294,0.0536487680132826,20.59812207513973,0.0084,0.7,10
0.0056217947212142,0.004885071854902,0.4546832313431803,0.0599496857899034,20.59329874457909,0.0084,0.7,10
0.0045671688600455,0.0027683502803737,0.1007004451553907,-0.0528729614709453,19.893208139541255,0.0084,0.7,10
0.0044670586619001,0.0027901651011907,0.1005599144310834,-0.0547211677895237,19.818027403245697,0.0084,0.7,10
0.0043574260574264,0.002802999566728,0.0983301486861792,-0.0561464366165004,19.759233502007103,0.0084,0.7,10
0.0046885654604332,0.0028206790802992,0.1110301054667104,-0.0522828063788182,19.973994704726497,0.0084,0.7,10
0.0055889802825377,0.0059130567237543,0.5813852723430357,0.1134127824173997,20.40645151960877,0.0084,0.7,10
0.0056431469288367,0.0056290968329114,0.5544669672869208,0.1021059638731666,20.45841902889366,0.0084,0.7,10
0.0056214616115915,0.0057718828898387,0.5688880307995569,0.1081389107334783,20.431706088172387,0.0084,0.7,10
0.0055418405092249,0.005536472625901,0.5499922897782784,0.092374446893907,20.53006457898147,0.0084,0.7,10
0.005561845586465,0.0053966612004558,0.5324943429250834,0.0856259931521644,20.548581549612013,0.0084,0.7,10
0.0055815050637792,0.0052637944466261,0.5140974444717155,0.0791955514700251,20.564775618710645,0.0084,0.7,10
0.0056009144918473,0.0051340883890666,0.4946353090193435,0.0729344401948744,20.57733595848566,0.0084,0.7,10
0.0053066388264769,0.0065407298687357,0.6087602080115713,0.1346773525782836,20.419193876823453,0.0084,0.7,10
0.0053657292971341,0.0064131655076467,0.6079394986239204,0.1300230000952839,20.42299076560562,0.0084,0.7,10
0.005420736743541,0.0062829792975395,0.6047107609077121,0.1253500225629459,20.42511526272862,0.0084,0.7,10
0.0055365246367114,0.0060393335516645,0.5913203080834889,0.1173849473328288,20.424810601342003,0.0084,0.7,10
0.0054753179027004,0.0061576081000563,0.5991022235695612,0.1210190423789473,20.42382827209495,0.0084,0.7,10
0.0035738653730854,0.0026303096764565,0.0267941283785149,-0.0272402041882945,18.79159874548826,0.0084,0.7,10
0.003777544374654,0.0026730419128751,0.0475299623951458,-0.0410976753840259,19.129082156147863,0.0084,0.7,10
0.0036701998923442,0.0026495824580122,0.0366251528822601,-0.0344429730029416,18.95668486203396,0.0084,0.7,10
0.0040479786246562,0.002644124505755,0.0616501074663956,-0.0467342631150322,19.426781838252072,0.0084,0.7,10
0.0041533588532114,0.0027284264268725,0.0783362636346333,-0.0526744537649295,19.559612756731173,0.0084,0.7,10
0.0038874541634069,0.0026977156669363,0.0583834984836877,-0.0464562352221246,19.272109656545165,0.0084,0.7,10
0.0039731247339633,0.0027042045683499,0.0648445122209637,-0.0488893367405831,19.38063107979145,0.0084,0.7,10
0.0042446049265017,0.0028244060101782,0.0965409718800667,-0.0576378959127849,19.69537395694832,0.0084,0.7,10
0.0040075597029686,0.008466702442706,0.2951522633021292,0.1684121097786836,19.49340463968864,0.0084,0.7,10
0.0027680522652368,0.0087537997845855,0.028837393696714,0.0236552079869477,18.45360891980804,0.0084,0.7,10
0.0026960950984666,0.0087307938452178,0.0172967047671871,0.0139374635017441,18.55617809307745,0.0084,0.7,10
0.0027999212549257,0.0087353248544862,0.0434820937208537,0.0351644803797011,18.58728457533614,0.0084,0.7,10
0.0034776634670323,0.0086350227646566,0.1975451130935526,0.1390346051872902,19.10688833082133,0.0084,0.7,10
0.0035933989712993,0.0086125550093699,0.2176898308237198,0.1477862464721725,19.16098820554828,0.0084,0.7,10
0.0036749330375038,0.0085544132968462,0.2429096484256006,0.1569214956793456,19.301112706604933,0.0084,0.7,10
0.0037695349931616,0.0085573740819086,0.2511840954813258,0.1592126348358195,19.3310231576659,0.0084,0.7,10
0.0038923624651305,0.0085083827319817,0.2752593478013701,0.1651072631663508,19.416444633795184,0.0084,0.7,10
0.0030129837418376,0.0087428909146899,0.0896736126977404,0.0720656005491662,18.63662141521024,0.0084,0.7,10
0.0031066411339368,0.0087061677273379,0.119526368458386,0.0928365659020325,18.787718369877325,0.0084,0.7,10
0.0032121117058198,0.0086611055832736,0.1519298364911919,0.1131603088339585,18.957044288697865,0.0084,0.7,10
0.0033133437912103,0.0086210069996511,0.1798749267988887,0.1288406207098509,19.081819279828668,0.0084,0.7,10
0.0033960507551304,0.008599335365376,0.1978401830509442,0.1380635744420501,19.17458741466544,0.0084,0.7,10
0.0028678871154949,0.0087174508081849,0.0662315032091134,0.0527386034760935,18.656268637267868,0.0084,0.7,10
0.0029528048862369,0.008686484633396,0.0956796997045326,0.0742396743333909,18.796801140006483,0.0084,0.7,10
0.0043144761462477,0.0082635960834317,0.364430932686712,0.1748922713749796,19.74063400564278,0.0084,0.7,10
0.0042032665300304,0.008322781395354,0.3443581477571094,0.1748013798673564,19.68116062071869,0.0084,0.7,10
0.0040598876790339,0.008337686315222,0.3325204497632504,0.1764092039160745,19.6873749846271,0.0084,0.7,10
0.0043617488485127,0.0081461293891855,0.3945438871646345,0.1783580555309813,19.871194264105814,0.0084,0.7,10
0.0027045370942789,0.0087006192599,0.0307105820794936,0.0242308653973793,18.632752999414787,0.0084,0.7,10
0.0026329713572254,0.0086797601525191,0.0183672578383164,0.0142378699401045,18.740382001010072,0.0084,0.7,10
0.0034844582716643,0.0026172700476108,0.0180005931964079,-0.0196470480493567,18.6209682776763,0.0084,0.7,10
0.0034619167402402,0.0025496731991233,0.0102388143178661,-0.0121621158885085,18.53027285195016,0.0084,0.7,10
0.0034423094022125,0.0025193797661613,0.0064397418850454,-0.0080355510134148,18.479896387363848,0.0084,0.7,10
0.0034597693267092,0.0024466313564129,0.0031812117136483,-0.0042615457142235,18.45011638569622,0.0084,0.7,10
0.0048091245637219,0.007781092700122,0.4819883433089362,0.16907712442039,20.04431765181264,0.0084,0.7,10
0.0048709891230739,0.007654952316421,0.5051428218356057,0.1674333159132586,20.107344126770105,0.0084,0.7,10
0.0049328285322133,0.0075282012090684,0.5262043986756367,0.1650722645613656,20.16588618135352,0.0084,0.7,10
0.0046796297426805,0.0077924485884486,0.4785261461744238,0.1742654921048781,20.097524124207165,0.0084,0.7,10
0.0045226315371579,0.0079122182249937,0.4518112787449241,0.1788109785076762,20.054883963929875,0.0084,0.7,10
0.0044223050180434,0.0079934134706903,0.4318257206473733,0.1808987554026555,20.017013457281053,0.0084,0.7,10
0.004554693587275,0.007809545416764,0.473907558498737,0.1789599417773297,20.149055710277484,0.0084,0.7,10
0.0051171014077441,0.0071486162171234,0.5747991059559165,0.1548465898375823,20.280526273721424,0.0084,0.7,10
0.0050541547051846,0.0072737631839447,0.5612609322012799,0.1586764200034457,20.248890076056245,0.0084,0.7,10
0.0049939085238071,0.0074003618890157,0.5450395029275085,0.1620856642683804,20.21212256244773,0.0084,0.7,10
0.0050418483628179,0.007035253654154,0.5882226073335916,0.1538954649565664,20.395142674657414,0.0084,0.7,10
0.0051076250579243,0.0069066883310841,0.597612992201474,0.1489004653538723,20.41643339388799,0.0084,0.7,10
0.0052392306654073,0.0066590044676152,0.6077028011803843,0.1391320700209428,20.432504471125664,0.0084,0.7,10
0.0051715657792447,0.0067805966434009,0.6041368973881801,0.1439276481795465,20.426075747410238,0.0084,0.7,10
0.0051786574111294,0.006551879150842,0.6138191205292772,0.1347718520660736,20.504245134690304,0.0084,0.7,10
0.0047892933556325,0.0029357316770306,0.129610904165128,-0.0520446303520182,20.07000699998635,0.0084,0.7,10
0.0051534304991147,0.0033820964498107,0.2019212429088479,-0.0369743154269506,20.37452247093671,0.0084,0.7,10
0.0050675424268452,0.003266741787035,0.1833000798095483,-0.0425643499830085,20.31816917586864,0.0084,0.7,10
0.0049756098409996,0.0031547735725057,0.1651807400870516,-0.0471294088426334,20.239271699903096,0.0084,0.7,10
0.0048821634438456,0.0030462954775671,0.1475440324393462,-0.0503439173631411,20.15607365693018,0.0084,0.7,10
0.0052794895625177,0.0037483759537668,0.2647499270422941,-0.0206058397754438,20.51909062246646,0.0084,0.7,10
0.0051048842828695,0.0035292841014909,0.2289706328964598,-0.0369639657618813,20.424536140017377,0.0084,0.7,10
0.0051920900341611,0.0036415750246001,0.2475954704086407,-0.0292361806583947,20.47614799500718,0.0084,0.7,10
0.005232625239109,0.0038735643698122,0.2899086429230105,-0.0193388075702489,20.555335628898444,0.0084,0.7,10
0.005411770850249,0.0040844784706918,0.322430974400714,0.0016735851649994,20.59885264425344,0.0084,0.7,10
0.0053224242469257,0.0039779675242416,0.3062521901197823,-0.0092022924659218,20.58259376361391,0.0084,0.7,10
0.0055364019912185,0.0046642517275954,0.4222330291860378,0.0412161197672892,20.627060591165783,0.0084,0.7,10
0.0054356792716521,0.0046123304485423,0.418837012403276,0.0310298953674775,20.6620961053175,0.0084,0.7,10
0.0053673028259263,0.0042138307980702,0.3489112327419439,0.0046615325207686,20.627156115370667,0.0084,0.7,10
0.0054569351805691,0.0043267636461538,0.365529556460021,0.0168470191841492,20.633128947142527,0.0084,0.7,10
0.0054266478651363,0.0044549404237266,0.3908308554073886,0.0215121958724451,20.646516837279787,0.0084,0.7,10
0.0054061568608824,0.0045461144708525,0.4086084279655095,0.0251117789980967,20.663531030808787,0.0084,0.7,10
0.0054976066675901,0.0050522141263244,0.4884591373250923,0.0614904706865775,20.63089815702008,0.0084,0.7,10
0.0054950985284204,0.0049411773195738,0.4712308037256721,0.0546486385225707,20.639206274748872,0.0084,0.7,10
0.0054831169680728,0.0048106461028313,0.4504941091216584,0.0460257949368538,20.650182051126933,0.0084,0.7,10
0.0045568103212173,0.0028813159592254,0.1166535366055657,-0.0562195101397616,19.937416829966647,0.0084,0.7,10
0.0044423216540347,0.0028978534064186,0.1156505945441232,-0.0586925162681934,19.87053019260159,0.0084,0.7,10
0.004329802099733,0.0029125406515109,0.1138410064537894,-0.0607995218700263,19.805734488259763,0.0084,0.7,10
0.0046516866065332,0.0029692454479822,0.1323348905479119,-0.0562205217299249,20.02011383805528,0.0084,0.7,10
0.0054757196631801,0.0059383986151482,0.5883888846816676,0.1107350779041319,20.48806657373549,0.0084,0.7,10
0.0054872766011777,0.0058243488593903,0.5798609022159739,0.1053464746460717,20.51504826226681,0.0084,0.7,10
0.0054896501229703,0.0056710372739099,0.566616411929762,0.0972701354989842,20.546089478343333,0.0084,0.7,10
0.0054306580467788,0.0055536127307058,0.5581595156334079,0.0877430012468283,20.6176815274612,0.0084,0.7,10
0.0054477005154944,0.0054423500615723,0.5446387290963405,0.0820055609623691,20.624268608684456,0.0084,0.7,10
0.0054515582500628,0.0053078116195234,0.5276331055984024,0.0740951871004784,20.6337458076047,0.0084,0.7,10
0.0054731931532244,0.0051789682227933,0.5086791411593565,0.0675666131114007,20.63956391565688,0.0084,0.7,10
0.00523494393358,0.0064285030476481,0.6135508682081497,0.1294755338196931,20.515871716164018,0.0084,0.7,10
0.0052863772613652,0.0063002176716455,0.6110593306609285,0.1239956226316022,20.524134647616304,0.0084,0.7,10
0.0053341637694111,0.0061687597575293,0.6061290451318295,0.1183811644622011,20.529956042459244,0.0084,0.7,10
0.0053897095561318,0.0060299761682572,0.5979159163196063,0.1127282283313042,20.525841256952976,0.0084,0.7,10
0.003835648529432,0.0027687075100675,0.0644028553340621,-0.0499875708218609,19.280022641391383,0.0084,0.7,10
0.0035235371682307,0.0026977582091305,0.0300033662197372,-0.0296050450728173,18.76675507378522,0.0084,0.7,10
0.0036195546581432,0.0027181426152523,0.0407745436319674,-0.037299481403121,18.93879575373251,0.0084,0.7,10
0.0037262223038506,0.0027428981616303,0.0526439986375568,-0.0443376621196939,19.113111806818143,0.0084,0.7,10
0.0040511331680096,0.0027617603271867,0.0773106863905917,-0.0535408763469026,19.489200564551705,0.0084,0.7,10
0.0041415486891712,0.0028483522786231,0.0951019897646338,-0.0589102343132097,19.616503324688757,0.0084,0.7,10
0.0039409947960272,0.0027933409193392,0.0750806248055333,-0.0540052034824116,19.418218469222012,0.0084,0.7,10
0.0042170635398031,0.0029509729027141,0.1151499737390031,-0.0636394543753606,19.76238644752776,0.0084,0.7,10
0.0043097259569903,0.0029995413509548,0.1272793126882675,-0.0645326144859816,19.865762964925896,0.0084,0.7,10
0.0039378118171306,0.008379292259009,0.3136533619001379,0.1747952084220536,19.63446601684961,0.0084,0.7,10
0.002735258461259,0.0086822325639002,0.0458004840896603,0.035664321844151,18.765864951499307,0.0084,0.7,10
0.0028043620817914,0.0086630222655038,0.0703633156464493,0.0539762886404278,18.83002457831481,0.0084,0.7,10
0.0034527818058883,0.0085364142484938,0.2242039869129145,0.1494470225056527,19.30002712791456,0.0084,0.7,10
0.0035323575464689,0.0085495102484482,0.2293188645735013,0.1519541575346484,19.308741262045796,0.0084,0.7,10
0.0036117288416498,0.0085033209753102,0.251396289182685,0.1599908848274658,19.419968774965923,0.0084,0.7,10
0.0037081819891875,0.0084592565211892,0.2733830918765527,0.1667844152902961,19.493409732824905,0.0084,0.7,10
0.0038202535625636,0.0084243901416154,0.2926411089777004,0.1712534027058224,19.56563134284877,0.0084,0.7,10
0.0030443670541998,0.008647628362899,0.1270948744257127,0.0954202526610481,18.947282758914067,0.0084,0.7,10
0.0031480507466585,0.0086008810127209,0.161010014915725,0.1161388586631205,19.117446626950706,0.0084,0.7,10
0.0032552247298807,0.0085552008161304,0.1925933736779711,0.1334182813126005,19.26505591604068,0.0084,0.7,10
0.0033549129409935,0.0085207903626676,0.2171888546512381,0.1454896091237964,19.362528040548828,0.0084,0.7,10
0.0034304040230792,0.0084589121544585,0.2459407746401513,0.1571132814550125,19.49632596906518,0.0084,0.7,10
0.00288917660561,0.0086300989278673,0.1018133864223433,0.0761649721656911,18.968343761481176,0.0084,0.7,10
0.0029820816069062,0.0085884714079033,0.1357817636169367,0.0983382179433754,19.125998641092256,0.0084,0.7,10
0.0042305103062362,0.0081734924611808,0.3829233315897266,0.1811142955680007,19.877695314734726,0.0084,0.7,10
0.0041083946650418,0.0082119489791208,0.3678616363028561,0.182276054277011,19.84385337807353,0.0084,0.7,10
0.0039825482777206,0.0082496553582421,0.3516000661433723,0.1823363048369133,19.8307735722342,0.0084,0.7,10
0.0042776797600777,0.0080322573388749,0.4190643837581226,0.1845655377385377,20.038883964023142,0.0084,0.7,10
0.0026397235637762,0.008648557381326,0.0326217779795404,0.0247488077716592,18.822864892583898,0.0084,0.7,10
0.0025688834002818,0.0086299435948433,0.0194689399706588,0.0145124539350973,18.942820418479972,0.0084,0.7,10
0.0026711806943426,0.0086304431177821,0.0485886951662773,0.036418218320451,18.956784484573465,0.0084,0.7,10
0.0034339664405845,0.0026833184034509,0.0202281479720247,-0.0213838769566763,18.58955376612361,0.0084,0.7,10
0.0034127175350814,0.0026168272333167,0.0117229011933869,-0.0134337608863264,18.488839507691043,0.0084,0.7,10
0.0033928582446103,0.0025856510115871,0.0073303008503902,-0.0088186699423828,18.43178035964408,0.0084,0.7,10
0.0034124031313585,0.0025122857755939,0.0036389264766997,-0.0046911866990206,18.38867558198327,0.0084,0.7,10
0.0047382962678825,0.007668244218613,0.5024438973593942,0.1726095252321515,20.170469371504023,0.0084,0.7,10
0.0048589489405154,0.0074162557573166,0.5441937486257072,0.1668191629122432,20.297923522225226,0.0084,0.7,10
0.004798551176226,0.0075414610751792,0.524629122149315,0.1700675533505414,20.23426113153729,0.0084,0.7,10
0.0046072030842462,0.0076851335500432,0.4991662903983282,0.1775772387088794,20.23917970551199,0.0084,0.7,10
0.0044331049497121,0.0078523909629391,0.4635748362617056,0.1829392785059674,20.175068326905173,0.0084,0.7,10
0.0043170738117771,0.0078938094781673,0.4526718203263646,0.1863182273486697,20.170212492922307,0.0084,0.7,10
0.004474240958618,0.0077147026249546,0.493192852440827,0.1823449304135922,20.29044425109559,0.0084,0.7,10
0.0049709817216982,0.0071586862620811,0.5768120420838195,0.1587261444135644,20.38487703808049,0.0084,0.7,10
0.0049164991324751,0.0072833196907644,0.5622903619361358,0.1629228221362536,20.338699468581964,0.0084,0.7,10
0.004783629431147,0.0073125840888358,0.5609371288390733,0.1674224688553369,20.412379081864422,0.0084,0.7,10
0.0049072834034311,0.0070438779253115,0.5915159646337398,0.1568959186736212,20.487069004527683,0.0084,0.7,10
0.0049692952794151,0.006915390218208,0.6016976520643579,0.1512028978698174,20.519401848894542,0.0084,0.7,10
0.0050338019553537,0.0067903768587133,0.6088044973218486,0.1455235847495938,20.53689790969685,0.0084,0.7,10
0.0050895633499707,0.0066578054438735,0.613879341148463,0.1395301071136106,20.540322687427224,0.0084,0.7,10
0.005117103403683,0.0064393850941347,0.6192205548663278,0.1289714707862848,20.62662757141143,0.0084,0.7,10
0.0050707870316004,0.0065361411315292,0.6194061759035222,0.1336838907822638,20.61521822934889,0.0084,0.7,10
0.0047432783126241,0.0030735667576055,0.1505839382915673,-0.0552829406591539,20.11180667648032,0.0084,0.7,10
0.0050181470052,0.0034103957604929,0.2088216100770994,-0.0435221086951417,20.36042418662386,0.0084,0.7,10
0.0049284713984836,0.0032963751175563,0.1892792186600669,-0.048832482421646,20.28679333492496,0.0084,0.7,10
0.0048367344600449,0.0031830848737737,0.1696941183859781,-0.0527878342030529,20.20416966254389,0.0084,0.7,10
0.0049780669005449,0.0035484751718555,0.2347827622447728,-0.0437926107268207,20.412840588867223,0.0084,0.7,10
0.0051414663681536,0.0037711351932017,0.2733889287805056,-0.0287169808439252,20.519340086013383,0.0084,0.7,10
0.0050570651908885,0.0036687234462899,0.2560606549763861,-0.0367883312066058,20.477852020316615,0.0084,0.7,10
0.0050957340580452,0.003895758698878,0.2989858201660545,-0.027783864401336,20.559575285273457,0.0084,0.7,10
0.005186399066463,0.0039975865992721,0.3155110703853055,-0.0178115865651984,20.589920945107117,0.0084,0.7,10
0.0052752423609465,0.0041021032855439,0.3319721160162606,-0.0071718338725732,20.618936057083488,0.0084,0.7,10
0.0052224950466665,0.0042200446783292,0.3571335066937454,-0.0055193096570519,20.65361564674317,0.0084,0.7,10
0.0053999498053235,0.0050975295979763,0.5012681622799569,0.0579132512559199,20.678588267795117,0.0084,0.7,10
0.0054117661702533,0.0047047027940441,0.4365509094484507,0.0346865132616123,20.67977371840232,0.0084,0.7,10
0.0053481549506506,0.0046109779303033,0.4236709535798162,0.0246099094733222,20.6993831738419,0.0084,0.7,10
0.0053119611539478,0.0043617100739976,0.3796583904356109,0.008132163015803,20.663180580545788,0.0084,0.7,10
0.0053219951232522,0.0045041907382367,0.4056941597486537,0.0166098301351975,20.68764014835207,0.0084,0.7,10
0.005387531233127,0.0050007287362524,0.4872391718374819,0.0510358557460512,20.68908357884906,0.0084,0.7,10
0.0053715873583543,0.0048936025790093,0.4710252827323708,0.0432876517020669,20.6981061316882,0.0084,0.7,10
0.0053445687842822,0.0047878141339386,0.4549610101690807,0.0348981379876645,20.70453884663749,0.0084,0.7,10
0.0045149870502422,0.0029984569374203,0.1338033566906958,-0.0602968977077133,19.98455200474191,0.0084,0.7,10
0.0044076724253851,0.0029994719702814,0.1307529967838303,-0.0626985539844099,19.910119820501222,0.0084,0.7,10
0.0046021763869574,0.0030999772174301,0.1527738835410111,-0.0602133798229249,20.06194802983353,0.0084,0.7,10
0.0053767738476086,0.0058908461483145,0.5906055552159035,0.1048462047360158,20.589135441096637,0.0084,0.7,10
0.005371398971087,0.0057613745813257,0.5812096954371827,0.097249887809988,20.62225419508505,0.0084,0.7,10
0.0053495899399712,0.00563684041993,0.5714918263676756,0.0888485917088294,20.651041881808847,0.0084,0.7,10
0.0053290031648598,0.0055027711600145,0.5589312086076034,0.0794164813009302,20.695424929274758,0.0084,0.7,10
0.0053287374724642,0.0053609804053375,0.5421755553069055,0.0703255025765524,20.71136194272447,0.0084,0.7,10
0.0053362805132401,0.0052105984549841,0.5217123363426336,0.0610637058405667,20.715570056810275,0.0084,0.7,10
0.0051602023148638,0.0063180271935398,0.6176572763497443,0.1229912741878257,20.628852041635493,0.0084,0.7,10
0.0051998709942757,0.0061927174780494,0.6138884828011332,0.116764109552126,20.636820099197116,0.0084,0.7,10
0.0052441172743476,0.0060630642826248,0.6072665977695829,0.1104254035545569,20.631012846765056,0.0084,0.7,10
0.0052856490431467,0.0059521883210207,0.5994945130974477,0.1052530765444983,20.63901785030057,0.0084,0.7,10
0.0043452753457331,0.003066027166545,0.1400564197194021,-0.0662871115585785,19.92575236158832,0.0084,0.7,10
0.0042492701172078,0.0030671576275999,0.1366671040771403,-0.0682223191922483,19.857245478740733,0.0084,0.7,10
0.0038672441727134,0.0028467666980957,0.0782263409842746,-0.0561973019815615,19.37241714520612,0.0084,0.7,10
0.0034717878216827,0.0027645881450918,0.0335070541054503,-0.032084397671954,18.75163222389281,0.0084,0.7,10
0.0037828179948961,0.0028370982738368,0.0705689857238666,-0.0535060073024593,19.26207019870649,0.0084,0.7,10
0.0035675777082835,0.0027863186978138,0.0453139545852249,-0.0403169702929991,18.927330973134243,0.0084,0.7,10
0.0036739625511691,0.0028113182603504,0.058081341192221,-0.0477095933401258,19.110862361487325,0.0084,0.7,10
0.0040347847703293,0.0028756613455006,0.0933848521704442,-0.0601029307845511,19.56608413616014,0.0084,0.7,10
0.0041104891763309,0.002942487423788,0.108570081714193,-0.063860515828622,19.679651608117137,0.0084,0.7,10
0.0039434607490693,0.0029064892543083,0.0927907218354169,-0.0612905139037958,19.49114148442657,0.0084,0.7,10
0.0041403706612229,0.0030379094035232,0.1266355725755378,-0.0685122952912108,19.761434344391763,0.0084,0.7,10
0.0038622350167452,0.008293837169028,0.3323687082342771,0.1805745533788709,19.78519206003656,0.0084,0.7,10
0.0027398057778241,0.0086098722178425,0.0746157736388635,0.0551103040681907,19.0156576806114,0.0084,0.7,10
0.002824017778558,0.0085753523339912,0.1079131757830837,0.0778004947426936,19.15512677113364,0.0084,0.7,10
0.0035250963705957,0.0084536504413904,0.2576863427973493,0.1619755638492858,19.52368163928808,0.0084,0.7,10
0.0036376963870241,0.0083892905717527,0.2879246008651708,0.1714068621688494,19.638321097471792,0.0084,0.7,10
0.0037478105684038,0.0083411880138088,0.3109666142506558,0.1769435317064626,19.719738600789047,0.0084,0.7,10
0.0030848968911482,0.0085403636359098,0.1712650279190129,0.1193499187326099,19.290489420533135,0.0084,0.7,10
0.0031892907674262,0.0084929188785311,0.2040287079551277,0.136766486250272,19.426531126824543,0.0084,0.7,10
0.003285200705973,0.0084602416294443,0.2281939784810348,0.148515747451076,19.50694160388808,0.0084,0.7,10
0.0033664324667747,0.0084193906085352,0.2515311825517077,0.1583035483723839,19.60261863646268,0.0084,0.7,10
0.0034537566598599,0.0083724278598508,0.2761374511522821,0.1672976000772884,19.67937511841337,0.0084,0.7,10
0.0029157474293488,0.0085317157988823,0.1437906495636257,0.1004298408831865,19.30499291417706,0.0084,0.7,10
0.003015864636008,0.0084839004931184,0.1800446040836149,0.1213660064293938,19.46664042974902,0.0084,0.7,10
0.0041494182754241,0.0080725552431637,0.405255863097721,0.186883021640083,20.03372710001658,0.0084,0.7,10
0.0040246357133401,0.0081163935297884,0.3893694340247786,0.1879553161810604,20.01646384448813,0.0084,0.7,10
0.0039020624671783,0.0081610251315042,0.3718551062388596,0.1877065385169567,19.992008321292783,0.0084,0.7,10
0.0041899001082419,0.0079359750404952,0.4404293582726645,0.189376926814941,20.192563130953715,0.0084,0.7,10
0.0025762159187273,0.0085995384510932,0.0345210850177853,0.0252010792407111,19.023906081663142,0.0084,0.7,10
0.0025038555718874,0.0085813608292358,0.0206165341810767,0.0147654401562391,19.158523347721825,0.0084,0.7,10
0.0026077401465366,0.0085798655890054,0.05194087115069,0.03743690684668,19.160747997236456,0.0084,0.7,10
0.0026743799498336,0.008558077700163,0.0790071778100836,0.056157281233295,19.219437942792865,0.0084,0.7,10
0.0033820919845543,0.0027484938289368,0.022640492061167,-0.0231875873165143,18.569085725542703,0.0084,0.7,10
0.0033622036957736,0.0026830560063183,0.0133597404907176,-0.0147782925654772,18.45530405629976,0.0084,0.7,10
0.0033436212099802,0.0026490196806016,0.0082673558790431,-0.0096076139762348,18.392461709657848,0.0084,0.7,10
0.003363790688045,0.0025770224363046,0.0041454635069392,-0.0051461603659474,18.33489164517276,0.0084,0.7,10
0.0046643359814668,0.0075544951183945,0.5232964321924297,0.1749581229757089,20.3095382666201,0.0084,0.7,10
0.0047282886270577,0.0074316313655406,0.5435904134737789,0.1713049870241921,20.368303525356,0.0084,0.7,10
0.0046781515825647,0.0073376715480131,0.5594702945325878,0.1710596242376813,20.45556631016667,0.0084,0.7,10
0.0045273472318777,0.0075784211383315,0.5201475467755673,0.1799375046561213,20.387939359440026,0.0084,0.7,10
0.0043518567564645,0.0077546953391283,0.4844274780895472,0.1864288493988793,20.317387767736747,0.0084,0.7,10
0.0042279845076815,0.007796734555903,0.4743277670926868,0.190101163296213,20.339557544729857,0.0084,0.7,10
0.0043935254981721,0.0076147538435784,0.5141201740235193,0.1846724428156399,20.436695268318783,0.0084,0.7,10
0.0048236717994242,0.0071646070624256,0.580071834333518,0.1625964557532695,20.485155413087416,0.0084,0.7,10
0.0047011175408329,0.0072256942401929,0.5755210268483827,0.1674201660359188,20.53817007035373,0.0084,0.7,10
0.0047972335804758,0.007040008793909,0.5959087949073999,0.1588328135703668,20.589555422096375,0.0084,0.7,10
0.0048287656171877,0.0069218499559696,0.606876568612661,0.1535263624736441,20.63047399767413,0.0084,0.7,10
0.0050299241363396,0.006342048788808,0.6250870480704817,0.1225390834384916,20.735753984294973,0.0084,0.7,10
0.0048964473022564,0.0067942946485171,0.6145624408862139,0.1469239576364157,20.62747654580927,0.0084,0.7,10
0.0049652348099972,0.0066999795454295,0.6174282055929453,0.1419314919504195,20.644089456149132,0.0084,0.7,10
0.0049680788539066,0.006590243910347,0.6227878075282414,0.1363296179491867,20.68122378701865,0.0084,0.7,10
0.0049940739876258,0.0064649400070707,0.6255234381812101,0.1294157276430512,20.717883073178218,0.0084,0.7,10
0.0046976159571796,0.0032070660686677,0.1728623104801786,-0.0584790589440064,20.17573863353465,0.0084,0.7,10
0.004884895245572,0.0034351339811733,0.2146579023682608,-0.0501896608493255,20.345894531993675,0.0084,0.7,10
0.0047937118309421,0.0033194670461019,0.1935861844709348,-0.0550238936034134,20.263335684556584,0.0084,0.7,10
0.0048451353644877,0.0035665342343388,0.2400966568825853,-0.0511256932521131,20.393926813706745,0.0084,0.7,10
0.0049337718760501,0.003682011482247,0.2613232091103727,-0.0440353779695031,20.45685640707011,0.0084,0.7,10
0.0049950153411633,0.0037998582261683,0.2831668767281701,-0.0373943893804252,20.528545037627257,0.0084,0.7,10
0.0049909645024289,0.0039254237252243,0.3083419058896533,-0.0338786041792659,20.584549758723316,0.0084,0.7,10
0.0050544340127745,0.0040178636597692,0.3245938858593221,-0.0262160895433985,20.60888906051002,0.0084,0.7,10
0.0051370793042375,0.0041192584954325,0.341374391378301,-0.0162415320379661,20.63711146713759,0.0084,0.7,10
0.0051100103239524,0.004225716107799,0.3635465600788942,-0.0134130039366958,20.67052174828429,0.0084,0.7,10
0.0051487810562228,0.0043324014058762,0.3824808547792872,-0.0053429595201099,20.698121309856784,0.0084,0.7,10
0.0052904754762556,0.0050774388797197,0.5052748748317119,0.0494815444766804,20.7509606274689,0.0084,0.7,10
0.0052948296932388,0.0046887672754657,0.4407218751175135,0.0253468672529415,20.721504968343524,0.0084,0.7,10
0.005241818497278,0.0045866658693408,0.4254326649651468,0.0154394060390809,20.72321331171452,0.0084,0.7,10
0.0051972314132921,0.0044647356628399,0.4052549284074054,0.0052432452621638,20.71141699110688,0.0084,0.7,10
0.0052682429735209,0.0049616334422903,0.4886201795447125,0.0404810468860162,20.755104120981212,0.0084,0.7,10
0.005249617977922,0.0048522392209214,0.4717871640275648,0.0321939583477862,20.756494018963284,0.0084,0.7,10
0.0052434605761732,0.0047622474326972,0.4567514797962587,0.0261250828894773,20.74949001251481,0.0084,0.7,10
0.0044498895008788,0.0031179671527268,0.1523932698745395,-0.0652066970185748,20.02024552435645,0.0084,0.7,10
0.0045574705858628,0.0032298833447788,0.1751678497224174,-0.0640693139712045,20.126492053971138,0.0084,0.7,10
0.0052508892509352,0.0058387903447467,0.5943881227871256,0.0971705572398914,20.68046482262153,0.0084,0.7,10
0.0052389829488109,0.0057091946049953,0.5850557457009967,0.0884103231382898,20.723448972363755,0.0084,0.7,10
0.0052234636685999,0.0055764943191324,0.5736437336602286,0.0789122428103854,20.751168043311228,0.0084,0.7,10
0.0052110241401406,0.005438822499175,0.5594163421610671,0.0689142667655576,20.777505531570963,0.0084,0.7,10
0.0052033204239352,0.0052988948997747,0.5425206688424739,0.0588686471783847,20.792242891942436,0.0084,0.7,10
0.0051888204692807,0.005162300559753,0.5246317013652603,0.0486296885005486,20.799638297992512,0.0084,0.7,10
0.0050675573379861,0.0062172967853119,0.6221557937676546,0.1155339051000613,20.742262661344224,0.0084,0.7,10
0.0051061886367289,0.0060892399658268,0.6166579471642241,0.1083606111951073,20.75167041911044,0.0084,0.7,10
0.0051482920952286,0.005946371883241,0.6077131630795404,0.1004010136232353,20.75783099863925,0.0084,0.7,10
0.0043252582601238,0.0031593020219779,0.1564015699884488,-0.0698616544243074,19.97618492127421,0.0084,0.7,10
0.0041977456192192,0.0031503141147793,0.1500252788381701,-0.0725974853102506,19.894883255174467,0.0084,0.7,10
0.0034167552010519,0.0028330197633877,0.0374436861837429,-0.034764674370935,18.743827614425005,0.0084,0.7,10
0.0038333081931931,0.0029282044347894,0.088952504255146,-0.0613620709530488,19.42477982168261,0.0084,0.7,10
0.0035143205137281,0.0028544357236844,0.0503303365784122,-0.0435343033062658,18.92490347777061,0.0084,0.7,10
0.0037290460091469,0.0029029693963043,0.0769118945361966,-0.0570953730613618,19.28418565275061,0.0084,0.7,10
0.003620186559747,0.0028808818500957,0.0641948377578431,-0.051353564867374,19.112131828592997,0.0084,0.7,10
0.0040206507074082,0.0029988386432302,0.1132740493449031,-0.0672495866857424,19.661695917986066,0.0084,0.7,10
0.003912919659187,0.0029925586441177,0.1056024747894268,-0.0666131096282562,19.57084635403848,0.0084,0.7,10
0.0040674374246022,0.0031142411567075,0.1371986357436384,-0.0731777862919083,19.78550869025233,0.0084,0.7,10
0.003782739897299,0.0082090997055568,0.3518418824244733,0.1857909775498487,19.949254058636782,0.0084,0.7,10
0.0027579447681688,0.0085209998021127,0.1145913252713285,0.07951042188474,19.35477608021836,0.0084,0.7,10
0.0028469967825888,0.0084769287441568,0.1515296288587278,0.1020363119711827,19.500844921058757,0.0084,0.7,10
0.0035600294632176,0.0083180369125425,0.3031757904273631,0.1756608216144337,19.80246710290606,0.0084,0.7,10
0.0036662485688658,0.008261495246388,0.3288204020404531,0.1818390501877744,19.891413178437485,0.0084,0.7,10
0.0031211197364705,0.0084336293410318,0.2150869349840859,0.1395404897237866,19.593832880753546,0.0084,0.7,10
0.0032140594572904,0.00839419875826,0.241880890447006,0.1520759353286026,19.68861118513436,0.0084,0.7,10
0.0033016895402035,0.0083782372902991,0.2579757588073064,0.1594289413325768,19.72070807215273,0.0084,0.7,10
0.0033726363045146,0.0083257286180178,0.2834733691847459,0.1685705435321407,19.82203937768928,0.0084,0.7,10
0.0034773696178281,0.0082632105383972,0.3138805245661254,0.1780771217069782,19.935768033014117,0.0084,0.7,10
0.002946172915519,0.0084272594786157,0.1897047213975354,0.1234061503589653,19.647537178629943,0.0084,0.7,10
0.0030500478753114,0.0083807535404164,0.2243152204652423,0.1411257291731734,19.782619620624967,0.0084,0.7,10
0.0040643864402502,0.007979760076811,0.4265944027396449,0.1915719301922291,20.19578237746532,0.0084,0.7,10
0.003940802808135,0.008025704332068,0.4108164663503682,0.1926411257196983,20.18760718206407,0.0084,0.7,10
0.0038191679741828,0.0080735566761621,0.3929267131088432,0.1923637681874353,20.16706131089861,0.0084,0.7,10
0.0041029197863287,0.0078425144418898,0.462185071774253,0.1931376576703149,20.36071634499501,0.0084,0.7,10
0.0025115286131883,0.0085514989697544,0.0365017211935892,0.0256185431329784,19.23686860871493,0.0084,0.7,10
0.0024379112369332,0.008534029523759,0.0218061431256526,0.0149997789222293,19.39228971675144,0.0084,0.7,10
0.0025411297026615,0.0085307254307077,0.0546901370413728,0.0378907612949879,19.3820354811163,0.0084,0.7,10
0.0026081146120194,0.0085076604411117,0.0835208627870595,0.0571106370519344,19.43497417666826,0.0084,0.7,10
0.0026908462449043,0.0084690929797452,0.1210033652733828,0.0808204950887805,19.56946431685807,0.0084,0.7,10
0.0033289064191167,0.0028126568702806,0.0252451207923128,-0.0250268887094239,18.55110341093642,0.0084,0.7,10
0.0033102272391637,0.0027453144853437,0.0147976757157688,-0.0158437662090171,18.42847406230479,0.0084,0.7,10
0.0032932575529435,0.0027113627363916,0.0092813858184959,-0.010416416358679,18.36164515804824,0.0084,0.7,10
0.0033139506840942,0.0026408188716297,0.0046957414400419,-0.0056186010341264,18.29070899310204,0.0084,0.7,10
0.0045860368678307,0.007427432108875,0.5467714611094435,0.1758561399811764,20.471024795736326,0.0084,0.7,10
0.0045916854519738,0.0072910159307817,0.5690432808415008,0.1723261351189986,20.597214770346717,0.0084,0.7,10
0.0044387410196227,0.0074740095664166,0.541198337769245,0.181284357498678,20.54652737312006,0.0084,0.7,10
0.0042662812219767,0.0076573871777369,0.5059870345022209,0.1889576926052599,20.478488126311223,0.0084,0.7,10
0.0041408460318941,0.0077044119108517,0.4958380917591631,0.1927395957134526,20.51158267740525,0.0084,0.7,10
0.0043068935740807,0.0075187183701814,0.534909141582511,0.1860624015022396,20.602982148619592,0.0084,0.7,10
0.004606279597278,0.0071823659609909,0.5848239488374224,0.1683604719257131,20.679306460785234,0.0084,0.7,10
0.0046893812730113,0.0070905802046926,0.5940196354570261,0.1630892896522463,20.634176814127063,0.0084,0.7,10
0.0047320566491989,0.0069790388753641,0.6052944986594223,0.1575505809801819,20.706484927423936,0.0084,0.7,10
0.0047210452260605,0.0068906079374015,0.6148163853972552,0.153552771528587,20.74454148644884,0.0084,0.7,10
0.0047779978800047,0.0067897312925309,0.6208582640562447,0.1477269027988688,20.77812224198684,0.0084,0.7,10
0.0049355105888195,0.0062475432139223,0.631067005932998,0.1150216480242179,20.848452386936028,0.0084,0.7,10
0.004900046389258,0.0063766343995746,0.632954383491792,0.123124768632588,20.835378714843813,0.0084,0.7,10
0.0048446278321212,0.0066564538217505,0.6263926723944307,0.1400326106834211,20.780208051062257,0.0084,0.7,10
0.0048650745167628,0.0065119632414893,0.6318752784472804,0.1314488762327692,20.814210343113384,0.0084,0.7,10
0.0046523234719883,0.0033363902567413,0.1961972041489789,-0.0615017206680869,20.233000196234244,0.0084,0.7,10
0.0047458390713879,0.0034695566257375,0.2219257468275853,-0.0572503590128654,20.32491191471172,0.0084,0.7,10
0.0047472044382286,0.0036005327476235,0.2478655838897344,-0.0563158904058559,20.41070905546102,0.0084,0.7,10
0.004807850914854,0.0036893107371838,0.2650043236194144,-0.0515618092883737,20.46045747357385,0.0084,0.7,10
0.0048812462120181,0.0037799300375367,0.2820411143495979,-0.0452000664101052,20.51790139855817,0.0084,0.7,10
0.0048924264511946,0.0038875959711485,0.3036968789030711,-0.0417282254149361,20.5591386495898,0.0084,0.7,10
0.0049226614637191,0.0040132740351953,0.3285313472888969,-0.0356459171049974,20.62697228066985,0.0084,0.7,10
0.0049977899108402,0.0041507148723842,0.353610040934491,-0.0249416390536074,20.6717349598854,0.0084,0.7,10
0.005019132186964,0.0042943561497835,0.3814923311172729,-0.0168112678796943,20.72449571396633,0.0084,0.7,10
0.0050596519258587,0.0044326379890296,0.4066362547020055,-0.0066872740883445,20.75768570022472,0.0084,0.7,10
0.0051632079073453,0.0050334833882775,0.5069684993913333,0.0381648368472094,20.81309320391161,0.0084,0.7,10
0.0051792091812309,0.0046801954929373,0.4461711062320802,0.01644198963693,20.771120152002155,0.0084,0.7,10
0.0051105906558255,0.0045685166319895,0.4297043034612396,0.0047378336982908,20.767710826170774,0.0084,0.7,10
0.005147585094078,0.0049127271563186,0.4885298265753403,0.0289988515282175,20.813763762517848,0.0084,0.7,10
0.0051472727820912,0.0047988723573267,0.4691889394977427,0.0215465869259743,20.7981426700628,0.0084,0.7,10
0.0045348971870172,0.0033443516706242,0.1965613223096156,-0.0666729211754986,20.18789535223713,0.0084,0.7,10
0.0044131692479758,0.0032758373845314,0.1809848185532239,-0.070263346956629,20.104423275416465,0.0084,0.7,10
0.0051268752636511,0.0057902152866105,0.5991016761771316,0.0891088564212358,20.80237411261103,0.0084,0.7,10
0.005111392303852,0.0056518209602119,0.5886667866910216,0.0787586824904352,20.828552634013565,0.0084,0.7,10
0.0050972123937841,0.0055154844117026,0.5760668028835695,0.068267142715752,20.852914740501987,0.0084,0.7,10
0.0050844424601352,0.0053784999403721,0.5611052579843488,0.0575954568855408,20.870620849742924,0.0084,0.7,10
0.0050529319067441,0.0051096957154525,0.5263727453549897,0.0361801374968183,20.884016572795613,0.0084,0.7,10
0.0050706317684145,0.0052424604825194,0.5442951520772664,0.0468705559762194,20.88103612335882,0.0084,0.7,10
0.0049709820853863,0.0061204854563016,0.6265854965602086,0.1070070295482506,20.84857120667664,0.0084,0.7,10
0.0050040679935331,0.0059942477604646,0.6198329466582714,0.0990151441495302,20.851908795649678,0.0084,0.7,10
0.0050121325693004,0.0058628739550288,0.6121756753457671,0.0899031599814914,20.872867447855185,0.0084,0.7,10
0.0042516706155935,0.0032659037150126,0.1747245829981524,-0.0753864822379595,20.0393885784462,0.0084,0.7,10
0.0041207791876392,0.0032278180080946,0.1621226323737828,-0.0774823598758894,19.934376386477883,0.0084,0.7,10
0.0033639691630174,0.0028958651519587,0.0413684047763565,-0.0373129147131322,18.74633399252616,0.0084,0.7,10
0.003459675342404,0.0029217621357547,0.0557628853083938,-0.0468690832315383,18.936323299957674,0.0084,0.7,10
0.0038366147489918,0.0030303717491758,0.107421119447364,-0.0685559510730651,19.51585273888016,0.0084,0.7,10
0.0037620336759387,0.0029820973229694,0.0931572167696076,-0.0639784225534395,19.396845593620235,0.0084,0.7,10
0.0035660534808502,0.0029516197922419,0.0712283019441125,-0.0553802677341043,19.12573911794703,0.0084,0.7,10
0.0036713737245464,0.0029786435455962,0.0853151559497664,-0.0615523065268218,19.281417696773115,0.0084,0.7,10
0.0039308511301342,0.0030912231284524,0.1251628360933702,-0.0728886107482157,19.675434183674955,0.0084,0.7,10
0.0038286222728729,0.0031122159084203,0.1227919492993629,-0.0740839410454218,19.60455956508944,0.0084,0.7,10
0.0040031475925091,0.0031979706036621,0.1505828276483793,-0.0782614296502231,19.833373508385822,0.0084,0.7,10
0.0036986293034437,0.0081256743291867,0.3719478925740445,0.1903599782779756,20.123605083453725,0.0084,0.7,10
0.002778836702529,0.0084230053313062,0.1600223119026259,0.1037792502545748,19.71173960021256,0.0084,0.7,10
0.00287638647074,0.0083704216072683,0.2004665919301605,0.1256027567051821,19.856517145112267,0.0084,0.7,10
0.0035704199149308,0.0081867137982967,0.3454633396104212,0.1858120781916133,20.071532757267587,0.0084,0.7,10
0.0031464625174136,0.0083204189692397,0.2600242847542488,0.1568584464000009,19.90997011029546,0.0084,0.7,10
0.003265409569463,0.0082930745112629,0.2837126335517444,0.1670324430909208,19.91773198075212,0.0084,0.7,10
0.0033711628435206,0.00822802771512,0.316547956472017,0.177725754562609,20.033565040673043,0.0084,0.7,10
0.0034610304494033,0.0081740121199793,0.3419658294299227,0.1845612421063436,20.128874837056223,0.0084,0.7,10
0.0029744773358946,0.0083191660824403,0.2371088383967799,0.1435303753106026,19.965742283439518,0.0084,0.7,10
0.0030584086687839,0.0082918015954695,0.2595688530903347,0.154083367428075,20.02943281629304,0.0084,0.7,10
0.0039786262066196,0.0078890289556449,0.4485105127292924,0.1953401518762596,20.37135467155603,0.0084,0.7,10
0.0038557988733557,0.0079368087401496,0.4329586650149956,0.1964698357236826,20.37224996419388,0.0084,0.7,10
0.0037342914053249,0.0079869311104649,0.4149797582772578,0.1962583450569243,20.362151834098828,0.0084,0.7,10
0.0040158566884898,0.0077513658551575,0.484413612834002,0.1958715372643915,20.53978988894158,0.0084,0.7,10
0.0024441281728331,0.0085034015293352,0.0386053063408141,0.0260121781811107,19.47769822710584,0.0084,0.7,10
0.0023710733463671,0.0084879684835723,0.023030080721043,0.0152076365751112,19.6359710965964,0.0084,0.7,10
0.0024735824034964,0.0084828199307852,0.0575245230360971,0.0382962903381947,19.619396507202925,0.0084,0.7,10
0.0023756224539975,0.0084564483055702,0.0408083255887462,0.0263773364670645,19.72814336428055,0.0084,0.7,10
0.0023033651053795,0.0084431964077359,0.0242856202677222,0.0153852820203259,19.90548893470626,0.0084,0.7,10
0.0025409531397801,0.0084585463593691,0.0881712634332248,0.0579577054770023,19.66475369302196,0.0084,0.7,10
0.0026228284301736,0.0084187364316687,0.1274985836581697,0.0819356472580694,19.79651020001637,0.0084,0.7,10
0.0027099557649188,0.0083709460197975,0.1685799629910697,0.1052529369409426,19.937070663394703,0.0084,0.7,10
0.0032744871227182,0.0028757177122307,0.0280091451801795,-0.0269052399688725,18.550568069096094,0.0084,0.7,10
0.0033067051671035,0.0029609181027054,0.0457369722513944,-0.0400058886322422,18.75475167191803,0.0084,0.7,10
0.0032570941925718,0.002806452373031,0.0163128347123761,-0.0169061049057445,18.41171117853207,0.0084,0.7,10
0.0032398780288519,0.0027748131603863,0.0104097179744593,-0.0112657967968031,18.34032509986932,0.0084,0.7,10
0.0032629011607543,0.0027036526781534,0.0052905811216431,-0.0061031369373314,18.257030712608294,0.0084,0.7,10
0.0044762539300364,0.0073366816970077,0.5649553259147996,0.1769122997462866,20.633308194300767,0.0084,0.7,10
0.0045065301905417,0.0072026127660578,0.585599851278486,0.1715757770861804,20.733482224174267,0.0084,0.7,10
0.0043474809399546,0.0073820574308318,0.5606265240165093,0.181708281681116,20.708672633332387,0.0084,0.7,10
0.0041791864915999,0.0075652974258904,0.5272032176837702,0.1904332428842963,20.65112615232017,0.0084,0.7,10
0.0040529537866987,0.0076138241119185,0.5178617214452491,0.1943381080495274,20.692802040429644,0.0084,0.7,10
0.0042182855794369,0.0074289639673833,0.5551726848723896,0.1864435004632312,20.76993943455928,0.0084,0.7,10
0.0045538839461469,0.0070884305223336,0.6000128878057124,0.1657247849065986,20.776168358126583,0.0084,0.7,10
0.0046182408181273,0.0069563463901218,0.6132413923825241,0.1583414946477868,20.81646632082156,0.0084,0.7,10
0.0046406953414263,0.0068137723276246,0.6265171541986639,0.1502230903211844,20.87522583045785,0.0084,0.7,10
0.004693069504834,0.0066827383200056,0.6337296903152435,0.1419726340648661,20.89700349541853,0.0084,0.7,10
0.0048389852146869,0.0061508176624564,0.6368403645826143,0.1061490154369354,20.97026945455774,0.0084,0.7,10
0.0048049919423537,0.0062804031080051,0.6403561692417484,0.1151478464756024,20.9596306006657,0.0084,0.7,10
0.004770703163776,0.0064129080380189,0.6410383534535916,0.1242330380110191,20.94016697652845,0.0084,0.7,10
0.0047341503508895,0.0065498276372812,0.6387076104997077,0.1334083059442604,20.91914808150385,0.0084,0.7,10
0.0045849214785552,0.0034479970938743,0.2175262660720453,-0.0653162540051014,20.2845828729277,0.0084,0.7,10
0.0046370562565796,0.0035739490084439,0.2432004310465008,-0.0626860030506356,20.364453827515703,0.0084,0.7,10
0.0046838575763173,0.0036986591210654,0.268793820185185,-0.0589882979400185,20.46676473502903,0.0084,0.7,10
0.0047682355514705,0.0038287127185385,0.2946274763216312,-0.0514457549253453,20.544130428080816,0.0084,0.7,10
0.0047964356553207,0.003978377099358,0.3254253870134285,-0.04558098974514,20.6173096497192,0.0084,0.7,10
0.0048409730986856,0.0041167307386913,0.3529849363855514,-0.037616924460654,20.687329409430323,0.0084,0.7,10
0.0048843640599994,0.0042554715639801,0.3799815523854193,-0.0285951209369046,20.7341746839401,0.0084,0.7,10
0.0049211471206954,0.0043973234842194,0.4070381333405492,-0.0188846764471973,20.78447401463684,0.0084,0.7,10
0.0049649994222261,0.004540925736243,0.4329660810804072,-0.0076715597115637,20.81990726906992,0.0084,0.7,10
0.0050345150515122,0.0049800034521559,0.5072985962299508,0.0257695413534235,20.88257162633137,0.0084,0.7,10
0.0050238622630057,0.0047018916761412,0.4597480471922285,0.0064368166092781,20.83663747144789,0.0084,0.7,10
0.0050226538726806,0.004850131077554,0.4862731908593753,0.0160311914494982,20.868876220928744,0.0084,0.7,10
0.0044493454796548,0.003418814173199,0.2103596763138641,-0.0713558474242818,20.22910973665217,0.0084,0.7,10
0.0043048933968984,0.0033896541004885,0.2017442638013045,-0.0768955257287732,20.14522109473759,0.0084,0.7,10
0.0049982197505462,0.0057278463423797,0.6035029269954709,0.0793052709243462,20.901743117340107,0.0084,0.7,10
0.0049835997977706,0.0055916907965017,0.592423357428712,0.0682445624434149,20.934793589165505,0.0084,0.7,10
0.0049693124011212,0.0054557396717729,0.5789938789757904,0.0569990021348494,20.95390806303292,0.0084,0.7,10
0.0049211622909569,0.0050540174419452,0.5273498249011422,0.0233790660253433,20.9606898463854,0.0084,0.7,10
0.0049550477241814,0.0053200690857339,0.5633837424272495,0.0456944078875449,20.963584544389334,0.0084,0.7,10
0.0049392539531966,0.0051859089683177,0.5460467708594181,0.0344530951539561,20.96526270296073,0.0084,0.7,10
0.0048735768726449,0.0060237970111222,0.6306532361402598,0.0973622028883112,20.9667586693092,0.0084,0.7,10
0.0049127754686687,0.0059169239911443,0.6227505412719142,0.0903692718943894,20.97300798719809,0.0084,0.7,10
0.0048839414330292,0.0058038573448648,0.6180352955520235,0.0804550820714637,20.99577757602236,0.0084,0.7,10
0.0040402078525079,0.0032862692775828,0.1709743149898296,-0.0817689124530064,19.942040639080037,0.0084,0.7,10
0.0041419339976028,0.003361539210041,0.1911835044713487,-0.0819389196857815,20.079607415697467,0.0084,0.7,10
0.0034032570145831,0.0029876698359341,0.0614463439795109,-0.0502145850705811,18.948293664598484,0.0084,0.7,10
0.0035099921763591,0.0030199908371325,0.078457539701729,-0.0593767735441054,19.15598686506108,0.0084,0.7,10
0.0037368994202057,0.0030694833429128,0.1076904643629581,-0.0702245822682586,19.47772551891913,0.0084,0.7,10
0.0036219409763942,0.0030539084456484,0.0952990724640425,-0.0665622239642957,19.3467376475401,0.0084,0.7,10
0.0038758975786646,0.003188103429444,0.1414020326718594,-0.078953583463255,19.72119801570862,0.0084,0.7,10
0.0037725228111998,0.0031701688838558,0.1308579928361403,-0.0778846666418511,19.614614789932627,0.0084,0.7,10
0.0039371277466093,0.003278276971422,0.1643068594814398,-0.0833759040034927,19.856996329599838,0.0084,0.7,10
0.0033459052950989,0.0030518828720343,0.0674342985682263,-0.0535586083499742,18.97625799165982,0.0084,0.7,10
0.0036139142800279,0.0080377065681457,0.3947962944296209,0.1944720754641247,20.342007803810105,0.0084,0.7,10
0.0028067062077337,0.008316210692265,0.211210875419737,0.1274644004326456,20.08270193592324,0.0084,0.7,10
0.0029066018494816,0.0082597692356007,0.2514003366104497,0.146406607540089,20.224068765712563,0.0084,0.7,10
0.0034973094684881,0.0080764499529089,0.3763950792976649,0.1915676788777638,20.32623127312157,0.0084,0.7,10
0.0031167430983387,0.0082206718652579,0.2940661926445255,0.1666911012089391,20.167371387974217,0.0084,0.7,10
0.0031994613234575,0.0082287890871717,0.2998863546127468,0.1703661938568413,20.13471027739112,0.0084,0.7,10
0.0032864649013152,0.0081787289581978,0.3263262717342803,0.1789530342756984,20.232343745767757,0.0084,0.7,10
0.0033880579688466,0.0081159419640338,0.3563502892263011,0.1870799769819761,20.3236826794094,0.0084,0.7,10
0.0030088837197661,0.0082180645513738,0.282367748159002,0.1600640915875942,20.283199549038788,0.0084,0.7,10
0.0030764538717003,0.0081482223625367,0.3177775407644616,0.1721594632167263,20.43018239093893,0.0084,0.7,10
0.0038920019994971,0.0077999789383751,0.4710952216893401,0.1981692017152799,20.55983097048301,0.0084,0.7,10
0.0037693712857784,0.0078498074085921,0.4557510357827748,0.1994080301774566,20.570830947350903,0.0084,0.7,10
0.0036481844098123,0.0079000657425835,0.4383650653723072,0.1993614195526994,20.572744330831743,0.0084,0.7,10
0.0039277908322166,0.0076633661723917,0.5068669851855737,0.1976052713938556,20.72997404715313,0.0084,0.7,10
0.002308539915954,0.0084123873623139,0.042978524596637,0.02666346890778,19.99745050594837,0.0084,0.7,10
0.0022348112179433,0.0083997302163528,0.025586507953132,0.0155332706832986,20.189996369591185,0.0084,0.7,10
0.0024058745319842,0.008436092352423,0.0607242894362549,0.0388184832125407,19.87096375647459,0.0084,0.7,10
0.0024728576506739,0.008410645152459,0.0929969664349223,0.0587180430636968,19.91141923146947,0.0084,0.7,10
0.0023387248463126,0.0083904313156399,0.0646030642745785,0.0396027786353785,20.140349882482752,0.0084,0.7,10
0.0025540704280018,0.0083696324216431,0.1342520207790896,0.0829361046229782,20.038864153314577,0.0084,0.7,10
0.0026402118369794,0.0083206092713926,0.1772100306568369,0.1064498005947496,20.17616102513384,0.0084,0.7,10
0.002735762627706,0.008264509023834,0.2216915036334308,0.1288259009352581,20.31727951690574,0.0084,0.7,10
0.0032511834434938,0.0030216916519265,0.050163956629148,-0.0426106596420093,18.777798669293954,0.0084,0.7,10
0.0032188750207693,0.0029377112054985,0.0309843232651121,-0.0288084081190918,18.554090903932984,0.0084,0.7,10
0.0032028038614616,0.0028696316148697,0.0183451599419226,-0.0183503162875846,18.40672780626879,0.0084,0.7,10
0.0031854852839766,0.0028371156983175,0.0116395766049627,-0.0121492412980583,18.32829088644634,0.0084,0.7,10
0.003210659365441,0.0027654988321756,0.0059386740539995,-0.0066014678585385,18.2301795676474,0.0084,0.7,10
0.0043870491209701,0.0072429623682597,0.583814408605407,0.175980559107714,20.799400254326244,0.0084,0.7,10
0.004426851368489,0.0071147540265444,0.6022086415634718,0.1695188068442069,20.866174392453456,0.0084,0.7,10
0.0042576656940336,0.0072910311183506,0.5804595287924492,0.1808899940742369,20.87668006579461,0.0084,0.7,10
0.0040903066972181,0.0074772359263594,0.548369672886665,0.1909060129678382,20.82815555812974,0.0084,0.7,10
0.0039635939804882,0.0075266096178445,0.5400317367362834,0.1949320142757598,20.88266371397244,0.0084,0.7,10
0.0041281678335694,0.0073396995421691,0.5760759432731075,0.1857183902398633,20.94857826209703,0.0084,0.7,10
0.0044743942996584,0.00698323480942,0.6175920244871221,0.1618869213985936,20.916650693942625,0.0084,0.7,10
0.0045567193432267,0.0067126355976642,0.6403924112397695,0.1444702180815503,21.01221308517135,0.0084,0.7,10
0.0045156281511996,0.0068482904812461,0.63062120562316,0.1535635391469587,20.96502371243357,0.0084,0.7,10
0.0047400047277696,0.0060493705557825,0.6422338275943337,0.0956397458815142,21.094991436881312,0.0084,0.7,10
0.0046013699914563,0.0065818938028386,0.6462544334824437,0.1353284367854977,21.042962574837464,0.0084,0.7,10
0.0044749615496667,0.0066088149379187,0.6539108020721781,0.1371640449584657,21.15445191052796,0.0084,0.7,10
0.0047088293242641,0.0061833878409754,0.6474871281990695,0.1058531630285024,21.09016048615641,0.0084,0.7,10
0.0046754857248193,0.0063135708904129,0.6499514427974709,0.1156549017681782,21.07287724245464,0.0084,0.7,10
0.004639751136092,0.0064475214144752,0.649591036200856,0.1255890259359039,21.05774180639453,0.0084,0.7,10
0.0045023483862645,0.0035482148410213,0.2378810479062747,-0.0698732656228059,20.33272252958996,0.0084,0.7,10
0.0045581666882513,0.0036787336975707,0.2657504261323551,-0.0666144219306275,20.431086953831286,0.0084,0.7,10
0.0046151693785204,0.0038092900293113,0.2934202102289763,-0.0616284180373787,20.532718142691067,0.0084,0.7,10
0.0046606266081166,0.0039428763729792,0.3216130093888049,-0.0558654491483939,20.604813428092545,0.0084,0.7,10
0.0047015380081067,0.0040819067731829,0.3506600538103021,-0.0488698988071987,20.68741171145223,0.0084,0.7,10
0.0047430495134673,0.0042206401045148,0.3789377493062454,-0.0405161221899263,20.75589458282212,0.0084,0.7,10
0.0047811306687179,0.0043600510028091,0.4066029406535531,-0.0312290973628058,20.81225331608524,0.0084,0.7,10
0.0048183204866071,0.0045007144960223,0.4334461505699463,-0.0209133664817576,20.858433180520876,0.0084,0.7,10
0.0048564240852235,0.0046444701436052,0.4594655641945902,-0.0094683741397283,20.89663543232393,0.0084,0.7,10
0.0049002466110697,0.0049208923076609,0.5069162033594692,0.0122688142252742,20.9484501719426,0.0084,0.7,10
0.004883395473114,0.004787250954207,0.4844669587213293,0.0017794104486999,20.92299705944404,0.0084,0.7,10
0.004360075802935,0.0035199692407944,0.2307228769330243,-0.0767308442582597,20.280670068938104,0.0084,0.7,10
0.0042137160573731,0.0034940259792026,0.2225773594264125,-0.0828653259141422,20.22014976230101,0.0084,0.7,10
0.0048697613767276,0.0056689262406781,0.6086348666527984,0.0689592173735013,21.03014000858041,0.0084,0.7,10
0.0048548605793497,0.005532439634633,0.5966149932278649,0.057057529950468,21.047005890396463,0.0084,0.7,10
0.0048405593510349,0.005396855856798,0.58224103015022,0.0451591660204827,21.055472830792525,0.0084,0.7,10
0.0047902701618632,0.0049991394030036,0.5282210102960857,0.0103627169928186,21.034664834340003,0.0084,0.7,10
0.0048098319316859,0.0051287077510646,0.5475021297913484,0.0216804106880648,21.04725970457872,0.0084,0.7,10
0.0048259809439364,0.005261793076974,0.5657091279560574,0.0333129115076679,21.05512045736921,0.0084,0.7,10
0.0047746457458631,0.0059109366405768,0.6335802182534848,0.0851656330033677,21.09560714355874,0.0084,0.7,10
0.0047552510153255,0.0057511095597203,0.624995826287777,0.0708015720440763,21.133241406611663,0.0084,0.7,10
0.004008822722354,0.0033800814588407,0.1904351639948948,-0.0865164029751316,20.03240012574234,0.0084,0.7,10
0.0040662167144108,0.0034767656532965,0.2147795894360444,-0.0881858480377884,20.154062379673388,0.0084,0.7,10
0.0034507502666123,0.0030865590095006,0.0858212726190377,-0.063256244394621,19.17844218024841,0.0084,0.7,10
0.0035594948824301,0.0031183141858162,0.1029476695477084,-0.0704447813561377,19.3658401700618,0.0084,0.7,10
0.0036652985485754,0.0031584837191966,0.1203902361427892,-0.0761213800718199,19.51221441249052,0.0084,0.7,10
0.0038212117742679,0.0032592606369811,0.1535301112735885,-0.0836223344381951,19.787853898148267,0.0084,0.7,10
0.0037297260085773,0.0032349805541854,0.1420469523280217,-0.0822815039702088,19.691925122269488,0.0084,0.7,10
0.0038734811504513,0.0033579782463567,0.1791106609430414,-0.0886059604166352,19.92865854518141,0.0084,0.7,10
0.0033920676680272,0.0031523853326862,0.0938904182898339,-0.0673319433266272,19.22056553747717,0.0084,0.7,10
0.0032869059254561,0.0031156586982697,0.073863644849742,-0.056996274008717,19.01395119565673,0.0084,0.7,10
0.002239210613581,0.0083686048244851,0.0453197506155683,0.0269369142191988,20.284853959330366,0.0084,0.7,10
0.0021654379583486,0.0083575844122367,0.026926612504562,0.0156543019140607,20.490091022133917,0.0084,0.7,10
0.003529496139681,0.0079477374569017,0.4197194769511628,0.1979059813200706,20.56482834903458,0.0084,0.7,10
0.0028344952495763,0.0082081905081119,0.2628554089387607,0.1476234529312936,20.43788486104358,0.0084,0.7,10
0.0029259046286551,0.0081703558711561,0.2915736211119821,0.1600862238436553,20.47908440490782,0.0084,0.7,10
0.0034134981889444,0.00799611986336,0.3987015295864485,0.1947365586549289,20.559414456762013,0.0084,0.7,10
0.0031777813209561,0.0081234697849122,0.3370416209656852,0.1795785963099159,20.425503308136797,0.0084,0.7,10
0.0033013944392155,0.0080512628861542,0.373042316926315,0.1893292975553845,20.52781588834561,0.0084,0.7,10
0.0030036079693835,0.0081164504224683,0.3228367682896085,0.1714034199679153,20.56071591035136,0.0084,0.7,10
0.0030875840032444,0.0080554059782693,0.3553669943014655,0.181568498755909,20.65788043476098,0.0084,0.7,10
0.0038038557559459,0.0077133933252162,0.4941293349513233,0.2000458783345293,20.760606293557373,0.0084,0.7,10
0.0035603419369286,0.0078148579252318,0.462538441441219,0.2015928332257535,20.79777702438409,0.0084,0.7,10
0.0036812991403432,0.0077640083591826,0.4793930724925481,0.2014501412204355,20.78367118940659,0.0084,0.7,10
0.0038383532013434,0.0075764234304722,0.5300834546385196,0.1983377969853569,20.93243669460212,0.0084,0.7,10
0.0022676441689539,0.0083464984962412,0.0674072378179582,0.0396022095127409,20.43237454456786,0.0084,0.7,10
0.0024038100814903,0.0083639495029301,0.0980117714399805,0.0593824618808986,20.1785160575685,0.0084,0.7,10
0.0024842856656058,0.0083214672866039,0.1413656416128122,0.0838499920924802,20.299207482918515,0.0084,0.7,10
0.0023337718313599,0.0083185371766598,0.1031680730917401,0.0599355594036547,20.460586821194852,0.0084,0.7,10
0.0025694880649119,0.0082715036338297,0.1861090190108839,0.1074386763865549,20.4283687088096,0.0084,0.7,10
0.0026640442739795,0.0082147036967007,0.2322103545823935,0.1298575542524079,20.567596420010293,0.0084,0.7,10
0.0027609777545127,0.0081557114442202,0.2755520891340593,0.148909788904003,20.67879082001893,0.0084,0.7,10
0.0031925732901056,0.0030833173176944,0.0549984559660678,-0.045298803564733,18.81060563543791,0.0084,0.7,10
0.0031620481296713,0.002998664558395,0.0341502610812604,-0.030742778187611,18.57582971117029,0.0084,0.7,10
0.0031473579968222,0.0029317782324603,0.020565376840286,-0.0198511539248155,18.41424262120284,0.0084,0.7,10
0.0031315515885244,0.0028965046572422,0.012909383270663,-0.013015689866936,18.32901682180052,0.0084,0.7,10
0.0031572422207583,0.0028263325938317,0.0066421128595311,-0.0071145181509567,18.21151115221937,0.0084,0.7,10
0.0042976385794517,0.0071537596389597,0.60242313311376,0.1740177192420232,20.96030510147742,0.0084,0.7,10
0.0043416120729763,0.0070175240296843,0.6205831969813258,0.1659774308577775,21.035720130200165,0.0084,0.7,10
0.004166710753275,0.0072017893217365,0.6005995939076926,0.1789593221642665,21.049849437999672,0.0084,0.7,10
0.0039996202058356,0.0073893916072788,0.5703280197597104,0.1903076262298024,21.01843118482673,0.0084,0.7,10
0.0038722984347674,0.0074400698428877,0.5629752352095201,0.1944926833076248,21.08560171593561,0.0084,0.7,10
0.0040357291442972,0.0072520612622075,0.5974232845682934,0.183926496605836,21.136411881817875,0.0084,0.7,10
0.0043901494446734,0.0068740634025761,0.6357467166456524,0.1564905520747629,21.08724856682835,0.0084,0.7,10
0.0044301719873865,0.0067406802955998,0.6468048657428609,0.1470176498343651,21.14087349712462,0.0084,0.7,10
0.0046270340528601,0.005964020269013,0.6488441998195285,0.0848175912878265,21.2165974203932,0.0084,0.7,10
0.0046111746025469,0.0060884719711013,0.654273868882519,0.0955125537863646,21.206912080418537,0.0084,0.7,10
0.0043534067288732,0.0066428993871838,0.6609485417547464,0.1398473235232209,21.25380894619919,0.0084,0.7,10
0.0045122615895938,0.0064804264294062,0.6582698138495466,0.1272620899061202,21.18825732474467,0.0084,0.7,10
0.0043985149848333,0.0065117718450555,0.6660896948598546,0.129139466292089,21.281031655512557,0.0084,0.7,10
0.0045823084046838,0.0062178192758237,0.6582581414408498,0.1060992780935911,21.20505164421768,0.0084,0.7,10
0.0045445359963691,0.0063465016884998,0.660040939643877,0.1164893963272232,21.192491221055807,0.0084,0.7,10
0.0045100076674213,0.0061368642960491,0.6642034849895686,0.097294955250901,21.28475318184668,0.0084,0.7,10
0.0044164337474493,0.0036490209724906,0.2596224486785917,-0.0746864409160422,20.39748422216363,0.0084,0.7,10
0.0044713717767403,0.00377916306599,0.2886125522149278,-0.070971081529622,20.50465316880815,0.0084,0.7,10
0.0045191288575055,0.0039115907260496,0.3178611997972016,-0.0660109079365614,20.60184144135008,0.0084,0.7,10
0.0046768699555897,0.0044619024888175,0.4333784597792985,-0.033668216441759,20.900356171933137,0.0084,0.7,10
0.0045630422989815,0.0040473742952433,0.3474574849071035,-0.0597117784161082,20.689520695510183,0.0084,0.7,10
0.0046050632935318,0.0041854472051095,0.3769019274526636,-0.0520108139279051,20.769764047152407,0.0084,0.7,10
0.0046433233665128,0.0043243372017058,0.4057334776349264,-0.0432161649778546,20.8413616235278,0.0084,0.7,10
0.0047093586220915,0.0045996157210051,0.4597958578487535,-0.0231945461109645,20.95033260614873,0.0084,0.7,10
0.0047388312727136,0.0047367358077911,0.4848037597667323,-0.0121398253194197,20.9891304257572,0.0084,0.7,10
0.0047586948457258,0.0048696716067198,0.5081017944180709,-0.0014222478500689,21.02101149897648,0.0084,0.7,10
0.0042737181329372,0.0036200856867059,0.2522991624075859,-0.0820282661512737,20.35234578214002,0.0084,0.7,10
0.0041324047005687,0.0035934732362342,0.2440614487684904,-0.0883988829117825,20.298158270141855,0.0084,0.7,10
0.0047397863404945,0.005609536468781,0.6141408388398472,0.0578433423873874,21.14916290251912,0.0084,0.7,10
0.0047255374718849,0.0054736605765336,0.6010662081179281,0.0452934625378488,21.156177316531213,0.0084,0.7,10
0.0047124169863683,0.0053383952557268,0.5855401709262199,0.032870918769114,21.155861419884754,0.0084,0.7,10
0.0046677160689486,0.0049447449377518,0.5282381716007257,-0.0022857376217774,21.105869410580585,0.0084,0.7,10
0.0046837225638301,0.0050704382025385,0.5483089605172417,0.0086944455805562,21.126580978623647,0.0084,0.7,10
0.0046986296086645,0.0052021402715976,0.5676159507202653,0.0204781947639736,21.14646524252656,0.0084,0.7,10
0.0046363397269532,0.0058267099530271,0.6407314007242356,0.0727576148609425,21.235995063597542,0.0084,0.7,10
0.0045099226255571,0.0058872920843944,0.6561436474087148,0.0737049118149906,21.3542557709578,0.0084,0.7,10
0.0046240730991352,0.0056893691524456,0.6317018206822221,0.0596455748755501,21.252194717374348,0.0084,0.7,10
0.0039363841139193,0.0034602537878926,0.2062881744742548,-0.0917985392374876,20.092523758778466,0.0084,0.7,10
0.0039960671083799,0.003568541429308,0.2348147862079179,-0.093502331265666,20.24180343149309,0.0084,0.7,10
0.0034960527602277,0.0031879071165314,0.1123416858496307,-0.0749243767392927,19.3905938729567,0.0084,0.7,10
0.0035847986222567,0.0032028339204672,0.1236300377918509,-0.0783468107920375,19.51505584780428,0.0084,0.7,10
0.0036515188962547,0.0032586282170765,0.1417673272321215,-0.083697906731354,19.635389136939988,0.0084,0.7,10
0.0037385186929195,0.0033260585615769,0.1637788339410602,-0.0884464757957669,19.820480936648035,0.0084,0.7,10
0.0038079311470527,0.0034355139914877,0.1943846964087094,-0.0938058230015804,20.001381598695488,0.0084,0.7,10
0.0034412451585706,0.0032564905718966,0.1233128274390141,-0.0798482601711281,19.486167839714227,0.0084,0.7,10
0.0033313330313552,0.0032175095145444,0.1024409655900025,-0.071440186812405,19.278569986042417,0.0084,0.7,10
0.0032263375413046,0.0031781648356747,0.080598120984187,-0.0604018640136516,19.06445265553048,0.0084,0.7,10
0.0021682137558302,0.0083257445216609,0.0477118894378904,0.027135416898352,20.59502542018164,0.0084,0.7,10
0.0020952721517983,0.0083167721440305,0.0282986262491538,0.0157445330943903,20.818846257631836,0.0084,0.7,10
0.0021971420230118,0.0083037038190618,0.0708483442597553,0.0398707385433553,20.74141034320848,0.0084,0.7,10
0.0020972391792044,0.0082849043150115,0.0500346416890922,0.027223214998398,20.930141926852272,0.0084,0.7,10
0.0020243403885003,0.0082773063930745,0.0297096414956439,0.0157977443346027,21.16272304671529,0.0084,0.7,10
0.0034410322890825,0.0078661241611312,0.4433014959038447,0.2002200852140043,20.80480115811337,0.0084,0.7,10
0.0028463885903064,0.0081119867826893,0.3067356790167475,0.1616223952071649,20.70876220366243,0.0084,0.7,10
0.0029318385698603,0.0080891624548681,0.3264501307119259,0.1699753472765017,20.73720721021467,0.0084,0.7,10
0.0033236492137181,0.0079191710991082,0.4209602574615639,0.1970496899170287,20.795098173712123,0.0084,0.7,10
0.0032002598895799,0.00797209006522,0.3954621646156792,0.1916994282124347,20.773197063631237,0.0084,0.7,10
0.0029919267889385,0.008020672345053,0.3609481005439754,0.179966458657492,20.840364449551547,0.0084,0.7,10
0.0030754768617861,0.0079515266080757,0.3952512564343897,0.188899545649801,20.970181967332863,0.0084,0.7,10
0.0037141736826623,0.0076277233304613,0.518034121669727,0.2009625353246679,20.976371634449944,0.0084,0.7,10
0.003469724122464,0.0077317825014526,0.4873593180590291,0.2029021137114507,21.04262340274252,0.0084,0.7,10
0.0035913590871445,0.007679393771949,0.5039102261881524,0.2025662145376372,21.01307595285004,0.0084,0.7,10
0.0037465975726884,0.0074912478944765,0.5538899625074701,0.198077816502128,21.148913361640695,0.0084,0.7,10
0.0022627329215103,0.0082744609306494,0.108429860423411,0.0603358634477452,20.76203212179149,0.0084,0.7,10
0.0024136555213594,0.0082745952606422,0.1487196464997426,0.0846138583750333,20.57742113242392,0.0084,0.7,10
0.0024977550785388,0.0082233101773303,0.1954503692682842,0.1082938186068825,20.70260688813173,0.0084,0.7,10
0.002341955223273,0.00822904985771,0.1562459554862443,0.0851887444523587,20.87344118857447,0.0084,0.7,10
0.0025908113100395,0.008165419402593,0.2432715092080476,0.1306620798052207,20.828744406430957,0.0084,0.7,10
0.0026883950738919,0.008109994884019,0.2862582638590986,0.1492512748377605,20.9460436482746,0.0084,0.7,10
0.002772518713286,0.0080548895949438,0.3232678755540628,0.1633708817421426,21.01552364735993,0.0084,0.7,10
0.0031327138190319,0.0031436925397436,0.0600724664033006,-0.0479678865990692,18.85579256335311,0.0084,0.7,10
0.0031039964472968,0.0030585124472283,0.0375123600090076,-0.0326713716472588,18.606386031263835,0.0084,0.7,10
0.003090731851463,0.0029913844581217,0.0227023174061137,-0.0211732268639002,18.430604776981923,0.0084,0.7,10
0.0030766370516386,0.0029547646942158,0.0142663418232502,-0.013889302817297,18.33965308656062,0.0084,0.7,10
0.0031026681560103,0.0028861309790881,0.0073919403007955,-0.007634121462362,18.208601095246475,0.0084,0.7,10
0.0042066645508435,0.0070625845778476,0.6217989503625123,0.1707722267808507,21.134217617828043,0.0084,0.7,10
0.0042509889870456,0.0069166032308164,0.6399026781305955,0.1608948451873119,21.209055053693813,0.0084,0.7,10
0.0040723135113461,0.0071133911964648,0.6212829404112749,0.1759226300155665,21.236871943247653,0.0084,0.7,10
0.0039064924215912,0.0073028462530119,0.5928750702220921,0.1886543785960808,21.2214433562763,0.0084,0.7,10
0.0037788692975358,0.0073537797576866,0.586821190481488,0.1929657426054471,21.30405092798895,0.0084,0.7,10
0.0039407459108369,0.0071648715924933,0.6194514322379598,0.1810112385552738,21.339394741238117,0.0084,0.7,10
0.0042901667084926,0.0067573779649176,0.6555708782067017,0.1490435680310456,21.26767308351581,0.0084,0.7,10
0.0042540159295762,0.0066397176900442,0.6693966329269833,0.139595352322664,21.401841080524388,0.0084,0.7,10
0.0044901168884976,0.0060213404091918,0.6636889819062298,0.0859109095052349,21.3580495498713,0.0084,0.7,10
0.0042855874394235,0.0065404548965599,0.6740291548167536,0.1309884655496582,21.40879616577937,0.0084,0.7,10
0.0044144231456086,0.006386098075487,0.6703049684360435,0.1184161913178851,21.34088108702979,0.0084,0.7,10
0.0043204496707777,0.0064403889133527,0.6765597904500442,0.122238212197508,21.40604952264128,0.0084,0.7,10
0.0044437920512902,0.0062382710167904,0.6705809535710975,0.1053081366768615,21.34539623466148,0.0084,0.7,10
0.004422646390295,0.0061184188071708,0.6722674202581368,0.0934407905905733,21.44468921701609,0.0084,0.7,10
0.0043286906302237,0.0037476828113487,0.282192258474954,-0.0795698885045543,20.47304325119759,0.0084,0.7,10
0.0043791490856173,0.0038782495632086,0.3124581236651443,-0.0755770888308937,20.583929010200382,0.0084,0.7,10
0.0045708035073073,0.0045615040173431,0.4604234845339869,-0.0358598512613099,21.001727043287577,0.0084,0.7,10
0.0044246305856842,0.004012543032064,0.3431486377464004,-0.0701445366821302,20.688476701423152,0.0084,0.7,10
0.0045392068565254,0.0044255633237471,0.4329983174331007,-0.045905978202064,20.93850963717896,0.0084,0.7,10
0.0044666581558927,0.0041498438313618,0.3738954420501985,-0.0632450416813716,20.781393960502896,0.0084,0.7,10
0.0045075740125669,0.0042885025401887,0.4040052068995103,-0.0548690946001433,20.865129356746756,0.0084,0.7,10
0.0045970662969729,0.0046973006176619,0.4866323217944992,-0.0252442721405734,21.05447688210688,0.0084,0.7,10
0.0046283258012644,0.004822438828026,0.5088317567313206,-0.014183299384013,21.08755562330794,0.0084,0.7,10
0.0044729584382699,0.0046603131785221,0.4873948593921268,-0.0368707853539175,21.102982170526563,0.0084,0.7,10
0.0041894130749096,0.0037162022585304,0.2743647363128994,-0.0871630738957043,20.43280074181246,0.0084,0.7,10
0.0040531548818583,0.0036849642953403,0.2651330469312282,-0.0936293656626189,20.385234409855897,0.0084,0.7,10
0.0046093801410386,0.0055549834538732,0.6203714255662242,0.0465501512019599,21.2661458462732,0.0084,0.7,10
0.004597674969126,0.0054177514289686,0.6058220592351015,0.0333229177948742,21.264583636633063,0.0084,0.7,10
0.0045643433791696,0.0049082417185385,0.5295874242859727,-0.0123450951345253,21.163904472755085,0.0084,0.7,10
0.004586060036363,0.0052792412942789,0.5885164717120595,0.0201511194412911,21.257675060729422,0.0084,0.7,10
0.0045619239197901,0.0050112421610198,0.5481938259593094,-0.0043472899874458,21.202609529619554,0.0084,0.7,10
0.0045743588347337,0.0051416521344032,0.5688669366641878,0.0073889650466079,21.23554583721776,0.0084,0.7,10
0.0045093654960494,0.0057645857151418,0.6484669102696027,0.0618439413299546,21.368413189603118,0.0084,0.7,10
0.0043956849530149,0.0059285533000784,0.669397149399614,0.0738480623373993,21.47944364156155,0.0084,0.7,10
0.0044231890644421,0.0058286248872952,0.661276679710623,0.0647058484899182,21.470178757567844,0.0084,0.7,10
0.0044947759307298,0.0056393000220008,0.6395397308099219,0.0489843164775265,21.380339976790708,0.0084,0.7,10
0.0038654719922031,0.0035425155830671,0.22392055082552,-0.0971515430353229,20.17187169136406,0.0084,0.7,10
0.003921144929275,0.0036529280169547,0.2541924045186848,-0.0987452780916928,20.32750960655682,0.0084,0.7,10
0.0035515469151213,0.0032855555278365,0.1402392421623736,-0.0848034734888184,19.615778902230208,0.0084,0.7,10
0.0036380171899974,0.0033373796415104,0.1597172952253185,-0.0894278190014759,19.76751166060318,0.0084,0.7,10
0.0036881523113195,0.0034118842782206,0.1816719141286274,-0.0942340898548774,19.880864439606903,0.0084,0.7,10
0.0037454422525739,0.0035075620601668,0.2095669236417003,-0.0987101415668321,20.09141473006533,0.0084,0.7,10
0.0034752048058892,0.0033468032664009,0.1492057628472382,-0.0888487076596015,19.667622182000034,0.0084,0.7,10
0.0031643734659737,0.0032392838460547,0.0876254965488429,-0.063751196835618,19.12511823111125,0.0084,0.7,10
0.0033749616844052,0.0033220520323262,0.1334089178386441,-0.0841851620443561,19.53296651162813,0.0084,0.7,10
0.0032676756922212,0.0032812941386987,0.1112427502090701,-0.075429674025512,19.34068599926538,0.0084,0.7,10
0.0020269152199268,0.0082461837333283,0.0523776032092546,0.0272504483125096,21.26678171551315,0.0084,0.7,10
0.0019526687850333,0.0082392005235627,0.0311644143154919,0.015818617432775,21.542572719332508,0.0084,0.7,10
0.0019556004669989,0.0082084956649446,0.0548888847876077,0.0272675281907001,21.646092658855647,0.0084,0.7,10
0.0018802828814813,0.0082024687289742,0.0326695567523227,0.0158032420170065,21.926824978260345,0.0084,0.7,10
0.0021288436711615,0.0082616219839725,0.0757626850685956,0.0407883552846227,21.064750741690776,0.0084,0.7,10
0.0021907653482782,0.0082317411559004,0.1138038367518124,0.0605913316981504,21.087716023558887,0.0084,0.7,10
0.0020567050809909,0.0082215485727763,0.0794094825118184,0.0408374438622937,21.41591545416817,0.0084,0.7,10
0.0033490192291628,0.0077867565560669,0.4674692604872036,0.2016712526169186,21.063110971778496,0.0084,0.7,10
0.0028782253168829,0.0080003582569375,0.3591162334061922,0.1759983359198967,21.076490191303595,0.0084,0.7,10
0.0032346496464618,0.0078394915830599,0.4457170732823323,0.198792392536722,21.08101617021457,0.0084,0.7,10
0.0031374989096755,0.007879746552768,0.4265767340712242,0.195026673704918,21.068115509030942,0.0084,0.7,10
0.0029764538055791,0.0079176234782341,0.4022041482321685,0.1874566157868291,21.16628077607319,0.0084,0.7,10
0.0030591392920753,0.0078636190151344,0.4289331598048261,0.193645573416639,21.2375028085687,0.0084,0.7,10
0.0036225307883374,0.0075429623589013,0.5428290355587321,0.2008879470082285,21.209397239859527,0.0084,0.7,10
0.0033764561124416,0.0076483239034238,0.5136642778271966,0.2032714422297152,21.306140792762687,0.0084,0.7,10
0.0034998979680636,0.0075951081716886,0.5295696328040763,0.2027043635814589,21.26398618757003,0.0084,0.7,10
0.0036526344569285,0.0074050721649752,0.579012004932125,0.196707929706079,21.384610714631293,0.0084,0.7,10
0.0022691607903509,0.0081848863356121,0.1639013149759352,0.0855398880127962,21.1901323420874,0.0084,0.7,10
0.002425203780415,0.008176220546329,0.2052026494815565,0.1089885467487983,20.99074973274034,0.0084,0.7,10
0.0025170260316096,0.0081165664397585,0.2552106582924149,0.131443973089029,21.11429974157993,0.0084,0.7,10
0.0023516924825991,0.008130405800956,0.2152414677377771,0.1094710431821432,21.30437188342575,0.0084,0.7,10
0.0026092496684483,0.0080562002071876,0.3010020300348,0.1500751515964947,21.185305633744026,0.0084,0.7,10
0.0026885846201068,0.0080260461018752,0.3264682636436442,0.1606101712936961,21.22111654502632,0.0084,0.7,10
0.0027534224325026,0.0079391737358375,0.3745014148050192,0.1746747212216055,21.36834055194282,0.0084,0.7,10
0.0030718390552652,0.0032028426333205,0.0654266563764456,-0.0506239751138961,18.91505256172149,0.0084,0.7,10
0.0030448004332108,0.0031171982575382,0.0410477592496698,-0.0345851953936491,18.649584612121966,0.0084,0.7,10
0.0030330826928096,0.0030467870294452,0.0243757895595009,-0.0220201405174602,18.458855601190184,0.0084,0.7,10
0.0030194206109281,0.0030132138576563,0.0157429393387671,-0.0147871690805296,18.366051351895944,0.0084,0.7,10
0.0030469579074326,0.0029448727085074,0.0081899703649655,-0.0081547451326083,18.21801797437849,0.0084,0.7,10
0.0041091444858387,0.0069726717868186,0.6417181528452548,0.1664251720727203,21.32263685879271,0.0084,0.7,10
0.004143328853445,0.0068308561646392,0.6585512572861231,0.1556776699485948,21.406563221663948,0.0084,0.7,10
0.0039746244316304,0.0070259172694363,0.6425069443434329,0.1717538773569061,21.441228646689268,0.0084,0.7,10
0.0038114179052616,0.0072160401954384,0.6163186650801259,0.1858361302148233,21.44008337827262,0.0084,0.7,10
0.0036836205997863,0.00726677748334,0.611768246107966,0.1902487500002194,21.539121269685,0.0084,0.7,10
0.0038436407807643,0.0070779206001455,0.6421621637422329,0.1769064668416524,21.55705709543784,0.0084,0.7,10
0.0041642843877109,0.0066970721528719,0.6718295362805639,0.1446932490708836,21.462576017973603,0.0084,0.7,10
0.0041715154242981,0.0065694990928998,0.682434417410266,0.1332812454384476,21.557140760960014,0.0084,0.7,10
0.0043560246361147,0.0060419517999989,0.6774930095761756,0.0840961160807672,21.52447721860892,0.0084,0.7,10
0.0042154527191928,0.0064369423770758,0.686606597241637,0.1209802077917726,21.5698268315964,0.0084,0.7,10
0.0042890616904637,0.0063162837680812,0.6840568785051097,0.1101570607875208,21.522995935463907,0.0084,0.7,10
0.0043225612093696,0.0061654391674614,0.6825538529883693,0.0958742268571101,21.524556145112737,0.0084,0.7,10
0.0042938824954692,0.0059575293002097,0.6812038731348802,0.0735316291593679,21.599326856037383,0.0084,0.7,10
0.0042414224085234,0.0038433501368995,0.305365620799493,-0.0843272802237896,20.558236746355387,0.0084,0.7,10
0.0042886541191848,0.0039751367521784,0.3369996192044975,-0.0799195814679217,20.67615221649405,0.0084,0.7,10
0.0044438708291473,0.0045248927827478,0.4601165873061302,-0.047492525181859,21.04496734969062,0.0084,0.7,10
0.0043298034061338,0.0041130142358083,0.369498333953218,-0.0740086759564612,20.795450251893158,0.0084,0.7,10
0.0044100840067465,0.0043894015518139,0.4315155301053752,-0.057347592998971,20.9729807490349,0.0084,0.7,10
0.0043692129189497,0.0042521614669281,0.4013994427989591,-0.0664529571223501,20.88637196321586,0.0084,0.7,10
0.0044917692297724,0.0048022050344737,0.5149070920983939,-0.0255868295950444,21.18076990596651,0.0084,0.7,10
0.00438226470944,0.0047250337504499,0.507110600140907,-0.0390784770897273,21.208915954266438,0.0084,0.7,10
0.0043484200736524,0.0046188222675628,0.4866077144193599,-0.0487962805436645,21.161677202202476,0.0084,0.7,10
0.0041056589612132,0.0038075405911866,0.2966148414552243,-0.0921199006669131,20.524125512035933,0.0084,0.7,10
0.0039725964808822,0.0037709145504935,0.2860977752650886,-0.0987335691309987,20.480332677857863,0.0084,0.7,10
0.0044823555773837,0.0055025207972928,0.6267076134809195,0.035064331061794,21.393894138596465,0.0084,0.7,10
0.0044705322280229,0.0053591873285497,0.6101331248426328,0.0206183511743205,21.383348659486355,0.0084,0.7,10
0.0044523671884371,0.0049428623307107,0.5448643565307871,-0.0174693258521269,21.269284361821096,0.0084,0.7,10
0.0044627934615926,0.0052170075508694,0.5904822319030769,0.0069346445560393,21.35696235022822,0.0084,0.7,10
0.0044530187996421,0.0050794904248886,0.5691196310723304,-0.0059433712617985,21.322533041920327,0.0084,0.7,10
0.0043868257108287,0.0057283698299939,0.6579694800458299,0.0530176798285045,21.494972129868724,0.0084,0.7,10
0.0043022575609071,0.0058350845481371,0.6742848953315767,0.0607681902733869,21.614080269745607,0.0084,0.7,10
0.0043779885720855,0.0055940622044039,0.6469246931712004,0.0388156004937923,21.50140613542729,0.0084,0.7,10
0.0037942158095445,0.0036177963445402,0.2409156867190527,-0.1022383663100858,20.25374417997097,0.0084,0.7,10
0.0038440985374497,0.003732586567925,0.2735166428550044,-0.1038736093737637,20.42248038997775,0.0084,0.7,10
0.0035765857363293,0.0034034006977979,0.1718962421381556,-0.0942150377452898,19.83368834278122,0.0084,0.7,10
0.0036466780342625,0.003484565728221,0.1981015523446885,-0.0990728945677127,20.004969105754864,0.0084,0.7,10
0.0036683875427586,0.0035768863826662,0.2243295252995522,-0.1038520584499667,20.14275172862952,0.0084,0.7,10
0.0034852944770824,0.0034380268894314,0.1743581448166023,-0.0964322089208588,19.83528379387766,0.0084,0.7,10
0.0031014325000745,0.0032990488173273,0.0949916291970629,-0.0670668629146202,19.2002679791754,0.0084,0.7,10
0.0033974137438079,0.0034155668449547,0.1607759616510814,-0.0935437480735635,19.71118716165685,0.0084,0.7,10
0.003203673465057,0.0033433596001702,0.1204566827656459,-0.0793866552054285,19.41790706515181,0.0084,0.7,10
0.0033085467821099,0.0033872405203494,0.1443641487828348,-0.0886569575502658,19.61044180552744,0.0084,0.7,10
0.0018804439944585,0.0081705258792264,0.0576373846947253,0.0272431492014841,22.047954426113066,0.0084,0.7,10
0.0018072081120365,0.0081671257344649,0.0341926336236508,0.0157570844432244,22.360342446233343,0.0084,0.7,10
0.0019823612495425,0.0081831966953576,0.0824196795065569,0.0404415331537302,21.798703377885044,0.0084,0.7,10
0.0019072660081797,0.0081462193562419,0.0854799221489962,0.0400039463195801,22.2007258527048,0.0084,0.7,10
0.0021179908758418,0.008190401620065,0.1193210439608326,0.0607280079245646,21.43229678224588,0.0084,0.7,10
0.0021954410587541,0.0081418831538768,0.1718671229042263,0.0857421528352855,21.52868554694602,0.0084,0.7,10
0.0020444738454418,0.0081504665474288,0.1249708862887735,0.060718386021397,21.798602745674604,0.0084,0.7,10
0.0032527991051229,0.0077020642997938,0.4948499089082606,0.2023526113260899,21.35307924806583,0.0084,0.7,10
0.0028750346771951,0.0078689904355435,0.4157069041747637,0.1866470925548815,21.427252295910677,0.0084,0.7,10
0.0031168024988721,0.0077702616294039,0.4673423668423905,0.199015364457439,21.387656405680392,0.0084,0.7,10
0.0029894656215082,0.0077989350855774,0.45136975190257,0.1946880918149807,21.48138832995925,0.0084,0.7,10
0.0032787348635599,0.0075660607657634,0.5410305523977804,0.2026151819331114,21.58296427797657,0.0084,0.7,10
0.0035276179311048,0.0074557080221798,0.569510909782744,0.1996932524585119,21.469349842445897,0.0084,0.7,10
0.0034057144028339,0.0075060111453884,0.557977594243973,0.2017091638268109,21.542390566196406,0.0084,0.7,10
0.0035556071330509,0.0073159085883769,0.6059940164648304,0.1940599487790368,21.639644100450152,0.0084,0.7,10
0.0022769339812172,0.0080858369485191,0.2255341863544375,0.109673716815301,21.633958563054023,0.0084,0.7,10
0.0024430981483544,0.0080691606143651,0.2675096573243596,0.1319937116674189,21.415977566596435,0.0084,0.7,10
0.002537153073295,0.0080088489398554,0.3147621763653763,0.1507083900744145,21.52221340839589,0.0084,0.7,10
0.0023676744015964,0.0080229094207233,0.2801547030791548,0.1322314148659656,21.745459730986934,0.0084,0.7,10
0.0026260339973253,0.0079497367124994,0.3560819021217614,0.1652502124002934,21.563294052123656,0.0084,0.7,10
0.002771129538757,0.0078164018938462,0.431874351758034,0.1854761469598776,21.77144988922554,0.0084,0.7,10
0.0026809736873637,0.0078605936921813,0.4046110713629492,0.1775317592637505,21.735403043322137,0.0084,0.7,10
0.0030095861820142,0.0032608396182895,0.0710239704048394,-0.0532264401724951,18.98887923953777,0.0084,0.7,10
0.0030380363603455,0.0033569891197189,0.10262694837562,-0.0702899125625502,19.291473213605908,0.0084,0.7,10
0.0029845777245079,0.0031747334110172,0.0447898184614811,-0.036498360697522,18.708385872464945,0.0084,0.7,10
0.0029742596736501,0.0031041525619606,0.026717415931061,-0.0233071396362449,18.50194938268561,0.0084,0.7,10
0.0029603807055109,0.0030711324082949,0.017312267988082,-0.0156751001866466,18.40554738994824,0.0084,0.7,10
0.0029901337549133,0.0030025379528998,0.0090387081246879,-0.008676038276215,18.240990284438,0.0084,0.7,10
0.0040349895665125,0.0067481714918502,0.677503581502823,0.1494310047122469,21.602752395353654,0.0084,0.7,10
0.0040068898810198,0.0068864242087642,0.661860735562238,0.1611099987735902,21.53050182457704,0.0084,0.7,10
0.0038748252453454,0.0069394113993278,0.6642131995494106,0.1664030145559181,21.657413284424024,0.0084,0.7,10
0.003714942698556,0.0071292116576374,0.640543530930993,0.1818041510518687,21.67339753144825,0.0084,0.7,10
0.0035880883783969,0.0071796427445667,0.6375439366217909,0.1862939064526063,21.791472760607743,0.0084,0.7,10
0.0037451104408048,0.0069912958074001,0.665465445238877,0.1715704351257727,21.78817558780415,0.0084,0.7,10
0.0040587738491874,0.0066099769433096,0.6896375058344577,0.1368247540782938,21.659721417107008,0.0084,0.7,10
0.0040902043341873,0.0064778831184664,0.6966629560496701,0.123988318308295,21.70634170489905,0.0084,0.7,10
0.0042189068624803,0.0060630835459393,0.6923590324240249,0.082635221130825,21.670013549048186,0.0084,0.7,10
0.0041370809311281,0.0063358059005271,0.6987932850419334,0.1098658328232769,21.68861377895476,0.0084,0.7,10
0.0041853584092619,0.0062088397649573,0.696533629693514,0.097327220603078,21.687551529196213,0.0084,0.7,10
0.0041061657291228,0.0061291105794219,0.7053311042407443,0.0868651225957705,21.78776472741861,0.0084,0.7,10
0.0041916922424557,0.0059234647773137,0.6909688966946438,0.0663963705720824,21.745372328021773,0.0084,0.7,10
0.0041551508055271,0.0039351744263881,0.3288576275786136,-0.088851590688714,20.652869757423364,0.0084,0.7,10
0.0042000416390774,0.0040683416482214,0.3618074642443925,-0.0839022828636878,20.77668416927575,0.0084,0.7,10
0.0043188827845313,0.0044911660578232,0.4597076234137947,-0.0587149644620096,21.092917886809108,0.0084,0.7,10
0.0042194404881716,0.0042181676782229,0.3987270941406202,-0.0783971436912244,20.906798678822412,0.0084,0.7,10
0.0042812767095049,0.0043540187905098,0.4294125684258753,-0.0685053756529258,21.00315280436587,0.0084,0.7,10
0.0043333433171533,0.0048565658224055,0.5377942956210257,-0.0328117934551448,21.313302044695067,0.0084,0.7,10
0.0042641013464131,0.0047253432779015,0.5156700420877528,-0.0477133324162456,21.29721248276121,0.0084,0.7,10
0.0042299941447371,0.0045919609048534,0.4881995810905463,-0.0592354714867808,21.226344167250364,0.0084,0.7,10
0.0040202620786558,0.0038944478651019,0.3190006586568413,-0.0969809599562488,20.627603780674534,0.0084,0.7,10
0.0038893132398561,0.0038527218962115,0.3071847607210674,-0.1037600299467358,20.585397536589703,0.0084,0.7,10
0.004342212288192,0.0054473943711516,0.6341488774022962,0.0220335815438259,21.517438201348764,0.0084,0.7,10
0.0043521091609403,0.0052913334834765,0.6120544204248562,0.0071389513279051,21.476665608077976,0.0084,0.7,10
0.0043337372939393,0.0050114319483522,0.5674717355504092,-0.0199159339815771,21.39495617010204,0.0084,0.7,10
0.0043406937803053,0.0051513756793733,0.5912685156364853,-0.0068702131742601,21.44504357333902,0.0084,0.7,10
0.0042777563202703,0.0056960834238857,0.6668442198414701,0.0448496894502573,21.644259249069894,0.0084,0.7,10
0.0041787916107596,0.0057917597355056,0.6849749803437314,0.0512418506422533,21.761185226301947,0.0084,0.7,10
0.0042609977739943,0.0055696466084438,0.656584079528852,0.0305217255121802,21.652109586905315,0.0084,0.7,10
0.0037207077070163,0.0036919592837824,0.2586460201373673,-0.107316142238978,20.34852437608275,0.0084,0.7,10
0.0037654989210365,0.0038088071213091,0.2930617863845035,-0.1088534762863465,20.52981413890313,0.0084,0.7,10
0.0035558907574734,0.0035276871348626,0.2041791321928343,-0.1027943545587574,20.0364162363537,0.0084,0.7,10
0.0036037706335673,0.003652496100506,0.2425406017740471,-0.1089474839604244,20.242225997635497,0.0084,0.7,10
0.0034369520952766,0.0035132809413593,0.19179581475919,-0.1020780534491945,19.971280114303315,0.0084,0.7,10
0.0031388016431232,0.0034039786192359,0.1300837024492658,-0.0832786810589761,19.51231061524424,0.0084,0.7,10
0.0033372359286057,0.0034825494008469,0.174524815065874,-0.0985525394803307,19.840340983564445,0.0084,0.7,10
0.0032436099991586,0.0034507066271552,0.1559847040791637,-0.0931238814242622,19.71252363956515,0.0084,0.7,10
0.0030727640019896,0.0034626171142182,0.1399130053146673,-0.086993678584462,19.619768433858063,0.0084,0.7,10
0.001806080206868,0.008136292106814,0.0591275017509286,0.0266200811052239,22.491171470956257,0.0084,0.7,10
0.0017334703469093,0.0081331858662722,0.0357314568526039,0.0156573676655176,22.8116185806378,0.0084,0.7,10
0.0018387349150963,0.0081096256218846,0.0917782853283084,0.0409212931683089,22.606418442642703,0.0084,0.7,10
0.0019702032941992,0.0081119398796322,0.1307246016739581,0.0605603919154471,22.184986553094777,0.0084,0.7,10
0.001894580356397,0.0080759120908095,0.1355666690935334,0.0598199185157317,22.602925034650795,0.0084,0.7,10
0.0021208672426911,0.0081002175904339,0.1800573033757199,0.0857638724067314,21.88782910782402,0.0084,0.7,10
0.0022011579384362,0.0080425096315423,0.23614775254193,0.1096384737266946,21.98721809596847,0.0084,0.7,10
0.0020456022786617,0.0080601903999756,0.1882952295127004,0.0855407948141716,22.269615928259327,0.0084,0.7,10
0.003139392049532,0.0076023733914531,0.529266361049133,0.2019474548184343,21.71213804947166,0.0084,0.7,10
0.0028811663756128,0.0077413324547546,0.4704083488930464,0.1937784809987166,21.79430364715396,0.0084,0.7,10
0.0030052842495456,0.0076738672174432,0.5012856765878758,0.1991246401689339,21.778415675805736,0.0084,0.7,10
0.0032046200261006,0.0074902267031554,0.5670829869612559,0.2012644558426285,21.85860796115875,0.0084,0.7,10
0.0033033026476212,0.0074311348446527,0.5834938295474384,0.1999185187431759,21.81667307118825,0.0084,0.7,10
0.003455200100334,0.0072245898952581,0.6346450913160072,0.1899772695369183,21.93073016882196,0.0084,0.7,10
0.0034264135581633,0.0073632627322846,0.598910084017542,0.1971658661165101,21.778606893554294,0.0084,0.7,10
0.0031070785035817,0.0074717434464762,0.5752184598576684,0.2003256849509475,22.053803630285863,0.0084,0.7,10
0.0022901198408371,0.0079777302744214,0.2930626885111407,0.1320374707387701,22.08630361983009,0.0084,0.7,10
0.0024609906598928,0.0079597421108382,0.3299745587969782,0.1510147420224488,21.8032552775658,0.0084,0.7,10
0.002539141521195,0.007923974811268,0.3588983553306453,0.1618445509875249,21.829067004295787,0.0084,0.7,10
0.0023843719581435,0.0079142659482359,0.344430910687335,0.1507627756841635,22.175163910140057,0.0084,0.7,10
0.0025903663575448,0.0078453792446971,0.4039751714025801,0.1735404081499964,21.98486587906316,0.0084,0.7,10
0.0027659282568795,0.0076911889876677,0.4874396637490443,0.1917752072060106,22.1425821714337,0.0084,0.7,10
0.002667871005132,0.007770382919087,0.44636519906815,0.1836290467436012,22.07671768873682,0.0084,0.7,10
0.0029729864732213,0.0034141146151359,0.1106491351609087,-0.0734420320591688,19.395772906775544,0.0084,0.7,10
0.0029467810837296,0.0033176299201645,0.0769748900374878,-0.0558335723842677,19.07881125731478,0.0084,0.7,10
0.0029233715469488,0.0032311448153174,0.0487661851387317,-0.0384047300016424,18.78207386093517,0.0084,0.7,10
0.0029142545804579,0.0031618802364036,0.0295318695248407,-0.0248383703012556,18.561971894017912,0.0084,0.7,10
0.0029011248878735,0.0031270712527029,0.0189471321079159,-0.016547195256432,18.45888203169444,0.0084,0.7,10
0.0029322184008158,0.0030591074765751,0.0099452776710016,-0.0091975025459552,18.273704051957832,0.0084,0.7,10
0.0039322885609397,0.0066634541373327,0.6964919740634586,0.1417453873112815,21.804717949231005,0.0084,0.7,10
0.0039043223193738,0.0068011090828867,0.6823517655068599,0.1545934286341607,21.7389783358628,0.0084,0.7,10
0.0037742382839559,0.0068532621637239,0.6863619836582231,0.1598152132882303,21.882193710784662,0.0084,0.7,10
0.0036175664788727,0.0070423632135683,0.6654587139604659,0.1765048692434689,21.923492074253318,0.0084,0.7,10
0.0034964906855016,0.0070843379822026,0.6656013218789636,0.1804708983909528,22.070885399530628,0.0084,0.7,10
0.0036452318314767,0.006904428085687,0.689374956692883,0.1649525183888187,22.028647108687807,0.0084,0.7,10
0.0039619273281169,0.0065269470910245,0.70629196617773,0.128140428530272,21.84628685132284,0.0084,0.7,10
0.0039971801651759,0.0063889712435091,0.7114978633812062,0.1137588549863398,21.87610622463839,0.0084,0.7,10
0.004075656945249,0.0060133988693769,0.7072237805526538,0.0729541875201363,21.86288318854193,0.0084,0.7,10
0.0040395795087981,0.0062376573496273,0.7120768583726117,0.0976599330837692,21.865896591725917,0.0084,0.7,10
0.0040136931665996,0.0061188002528498,0.715872021103183,0.083442878342202,21.971703614250018,0.0084,0.7,10
0.0040831308411965,0.005881680130587,0.7013324679945602,0.0579493770218685,21.88376405824106,0.0084,0.7,10
0.0042086069440392,0.0049501718708724,0.5666203811492293,-0.0338206503025547,21.47172803469572,0.0084,0.7,10
0.0040686038558195,0.0040215995918201,0.3521549112607082,-0.0931910017890915,20.764742598693804,0.0084,0.7,10
0.0040995549011488,0.0041390257399577,0.3822279083008848,-0.0888981678534059,20.881204654663662,0.0084,0.7,10
0.004094997366136,0.0042532861754292,0.4119151576337863,-0.0857004903359999,20.9882766684226,0.0084,0.7,10
0.0041963003500025,0.0044667764845627,0.4606985000487324,-0.0690191479581082,21.14288922147785,0.0084,0.7,10
0.0041605134288506,0.0043471985882902,0.4331257020431645,-0.0774383242991258,21.059391932516125,0.0084,0.7,10
0.0041841180958617,0.0048216188050761,0.5423681634824843,-0.0461370475072208,21.416111205283297,0.0084,0.7,10
0.0041418898666088,0.004684926804067,0.5153827834427566,-0.059402968009763,21.35821567867592,0.0084,0.7,10
0.0041103704610439,0.0045647305523341,0.4892300822914187,-0.0695787916664618,21.28483922609642,0.0084,0.7,10
0.0038032459607024,0.0039307568495213,0.3284154899935814,-0.1086896712558865,20.69780305238288,0.0084,0.7,10
0.0039291803445909,0.0039786092383873,0.3419096167463422,-0.101917224668911,20.74560462363968,0.0084,0.7,10
0.0042174520744902,0.0054645092170313,0.6491439778325736,0.017053441954943,21.66529635885516,0.0084,0.7,10
0.0042340505760093,0.005350611044641,0.6322882226114769,0.0060451075981181,21.627752314712755,0.0084,0.7,10
0.0042279297498531,0.0052223750663304,0.6136036837309148,-0.0072580935589738,21.585612476138238,0.0084,0.7,10
0.0042144942946304,0.0050881179182272,0.5920899769933207,-0.0210265784973033,21.54035300112021,0.0084,0.7,10
0.0041590110239665,0.0056622920034743,0.6768993771839621,0.0358410256560796,21.78299409600348,0.0084,0.7,10
0.0040589016762172,0.0057519535299619,0.6958933528756929,0.0418076110645596,21.91785617182698,0.0084,0.7,10
0.0041371571079438,0.0055397002078219,0.6668490397287304,0.0210691925777816,21.78919856773987,0.0084,0.7,10
0.0036490495001352,0.0037624899402801,0.276545467468393,-0.1120687431501598,20.470618365535497,0.0084,0.7,10
0.0036861412016105,0.003882009282205,0.3128657011132019,-0.1136318580949575,20.644581354980662,0.0084,0.7,10
0.0034789199857194,0.0036349136164972,0.2305961529926179,-0.1102371255050052,20.1897094418728,0.0084,0.7,10
0.0035502355569661,0.0037293781370828,0.2629111850201188,-0.1136601183929509,20.385389755153685,0.0084,0.7,10
0.0033669637409063,0.0035809479956484,0.2066645641149727,-0.1070472097700719,20.073464652280297,0.0084,0.7,10
0.0031767352524159,0.0035122637926554,0.1678789861816243,-0.0973939626227314,19.81985938172545,0.0084,0.7,10
0.003269973423027,0.0035476027619461,0.1881979549773136,-0.1032368941721914,19.935787111789853,0.0084,0.7,10
0.0033854338897931,0.0036749641565143,0.2373059580187314,-0.113493876241228,20.250877979893325,0.0084,0.7,10
0.0031070654951722,0.0035707034025053,0.179475296151258,-0.1013140406104872,19.944807021098143,0.0084,0.7,10
0.0030050582986877,0.0035197749714439,0.1500057983871114,-0.0905098578005916,19.735806442654702,0.0084,0.7,10
0.0017324780311703,0.0081041732377104,0.0604511974972934,0.0259100640734638,22.92929000310264,0.0084,0.7,10
0.001659095366133,0.0081006635690729,0.0372890988921583,0.0155030876653234,23.2905859113014,0.0084,0.7,10
0.0017631632527523,0.0080763540834353,0.0945189838360556,0.0400532170233503,23.053806080724105,0.0084,0.7,10
0.0018184603864061,0.0080413528718813,0.1404689236767106,0.0589815227821822,23.041684134947243,0.0084,0.7,10
0.0019690254119603,0.0080225336994978,0.1958636547096861,0.0847907281793262,22.671159322204318,0.0084,0.7,10
0.0018918246393069,0.0079862328625896,0.2035911040733965,0.0838387795504971,23.10620534163296,0.0084,0.7,10
0.0021247186030868,0.0080005894528673,0.2470483596950009,0.1093793025459728,22.36073832792841,0.0084,0.7,10
0.0022122092829084,0.0079334317477517,0.3067490146199421,0.1317159368282991,22.44715979331812,0.0084,0.7,10
0.0020470706778505,0.0079606567478713,0.2576847722611521,0.10869309918392,22.75891719481644,0.0084,0.7,10
0.0030104259356325,0.0075423884995285,0.5512654878158948,0.200077309397511,22.039505718406726,0.0084,0.7,10
0.0028761035046392,0.0075959642958009,0.530294711756215,0.1974503068137947,22.1627421481217,0.0084,0.7,10
0.0033689242834738,0.0071175804645729,0.6671362553235345,0.1835452340860841,22.19361293713604,0.0084,0.7,10
0.0031891176314001,0.0073842866798478,0.6019472757853531,0.198367821754353,22.078976399184032,0.0084,0.7,10
0.0032866844176375,0.0072606566304285,0.6346087951351697,0.1928517240844245,22.10915895948736,0.0084,0.7,10
0.0030942772245673,0.0073700938767086,0.6098379411223983,0.1972841230580049,22.274387766990003,0.0084,0.7,10
0.003016754294589,0.0074180443606112,0.5960328593575962,0.1981601245081954,22.300678064941625,0.0084,0.7,10
0.0022995446308588,0.0078670170791915,0.3600548699066364,0.1498076996571567,22.478678698811997,0.0084,0.7,10
0.0024757789714323,0.0078502761198855,0.390338028855294,0.1656808599757703,22.227902527318616,0.0084,0.7,10
0.0023765696931853,0.0078274277869812,0.3920216004216103,0.1607200463970262,22.473407751812022,0.0084,0.7,10
0.0025519044048489,0.0077526073077518,0.4472382645415724,0.1788261197769854,22.384131773371653,0.0084,0.7,10
0.0027390430513546,0.0075712533609335,0.5386846144982957,0.1939143025391219,22.52124243421484,0.0084,0.7,10
0.002644259938277,0.0076569876203503,0.4981442606819666,0.1884501981281717,22.474630501520974,0.0084,0.7,10
0.0029069592997509,0.0034698699606074,0.1189946836037992,-0.076486904306961,19.51634429283077,0.0084,0.7,10
0.002882914203219,0.0033732380198789,0.0832167215258842,-0.0583772053236688,19.183389247478093,0.0084,0.7,10
0.0028611687013967,0.0032864443299508,0.0529718707336026,-0.0402928552612705,18.871820752335964,0.0084,0.7,10
0.0028534694010061,0.0032162710522288,0.0320267636540759,-0.0260082807550697,18.637154638275828,0.0084,0.7,10
0.0028419802236075,0.0031809788085863,0.0206684463935382,-0.0174195714114405,18.5286182698224,0.0084,0.7,10
0.0028732343056022,0.0031145619392958,0.0109073233540495,-0.0097194244687024,18.321853377084214,0.0084,0.7,10
0.0038310859134729,0.0065788381122987,0.7154455515912145,0.1328524232383923,22.011303791218783,0.0084,0.7,10
0.0038026170804855,0.0067156719686551,0.7030725001651127,0.1468140356104586,21.957537516142537,0.0084,0.7,10
0.0036730439755867,0.0067663627765011,0.7089953647844506,0.151905257910657,22.118228248484957,0.0084,0.7,10
0.0034044033602956,0.006989738597662,0.6938023159902859,0.173349546507483,22.32656826578986,0.0084,0.7,10
0.0033068235118581,0.0070174548333406,0.695809929867813,0.1757286333818955,22.465119686537577,0.0084,0.7,10
0.0035212876599698,0.0069478358757162,0.6922230113299682,0.1692844364835143,22.181048970030314,0.0084,0.7,10
0.0035450101933694,0.0068130333436364,0.7143883834808687,0.1566326527273884,22.28139770353584,0.0084,0.7,10
0.0038606529917574,0.0064416474500757,0.7234696062756014,0.1180817416415839,22.044245253115168,0.0084,0.7,10
0.0038911673744608,0.0063034606255864,0.7271582208786659,0.1026358536036583,22.07257103147184,0.0084,0.7,10
0.0039922744379408,0.0059437486505697,0.7147448828400828,0.0621406224357231,22.02893225586892,0.0084,0.7,10
0.0039456520287968,0.0060449089581473,0.7231861516638475,0.0728986537945516,22.062320893066303,0.0084,0.7,10
0.0039122564470921,0.006169443181438,0.7278099533938064,0.087220171119017,22.08665243566356,0.0084,0.7,10
0.0039582591985497,0.0058387902044658,0.7137772248841515,0.0482223547162628,22.0615878662846,0.0084,0.7,10
0.004085839585271,0.0050306026905493,0.5933605719300323,-0.0349142981437711,21.6406263105346,0.0084,0.7,10
0.004068366157273,0.0048981715347543,0.568100131514684,-0.0479513153814537,21.575007098915965,0.0084,0.7,10
0.0039633151834986,0.004099964561982,0.3747604343438407,-0.0984891531437108,20.878380193137087,0.0084,0.7,10
0.0039860313645241,0.0042162562561773,0.4057185962841487,-0.0942890941306339,20.993350254707284,0.0084,0.7,10
0.0040291091363867,0.0043407564696154,0.4371823312208964,-0.0869087846598386,21.12474873585293,0.0084,0.7,10
0.0040728249138744,0.0044489992255194,0.4628424835299761,-0.0787834266148919,21.2047493875269,0.0084,0.7,10
0.0040432015712724,0.0047687648039739,0.5417247481565134,-0.0602403416170337,21.50298648989647,0.0084,0.7,10
0.0040240457895659,0.0046523258761449,0.5158998690326873,-0.0700663074937901,21.425672276578783,0.0084,0.7,10
0.003992885546028,0.0045394960304904,0.4900908277160174,-0.0794320308194141,21.33648285876414,0.0084,0.7,10
0.00371972126006,0.0040032533657227,0.349213457830236,-0.1132263909266216,20.818464350858708,0.0084,0.7,10
0.0038293841063307,0.0040590381413858,0.3651226010949071,-0.1070664843721787,20.882291356174637,0.0084,0.7,10
0.0041129873443058,0.0054153767612345,0.6540845065466857,0.0060377604939271,21.78621687192835,0.0084,0.7,10
0.0041056415755688,0.0052925152325486,0.6370912237703942,-0.0075623303452778,21.752350914695494,0.0084,0.7,10
0.0040973788232699,0.0051627000908686,0.6165910827031271,-0.0214043118390883,21.706753751235016,0.0084,0.7,10
0.0040363696666076,0.0056255400692207,0.6874764038333842,0.0259691182399933,21.93500492571322,0.0084,0.7,10
0.0039332892594585,0.0057131346944193,0.7078634610604094,0.0318500969975025,22.0933556369082,0.0084,0.7,10
0.004010246463149,0.0054984612037295,0.6763754812562243,0.009905048227705,21.9420828560674,0.0084,0.7,10
0.0035671240052746,0.0038346780812908,0.2957381236449415,-0.1171305463655216,20.564346387650488,0.0084,0.7,10
0.0036061093062458,0.003948092025725,0.3316244586170315,-0.1181420857856256,20.769798924973816,0.0084,0.7,10
0.0034526618178002,0.0037660381982148,0.2698017346289389,-0.1176926938174681,20.44682883998686,0.0084,0.7,10
0.0032931710610236,0.0036493846241385,0.222627530402371,-0.1119783231328852,20.174071676441432,0.0084,0.7,10
0.0032023359281959,0.0036100039470945,0.2021040206677518,-0.1077172697499615,20.05483973642144,0.0084,0.7,10
0.0033346655166098,0.003745123513917,0.2568236804467897,-0.1183463373707218,20.40706795869761,0.0084,0.7,10
0.00312428967937,0.0036632951815426,0.213031495130411,-0.1111686612577102,20.185241616935347,0.0084,0.7,10
0.0030359680520196,0.003627509663948,0.1913440787567346,-0.1049568510534563,20.060386276018097,0.0084,0.7,10
0.0029367649807134,0.0035753010057841,0.1604376010063835,-0.093887554709209,19.870599134457937,0.0084,0.7,10
0.0016585483176789,0.0080723406384704,0.062775620052793,0.0255523601010216,23.38844569200386,0.0084,0.7,10
0.0015841086364624,0.0080695749002793,0.0388817407866997,0.0152953732190835,23.79239845096516,0.0084,0.7,10
0.0016841388130077,0.00804496157165,0.0959065615603718,0.038583716532947,23.55708978735709,0.0084,0.7,10
0.0017416231070975,0.008008120314435,0.1454576511332041,0.0579962134568285,23.50499824793548,0.0084,0.7,10
0.0018114544092012,0.0079507998332533,0.2112354510286291,0.0824991010941664,23.55993437487211,0.0084,0.7,10
0.0019686066962926,0.0079221990575439,0.2684643043479551,0.1077007175591133,23.17874094112404,0.0084,0.7,10
0.0018898185626145,0.007885541059942,0.2792158654070207,0.1064176847167472,23.623595013821703,0.0084,0.7,10
0.0021342640964474,0.0078910402702389,0.3205008640672195,0.1311049507295253,22.84325633347582,0.0084,0.7,10
0.0022248647225296,0.0078212766754688,0.3774732166624114,0.149648979570089,22.90954742598031,0.0084,0.7,10
0.0020554864430552,0.0078501213908954,0.3344868126413612,0.1301140173701722,23.25523509236089,0.0084,0.7,10
0.0029157724022086,0.007463016797197,0.5818691791341367,0.1979046444826959,22.421129266401422,0.0084,0.7,10
0.0028130976413085,0.0074894901205665,0.5726971430071548,0.1961671851112561,22.555328368165977,0.0084,0.7,10
0.0032506665694555,0.0071071153514392,0.6782867839733998,0.1828541142717387,22.46980732496091,0.0084,0.7,10
0.0031387431950501,0.0072818642498006,0.6359073868038143,0.1936359900696451,22.37208571761246,0.0084,0.7,10
0.0031611075663272,0.007175418522152,0.665977654843927,0.1875291371958036,22.48789876121188,0.0084,0.7,10
0.0030281502509396,0.0073085448247556,0.6328321890696804,0.1943501077339537,22.569994140295893,0.0084,0.7,10
0.0029482647938408,0.0073639072534614,0.6170327547622679,0.1957057853662497,22.57599929186008,0.0084,0.7,10
0.0023119718532053,0.0077627703426747,0.4216093610748372,0.1628693207705455,22.91270929410348,0.0084,0.7,10
0.0027200275932316,0.0074460762124171,0.5911384930843563,0.1937038981072268,22.88044126728529,0.0084,0.7,10
0.002427118093927,0.0077285189936853,0.4503580261811203,0.173495728303853,22.71818519462777,0.0084,0.7,10
0.0025274194701842,0.0076286946778477,0.5069148303028789,0.1846020306851445,22.808581325838,0.0084,0.7,10
0.002612681983323,0.0075213885210725,0.559003071856604,0.1907421438685179,22.911380569814277,0.0084,0.7,10
0.0028401431862318,0.0035241114550062,0.1276198698592394,-0.0793916335288553,19.651494243202876,0.0084,0.7,10
0.0028174105921501,0.0034268081750918,0.0893628119454105,-0.0606354099125374,19.30228275515916,0.0084,0.7,10
0.0027979483565617,0.0033405841692525,0.0573963530954992,-0.042143547670618,18.97783869677838,0.0084,0.7,10
0.0027916745198421,0.0032695156493931,0.0346397800663317,-0.027145332833661,18.726422810607684,0.0084,0.7,10
0.0027806196434595,0.0032349316888538,0.0225536144284499,-0.0183129550278396,18.61375119871145,0.0084,0.7,10
0.0028132038441762,0.0031688819663335,0.0119141407983076,-0.0102319320952127,18.391621516506177,0.0084,0.7,10
0.002869238954779,0.0036289312723311,0.1712464494733012,-0.0971433689587633,20.026669158861704,0.0084,0.7,10
0.0037275480278723,0.0064941881614249,0.7345985290216825,0.1227894758409584,22.230334392365524,0.0084,0.7,10
0.0037003613413101,0.0066304246291688,0.7239659769521349,0.1378262068573514,22.184309333375065,0.0084,0.7,10
0.0035705069179692,0.0066808624483176,0.7317376601918673,0.142877064571288,22.369219664994542,0.0084,0.7,10
0.0032099421646028,0.0069877246245141,0.7112008300863212,0.1731215466414269,22.724613048817883,0.0084,0.7,10
0.0033043332072745,0.0069083249560843,0.7201775811899985,0.1659456354912229,22.621036197591057,0.0084,0.7,10
0.0034190398970599,0.0068530588897605,0.7197799240954682,0.1606579981932734,22.45867053927731,0.0084,0.7,10
0.0034409294549338,0.0067253976169218,0.739407281176412,0.1473007931686598,22.55619745791026,0.0084,0.7,10
0.0037549938308775,0.0063574693353157,0.7408601319385704,0.1069908436409052,22.26136477434915,0.0084,0.7,10
0.0037805321530885,0.0062217370552957,0.7430499182990551,0.0907878753552449,22.283874355913262,0.0084,0.7,10
0.0038491876480751,0.0059407449500808,0.7323772971374786,0.0570780327212751,22.23739051976377,0.0084,0.7,10
0.0038079088168497,0.0060856323373162,0.7408200948141239,0.0743362625067235,22.272884510198043,0.0084,0.7,10
0.0038327713291123,0.0058014792715655,0.7271548952068033,0.038836150947304,22.249924804948357,0.0084,0.7,10
0.003972482098889,0.0051050233370384,0.6186119732715653,-0.035080174342416,21.805790427318787,0.0084,0.7,10
0.0039525476570507,0.0049760162754891,0.5947875887888875,-0.0488599160637038,21.749404944446454,0.0084,0.7,10
0.003935883102228,0.0048418547772372,0.5669997209654031,-0.0618274326232424,21.664437201730426,0.0084,0.7,10
0.0038531014520035,0.0041849322989715,0.4005606959909901,-0.1036434346240625,21.017640889905817,0.0084,0.7,10
0.0038946281718099,0.0043077743428861,0.4336180281826071,-0.0973366315353674,21.153083626512792,0.0084,0.7,10
0.0039453315612609,0.0044274964781225,0.4637355728337557,-0.0887770392966633,21.261969208079403,0.0084,0.7,10
0.0039192299482607,0.0047140073849177,0.5382306919996412,-0.0730527475691941,21.56582439318072,0.0084,0.7,10
0.0039304456726642,0.0046132502797651,0.5125138776566414,-0.0792274356192811,21.474782206763987,0.0084,0.7,10
0.0038763529888663,0.0045225378350181,0.4924147648111835,-0.0885751970131966,21.409604708346265,0.0084,0.7,10
0.0036228154879944,0.0040487908551198,0.3628728779942133,-0.1181001953467699,20.922951933247514,0.0084,0.7,10
0.0037074513859538,0.0041417738715507,0.3906630179226632,-0.1131395940847243,21.046105031857294,0.0084,0.7,10
0.0039836285353452,0.005366462254394,0.6615048460665891,-0.0065662521191874,21.92726490017702,0.0084,0.7,10
0.0039778856398706,0.0052375663061703,0.641806239446323,-0.0210754947138995,21.888207716723432,0.0084,0.7,10
0.0038863500576215,0.0051722298823986,0.6400250840594537,-0.033553005932633,21.95136053580397,0.0084,0.7,10
0.0039066651425054,0.0055858256717243,0.6988024689151967,0.0151157803569397,22.105209770329058,0.0084,0.7,10
0.0038053117156498,0.0056745100745878,0.7204170162516653,0.0215373253890561,22.271780635130742,0.0084,0.7,10
0.0038770142546609,0.0054545593967464,0.6863651139936123,-0.0021648984714151,22.10802663118174,0.0084,0.7,10
0.0034796818496579,0.0038981159180593,0.3131652589777511,-0.1218076810117834,20.715243125655675,0.0084,0.7,10
0.0035103883192565,0.004020409602144,0.3532785507287655,-0.1230513224109395,20.89374884309206,0.0084,0.7,10
0.0033726646314042,0.0038453638340392,0.2920454976470204,-0.1228882738085219,20.617675071454588,0.0084,0.7,10
0.0032226121293857,0.0037255068320215,0.2426844539968086,-0.117557288336308,20.345675353090822,0.0084,0.7,10
0.0032814527546132,0.0038094870740421,0.2754739514087845,-0.1225840071474815,20.567418817679687,0.0084,0.7,10
0.0031320082636921,0.0037566912058329,0.2468185520977661,-0.1192437284716385,20.42224644620604,0.0084,0.7,10
0.0030515701279995,0.0037238887966829,0.227918957927951,-0.1152692933763921,20.28959396945468,0.0084,0.7,10
0.0029664008894504,0.0036826601696461,0.2038082501247704,-0.1085482416569425,20.212809399742977,0.0084,0.7,10
0.0015825572553514,0.0080389455601907,0.067424038159261,0.0259195805381132,23.90816685587259,0.0084,0.7,10
0.0015085359840938,0.0080399366630896,0.0404695852512973,0.0150501678744684,24.34127374951377,0.0084,0.7,10
0.0015049734150021,0.0080087133751836,0.0702525088518015,0.0254791306807321,24.47568573938115,0.0084,0.7,10
0.0014324047921664,0.0080117633239519,0.0420150955746696,0.0147379164396453,24.913903890799254,0.0084,0.7,10
0.0016074038954454,0.0080102443222872,0.1025051604809395,0.0389414948061952,24.06948511915136,0.0084,0.7,10
0.0016632189958237,0.0079791245302256,0.1477054010061223,0.0559358607683547,23.989451038369097,0.0084,0.7,10
0.0017319931843748,0.0079190059356765,0.2176000503671954,0.0806774523458105,24.046580694626854,0.0084,0.7,10
0.0018112415369611,0.0078482489926301,0.291865441274374,0.1053166020762105,24.08331566781024,0.0084,0.7,10
0.0014292303680757,0.0079823326348254,0.0714656208923207,0.0244654694691956,25.040264264276487,0.0084,0.7,10
0.0013557442535359,0.007985064985489,0.043543049790034,0.0143521068638945,25.50810716420278,0.0084,0.7,10
0.0013530446483316,0.0079565487023347,0.0734508661651658,0.0236523361634018,25.61699482768282,0.0084,0.7,10
0.0012785845446567,0.0079598479971117,0.0450587987612217,0.0139120200881852,26.14822849419067,0.0084,0.7,10
0.0019760423584919,0.0078103733841968,0.3489077837366079,0.1288080243286642,23.68492010080742,0.0084,0.7,10
0.0018947316000238,0.0077737865493275,0.3621292732145982,0.1267816580385666,24.14762694576767,0.0084,0.7,10
0.00214469684976,0.007779612860363,0.3929314923522123,0.1481839801064073,23.292580913749493,0.0084,0.7,10
0.002230681366675,0.0077262126284714,0.434770836004759,0.1607081706464934,23.28620855920304,0.0084,0.7,10
0.0020623314400279,0.0077388228650392,0.4088649570673908,0.1463579869448222,23.717907284347454,0.0084,0.7,10
0.0028299887951111,0.0073683053888012,0.6193892920729295,0.1944189706124588,22.82230958044783,0.0084,0.7,10
0.0031213494971593,0.0070721507538773,0.6974016275778258,0.1800408817279425,22.75760755833178,0.0084,0.7,10
0.00303766562517,0.0071854695856551,0.6711576589448135,0.1878167138526734,22.7765776962408,0.0084,0.7,10
0.0029157728531393,0.0072582987956661,0.6548962643188277,0.1909746785388817,22.866531297290155,0.0084,0.7,10
0.003087798520249,0.0069426649628121,0.7331560135933285,0.1686073174980577,23.023669372829577,0.0084,0.7,10
0.0023147380869745,0.0076614239890707,0.4783387249481459,0.1714963129054641,23.203498043241225,0.0084,0.7,10
0.0027027140866594,0.0073259944805976,0.6395309490178627,0.1904897182647712,23.21601078971045,0.0084,0.7,10
0.0026287246544012,0.0074033920278312,0.6100175120330312,0.19067321929636,23.217638838631537,0.0084,0.7,10
0.0024029838225563,0.0075867520024068,0.522560879017908,0.1802289230115147,23.25707807522037,0.0084,0.7,10
0.0024969548861801,0.0075207661842393,0.5575865362850021,0.1862808810128924,23.222833313548065,0.0084,0.7,10
0.0025316108500787,0.0074219462332176,0.6032453733461526,0.1880385013736287,23.381188631439127,0.0084,0.7,10
0.0027723023748205,0.0035760043950673,0.1361466630328051,-0.0819718366436121,19.80235779471459,0.0084,0.7,10
0.0027508583217689,0.0034792561410222,0.0957787039601115,-0.0628043092477499,19.43918653593656,0.0084,0.7,10
0.0027328627498699,0.0033924597888554,0.0614967419540006,-0.0436116288223889,19.09757334721166,0.0084,0.7,10
0.0027287676808562,0.0033223236241292,0.0375710043166651,-0.0283825366848024,18.83606481106076,0.0084,0.7,10
0.0027174073121087,0.0032882636686882,0.0245288970261513,-0.0191754732411306,18.720367539996374,0.0084,0.7,10
0.0027521495521146,0.0032220484556921,0.0129779314954171,-0.0107333828591786,18.472954025136566,0.0084,0.7,10
0.0028956994835044,0.0037314591282818,0.2146234701286348,-0.1113961488354374,20.38248965393096,0.0084,0.7,10
0.0027987580105991,0.0036815741394229,0.1822288105000139,-0.1000705411461775,20.18785030891237,0.0084,0.7,10
0.0036209249545904,0.0064101716884165,0.7539212752366501,0.1116179697240259,22.460730734991746,0.0084,0.7,10
0.0035972433514004,0.0065465646525707,0.7447810238765098,0.1278102699632216,22.419174866922702,0.0084,0.7,10
0.0034710638133693,0.0065981454991851,0.7537955768323034,0.1330248979253905,22.61178304986112,0.0084,0.7,10
0.0031831450510052,0.0068532408708955,0.7437489965387892,0.1601045794047414,22.947255232043045,0.0084,0.7,10
0.0033022665082234,0.0067495572119299,0.7507964824083411,0.1495209736777707,22.80219469263648,0.0084,0.7,10
0.0033700403489581,0.006637782713648,0.7604175191988995,0.1370043262457298,22.769050658358864,0.0084,0.7,10
0.0036715039985418,0.0061408028221347,0.7583977928242455,0.0779800598035528,22.47326923237245,0.0084,0.7,10
0.0036453624520157,0.0062736140285098,0.7584841677837949,0.0947333621208411,22.485639058051685,0.0084,0.7,10
0.0030567302814698,0.0068052386981545,0.767348335918888,0.1542454231158424,23.277430136717975,0.0084,0.7,10
0.0037389980991384,0.0058651779308802,0.7430564502941932,0.0437093504137912,22.391075269346636,0.0084,0.7,10
0.0036833399457015,0.0059902818562163,0.75549226046161,0.0584492308571958,22.48452279550617,0.0084,0.7,10
0.0035770894232398,0.0060778808330615,0.7710349183587396,0.0672909819708799,22.64708514177644,0.0084,0.7,10
0.0037085704205239,0.0057616558818883,0.7403798696522244,0.0288689876417256,22.436794837550803,0.0084,0.7,10
0.0038407492618187,0.0050534444513539,0.6216783863923915,-0.0487059333471877,21.92458731956708,0.0084,0.7,10
0.0038331204388851,0.004909129279272,0.5912296571680943,-0.0629131197114196,21.82748102893216,0.0084,0.7,10
0.0038183670405166,0.0047760023462743,0.5611042128732495,-0.0752247538732481,21.72509271284406,0.0084,0.7,10
0.0037492664367276,0.0042865032048474,0.4324526350780542,-0.1073996694315131,21.216352731989403,0.0084,0.7,10
0.0038111528943515,0.0044057386853642,0.4641466893489964,-0.0988826547405952,21.336227494929883,0.0084,0.7,10
0.0038082943843386,0.0046386268673029,0.5271473913952178,-0.0860622638877971,21.59761416347252,0.0084,0.7,10
0.0037700079364711,0.0045106187423099,0.4951649729203662,-0.0964396575860819,21.480753559907427,0.0084,0.7,10
0.0035666167459599,0.0041417633696588,0.392210897281557,-0.1205962204700086,21.108878548850324,0.0084,0.7,10
0.0036130059276429,0.0042661683056691,0.4302011065616002,-0.1161115642565275,21.27036046657214,0.0084,0.7,10
0.0038479553094339,0.0053004684969891,0.6666918642170341,-0.021749825128018,22.084772211823523,0.0084,0.7,10
0.003774654557363,0.005174466876208,0.6524875027758866,-0.0401240008946981,22.128442692090218,0.0084,0.7,10
0.0037746416978632,0.0055463213666278,0.7105892405237801,0.003903022722639,22.286194920385245,0.0084,0.7,10
0.0036759324458741,0.0056386435630135,0.7336483271830839,0.0112208121000307,22.47503900582532,0.0084,0.7,10
0.0037409656059832,0.0054137829902725,0.69694186783941,-0.0142291595382687,22.291213340469337,0.0084,0.7,10
0.003424048550736,0.0041130848054607,0.3832206172112739,-0.1273304545751003,21.12053965984688,0.0084,0.7,10
0.0033630587889374,0.0039726115874372,0.3347115757240423,-0.1275706209369591,20.87552951351197,0.0084,0.7,10
0.0032872805881056,0.0038870526866151,0.3026000012672247,-0.1264177392219279,20.708608581081467,0.0084,0.7,10
0.0031903875846315,0.0038445797186964,0.2824626214749401,-0.1255022324664044,20.637520555188026,0.0084,0.7,10
0.0030732917072869,0.0038259642206189,0.2678187774527403,-0.1241451113101273,20.644028551265425,0.0084,0.7,10
0.0029862758554317,0.0037788258569131,0.2424877541488252,-0.1190498636471006,20.48653285059382,0.0084,0.7,10
0.0015305633695488,0.0079787238654962,0.1078915348806505,0.0386711117451942,24.6233398935262,0.0084,0.7,10
0.0014530236312923,0.0079512148102221,0.1108153915835447,0.0374556499294587,25.195280686668525,0.0084,0.7,10
0.0015876933644676,0.0079424565951309,0.1590749154495995,0.0567791209136162,24.53355676309899,0.0084,0.7,10
0.0016537278779639,0.0078857593251857,0.2267797312173174,0.0794767718430793,24.56220017250409,0.0084,0.7,10
0.0017306904683243,0.0078153160154974,0.3021192372951255,0.103221113455469,24.60056626723025,0.0084,0.7,10
0.0018134170695033,0.0077324073108924,0.3802398498565918,0.1254238301205393,24.63604634186689,0.0084,0.7,10
0.0013739569541105,0.0079282795568073,0.1100573533632527,0.0350450828216051,25.773970247155948,0.0084,0.7,10
0.001274637452691,0.0079297361544996,0.077583057946012,0.0233613932042023,26.271555684855453,0.0084,0.7,10
0.0012009561646111,0.0079361164535866,0.0465360085340019,0.0134130109128948,26.80608385403537,0.0084,0.7,10
0.001295807085055,0.0079017302525332,0.1149153488916562,0.0342801235287483,26.4078520875758,0.0084,0.7,10
0.0011953799747368,0.0079042038142023,0.0819480456917861,0.0229688209748213,26.946827490082477,0.0084,0.7,10
0.0011228896787297,0.0079138737444675,0.047975877531482,0.0128601689142642,27.5149311602574,0.0084,0.7,10
0.0019790410919609,0.0076990768069562,0.4252395605055409,0.1441606012407867,24.15983999243056,0.0084,0.7,10
0.0018957770092535,0.0076590159827038,0.4431701913370523,0.1418083976370478,24.63906008014275,0.0084,0.7,10
0.0021422830126521,0.0076828108735274,0.4524122270760835,0.1583566344180356,23.63776572953702,0.0084,0.7,10
0.0022203491111517,0.0076400853788409,0.4838672497605588,0.1671028260520854,23.614685064734218,0.0084,0.7,10
0.0020599470634363,0.0076425976879021,0.4698977672999849,0.1560994374823225,24.12975896854036,0.0084,0.7,10
0.0027942728178331,0.007231353283498,0.670448794587103,0.1880073537048211,23.202142204585087,0.0084,0.7,10
0.0029917279709738,0.0070381711480614,0.7171286498258088,0.1766044439809948,23.101676685218816,0.0084,0.7,10
0.0028936661131855,0.007130309715291,0.697663407909401,0.1829749751895246,23.144965180623554,0.0084,0.7,10
0.0029559529280258,0.0069011792362252,0.7561965370970544,0.1636483030964732,23.388611906650592,0.0084,0.7,10
0.0022807777281914,0.0075373634265043,0.5438929005471307,0.1760805127671044,23.7564515682188,0.0084,0.7,10
0.0026682080418452,0.0072075580320116,0.6858212375409739,0.1845778858380684,23.53819832326455,0.0084,0.7,10
0.0025749255876648,0.0073007367653494,0.6541032432553034,0.186764566248274,23.620374984481607,0.0084,0.7,10
0.0024042628941023,0.0074453944487975,0.5928256985602077,0.1835262109080428,23.69432159208355,0.0084,0.7,10
0.0024721158491308,0.0073399980961854,0.640377730611895,0.1847776034421871,23.779606178451385,0.0084,0.7,10
0.0027035359232214,0.0036265135917027,0.144914102489438,-0.0843711654814591,19.97209577389173,0.0084,0.7,10
0.0026834125014789,0.0035302116471524,0.1023437633207832,-0.0648115649983811,19.59552397967805,0.0084,0.7,10
0.0026669013925325,0.0034429898755298,0.0657196782102905,-0.0449823652189787,19.235773314055876,0.0084,0.7,10
0.0026637893504665,0.0033743106460566,0.0405277612340505,-0.0294972921914634,18.96688918906808,0.0084,0.7,10
0.0026539929851807,0.0033395176589242,0.0265076499265864,-0.0199604701542946,18.840785101734067,0.0084,0.7,10
0.0026900936246954,0.0032740420585842,0.014101331203965,-0.0112266329267661,18.573359568955038,0.0084,0.7,10
0.0029007731464852,0.0038114988948071,0.2473025997503269,-0.120040620284618,20.616079805432097,0.0084,0.7,10
0.0028229220554598,0.0037894467626698,0.2298781088375509,-0.1150480801565795,20.528279211873983,0.0084,0.7,10
0.0027289515478497,0.0037347283231987,0.1946099006655333,-0.1031947106303642,20.38199906290516,0.0084,0.7,10
0.0035104703746713,0.0063263274148916,0.7735584871416831,0.0992687254347112,22.70305555036239,0.0084,0.7,10
0.003489923137077,0.0064629475780563,0.7659529797547164,0.1166615226354522,22.665126843880504,0.0084,0.7,10
0.0033649187183582,0.0065249065612021,0.7754535983397447,0.1231662438805319,22.875867830492705,0.0084,0.7,10
0.0031600911493667,0.0067083960838099,0.7741838544719749,0.1439022881013456,23.13787555092928,0.0084,0.7,10
0.0032592530465418,0.0066110317496015,0.7776733269184087,0.1329279191753458,23.041003316751983,0.0084,0.7,10
0.0035337494187986,0.0061851758503925,0.7760726892985967,0.0808749883968351,22.708149470926827,0.0084,0.7,10
0.0034841994593419,0.0060826712053079,0.7839204565561925,0.0655736790058958,22.86702655062352,0.0084,0.7,10
0.0029256844425672,0.006763817244758,0.7909789253269168,0.1483934702420928,23.641642693682765,0.0084,0.7,10
0.0030281236276383,0.0066684331808222,0.7971690053832794,0.1379307956595837,23.4961150854451,0.0084,0.7,10
0.0036185202006467,0.0058575945862202,0.7588832812983712,0.0383750400330625,22.62620802083808,0.0084,0.7,10
0.0035180003112992,0.0059668025292827,0.7774801336584846,0.0502391279463203,22.782347581187302,0.0084,0.7,10
0.0035798406402599,0.005732380581877,0.7554095678037774,0.0197434904936611,22.672205110240924,0.0084,0.7,10
0.0037222334950828,0.0050773503905424,0.6386604224992734,-0.0536696836177019,22.10490202628358,0.0084,0.7,10
0.0037329730939367,0.0049663359290946,0.6134384771904106,-0.0641473828800011,22.012694290803168,0.0084,0.7,10
0.0037182024986118,0.0048411219230918,0.5853098352328723,-0.0765339257375731,21.906854181647955,0.0084,0.7,10
0.0036973453030467,0.0047105093643208,0.5537909607473345,-0.0883851941387756,21.784710191559924,0.0084,0.7,10
0.0036622192573014,0.0044211783225591,0.4751088387319103,-0.1079069443897531,21.453427723071226,0.0084,0.7,10
0.0036744598782732,0.0045737719262165,0.5182199432653641,-0.0991062373103411,21.663241993935348,0.0084,0.7,10
0.0034764590839555,0.0042371686300014,0.423841464568715,-0.1240722602398467,21.314322855634902,0.0084,0.7,10
0.0035161949916407,0.0043687745523772,0.4648699160278053,-0.1186240583158726,21.507383077899515,0.0084,0.7,10
0.003349867685305,0.0042087499337246,0.4157740553034368,-0.1303632528349065,21.334354483190392,0.0084,0.7,10
0.0036992980184348,0.0052827904399538,0.6808240914320022,-0.0321826288000375,22.28118595740177,0.0084,0.7,10
0.0036518847602433,0.0051569657909294,0.6626513957175161,-0.0493558963033738,22.276800486661852,0.0084,0.7,10
0.0036419129310988,0.0055104572221928,0.7229682156150944,-0.0070905609398075,22.492512003324297,0.0084,0.7,10
0.0035451105067103,0.0056059366774911,0.7475640883526075,0.0010380804219207,22.697540941879,0.0084,0.7,10
0.0036049513518135,0.0053803113480681,0.7086250101376578,-0.025526788080787,22.49366568106826,0.0084,0.7,10
0.0032906246818201,0.0040899842915485,0.3740679502546551,-0.1322060061451588,21.14386329913636,0.0084,0.7,10
0.0032306839831797,0.00396806922398,0.3290124139498715,-0.1308401566390252,20.930632467895887,0.0084,0.7,10
0.003105387737502,0.0039392916955566,0.3127908046600045,-0.131382840417837,20.87477736811957,0.0084,0.7,10
0.0029752700736472,0.0038979760385322,0.2885304940383935,-0.128870807151927,20.82207526156556,0.0084,0.7,10
0.0015101337826042,0.0079126088926853,0.1653333939429971,0.0556105589411441,25.07238891758854,0.0084,0.7,10
0.0014299381885124,0.0078890928676578,0.1662712634783691,0.0527898948227531,25.65775657140357,0.0084,0.7,10
0.001575259386239,0.0078552848917383,0.2350549961043869,0.0778593164377554,25.109066547100166,0.0084,0.7,10
0.0016467127911094,0.0077802466159969,0.3148282259669461,0.10118221878282,25.088395051806057,0.0084,0.7,10
0.0017299482147872,0.0077015087203827,0.3915312762039273,0.1222354725932176,25.160080294818812,0.0084,0.7,10
0.0018124688544578,0.007619256654709,0.4621905774697388,0.1393076116839257,25.14353369091371,0.0084,0.7,10
0.0013521319703802,0.0078589816283601,0.1758639549668531,0.0522665212958932,26.26851827149721,0.0084,0.7,10
0.0012188734251107,0.007875777354741,0.1212735474624422,0.0337626871987901,27.060081291181643,0.0084,0.7,10
0.0012729501250311,0.0078321756101807,0.1834461451701183,0.0509092094614335,26.9181946068363,0.0084,0.7,10
0.0011181962152985,0.0078825184502377,0.084372285141073,0.0219873035538275,27.643022541989207,0.0084,0.7,10
0.0010444139233525,0.0078931236227634,0.0493902846634747,0.0122437871552005,28.241312334531838,0.0084,0.7,10
0.0011414312937291,0.0078513765697451,0.1275895915937861,0.0329631560683246,27.742049640553912,0.0084,0.7,10
0.001039234006107,0.0078617757061704,0.0869539594406706,0.0209397738420615,28.37123762362624,0.0084,0.7,10
0.0009655571813278908,0.0078738708704502,0.0507742496797329,0.011574438009705,28.99463316164084,0.0084,0.7,10
0.000958593595097469,0.0078435413172077,0.0878422307076903,0.0194200973532549,29.134196071152832,0.0084,0.7,10
0.0008863471298548508,0.0078561221717333,0.0520987362299874,0.0108651907819242,29.79826765514826,0.0084,0.7,10
0.0008783441738296117,0.0078271940750451,0.0882912282022325,0.0178463750231374,29.941222320333733,0.0084,0.7,10
0.0008068102066153231,0.0078398899135873,0.0533253398561981,0.0100831311055703,30.61851352697584,0.0084,0.7,10
0.0019700110116405,0.0076027150442924,0.4876917433372714,0.1528075132164934,24.537907261454617,0.0084,0.7,10
0.0018902778841393,0.0075574728776044,0.5110492202275179,0.1505691287053488,25.077041304112925,0.0084,0.7,10
0.002147257161333,0.0075668605791937,0.5214862380433293,0.1671933829670353,24.09945757298044,0.0084,0.7,10
0.002046562063507,0.0075542852447338,0.5231968507803175,0.1613986759083072,24.47901722316057,0.0084,0.7,10
0.0027553082751681,0.0070977652896379,0.7180552743268241,0.1789392790381256,23.55183980157166,0.0084,0.7,10
0.0028526646722591,0.006997719648373,0.7404829485259395,0.1719306305925178,23.500799096813772,0.0084,0.7,10
0.0028211685580378,0.0068600258793313,0.7804586095611467,0.158039210211341,23.777745188184955,0.0084,0.7,10
0.002193273124565,0.0074616321042827,0.5818053792268013,0.1735423953850378,24.27447951032874,0.0084,0.7,10
0.0022854008757243,0.0074012511230741,0.6140182356523501,0.1785125837277353,24.18880965009561,0.0084,0.7,10
0.0026305583571944,0.0070821776007305,0.7325836597558985,0.1756263298047669,23.93281537376584,0.0084,0.7,10
0.0025668717943831,0.0071818883452885,0.7009167959086907,0.1809624228916249,23.90628819247507,0.0084,0.7,10
0.0024683302841083,0.0072268303969436,0.6885056049397661,0.1809003591410748,24.04322766069913,0.0084,0.7,10
0.0023727990906586,0.0073142871037418,0.6542291666086081,0.1808989895763386,24.166450852591453,0.0084,0.7,10
0.0026342164263899,0.0036779941478605,0.1549915371452921,-0.0870079542941998,20.165957943046763,0.0084,0.7,10
0.0026140951647455,0.0035788815749994,0.1085255743295098,-0.0663801923749735,19.764511319242416,0.0084,0.7,10
0.0026001612637891,0.0034926786313982,0.0702788104595751,-0.0463665617720284,19.391797743019016,0.0084,0.7,10
0.002597926576579,0.0034251485179145,0.0436897302789538,-0.0306012739991957,19.106869734511196,0.0084,0.7,10
0.0025900208196956,0.0033876299752892,0.0279805491175356,-0.0203116614534145,18.973291800453023,0.0084,0.7,10
0.0026270574350664,0.0033248424135343,0.0152828127345154,-0.0117064426197078,18.691695526063437,0.0084,0.7,10
0.0028497977286426,0.0038911731498387,0.2754475365292281,-0.1263846502942631,20.889158001541585,0.0084,0.7,10
0.0027550605946157,0.0038409839732641,0.2441761999897135,-0.1182288351268853,20.77285807785157,0.0084,0.7,10
0.0026580058996157,0.0037872886008951,0.2076697036373324,-0.1061791252535545,20.596036011002493,0.0084,0.7,10
0.0034263964309118,0.0062553539889899,0.7883375240819224,0.0882775671197804,22.90788202182605,0.0084,0.7,10
0.0033725940571859,0.0063729753728919,0.788842895871438,0.1034108330144448,22.96237803853183,0.0084,0.7,10
0.0032395765644247,0.0064743968952854,0.7973291785547932,0.115138137028792,23.19251305925313,0.0084,0.7,10
0.0031311801694937,0.0065697234824993,0.7997237708356212,0.1264499034903321,23.350502116229467,0.0084,0.7,10
0.0034041591553446,0.0061525820431015,0.794646404485794,0.07345970924309,22.97362989614771,0.0084,0.7,10
0.0033879989891804,0.0060309147700938,0.7973588004155162,0.0555090727105649,23.04478185161532,0.0084,0.7,10
0.0027953865731331,0.0067200327383279,0.8158820603205811,0.1416166034386399,24.035102777103805,0.0084,0.7,10
0.0028970057453491,0.0066290700062686,0.8207646983462592,0.1314398635400918,23.86863215750281,0.0084,0.7,10
0.0029982687218545,0.0065352733885085,0.8222415012059345,0.1202641110254313,23.69935970258376,0.0084,0.7,10
0.0034820035960496,0.0058281679673461,0.7761757416185943,0.0294218694207992,22.86212211921595,0.0084,0.7,10
0.0033758991814043,0.0059147142759653,0.7959536576460331,0.0383077739891442,23.07511838869151,0.0084,0.7,10
0.0034486949435063,0.0057016185931549,0.770911114415671,0.0102287243131567,22.903524249608648,0.0084,0.7,10
0.0036213607665759,0.0050341241622907,0.6398093243193227,-0.0644147980108861,22.213371850958165,0.0084,0.7,10
0.0036056265474717,0.0049133877353134,0.6130651023721478,-0.077271612770075,22.118700831836723,0.0084,0.7,10
0.0035875049099405,0.0047847684816944,0.5819326391288328,-0.0897043359178304,21.99961779211,0.0084,0.7,10
0.0035654404669384,0.0046489659592472,0.5463479991565788,-0.1012728290376542,21.858467133640115,0.0084,0.7,10
0.0035446427524216,0.0045104448747075,0.507154167287133,-0.1108770442967592,21.682602442052342,0.0084,0.7,10
0.0033890210504492,0.0043244713665209,0.4542783075860229,-0.1267475654957751,21.546460711922723,0.0084,0.7,10
0.003411919398905,0.0044532582716834,0.4956486468780549,-0.1212440202598938,21.736841303223457,0.0084,0.7,10
0.0032291405445268,0.0041987213921053,0.4124740028511193,-0.1353084458494498,21.411685918497408,0.0084,0.7,10
0.003288019353835,0.004288660516322,0.4440568098437157,-0.1321600110653494,21.555176247156652,0.0084,0.7,10
0.0035653388112525,0.0052507513723027,0.6908727113201621,-0.0435215117209823,22.47223461368114,0.0084,0.7,10
0.003528736926015,0.0051223755787645,0.6691713461016119,-0.06045625692703,22.42684116975664,0.0084,0.7,10
0.0035096692577832,0.0054770724948052,0.7356583089727108,-0.0178823098806437,22.706468089307048,0.0084,0.7,10
0.0034143382183921,0.0055742923930726,0.7617382877218465,-0.0090864650331706,22.92698269912015,0.0084,0.7,10
0.0034724661530708,0.0053466326539168,0.7197287313436895,-0.0367065128223193,22.696105310148315,0.0084,0.7,10
0.0031530951132651,0.0040822068226452,0.3686627038304637,-0.1362080473406973,21.213619910093986,0.0084,0.7,10
0.0030102845794759,0.0040204673828382,0.3396237963796266,-0.1362036550445532,21.17961220003065,0.0084,0.7,10
0.0029110774808111,0.0039775649369164,0.3164842098835246,-0.1338875589083435,21.09694075641124,0.0084,0.7,10
0.003120451659281,0.0042039876544601,0.4139860146261041,-0.1389078997255949,21.519978586133647,0.0084,0.7,10
0.0014981051945505,0.0078268680626942,0.2430670137657404,0.0759145770811335,25.627456674272057,0.0084,0.7,10
0.0014157689016411,0.0077976264266753,0.2522126659915877,0.0737803738187882,26.239390239278737,0.0084,0.7,10
0.0015696599591827,0.0077612585606124,0.3166696121473298,0.0970263318334017,25.65356544443388,0.0084,0.7,10
0.0016453996637607,0.0076600419303916,0.4122798097402663,0.1202858132634922,25.711523349679485,0.0084,0.7,10
0.0017262837571182,0.0075805960909106,0.4814609226552667,0.1360772463836124,25.70560177150321,0.0084,0.7,10
0.0018045157842613,0.0075169650488084,0.5321090911335374,0.147116682092538,25.60820405551932,0.0084,0.7,10
0.0007996401137113593,0.0078116430854053,0.0899474807897214,0.0164951088752809,30.7231885399704,0.0084,0.7,10
0.0007269715265631331,0.0078251974590225,0.0544925132392414,0.0092297218499514,31.459203376695065,0.0084,0.7,10
0.0007206662608443415,0.0077954482643359,0.0944280430560236,0.0154975831756598,31.554705331621687,0.0084,0.7,10
0.000646857015681716,0.0078120707219534,0.0555291369547966,0.0083455864024279,32.34824868368621,0.0084,0.7,10
0.0013350047551323,0.007770691583903,0.2609905630856499,0.0714738999112024,26.881020111705883,0.0084,0.7,10
0.0011931046315434,0.0078078357022552,0.1899674954040958,0.0490356841818776,27.58830523494116,0.0084,0.7,10
0.0012535651311013,0.0077458182865985,0.2691105666260132,0.0686736074913091,27.51406417369422,0.0084,0.7,10
0.0010592977489526,0.0078315338007807,0.1291494900919938,0.0308345724904408,28.481981929197275,0.0084,0.7,10
0.0011131761626013,0.0077846532631656,0.1968813300281473,0.0470790540748392,28.286395027568343,0.0084,0.7,10
0.0009792680985922693,0.007813248037822,0.1311356864254654,0.0288511866565781,29.22200984329208,0.0084,0.7,10
0.0009045803912212914,0.0077933282495433,0.1381651483207419,0.0278840149360126,29.959681475142457,0.0084,0.7,10
0.0008234366361102718,0.0077777554172551,0.1400007571280665,0.0256306486982613,30.774610273860706,0.0084,0.7,10
0.0019722907707048,0.0074929219487902,0.5567061616493959,0.1598355466649636,25.00716071841469,0.0084,0.7,10
0.0018866967703654,0.0074535207369791,0.577409758096009,0.1559936785749495,25.47964885922932,0.0084,0.7,10
0.0020880152566812,0.0074495056687985,0.586165083399442,0.1683747087547207,24.72618171113677,0.0084,0.7,10
0.002700852247663,0.0069592606308513,0.7656693382706816,0.1665087602164402,23.94483246899333,0.0084,0.7,10
0.0026905454333349,0.0068120583278492,0.8069061451125511,0.1510223587556974,24.213706887823463,0.0084,0.7,10
0.002573062947265,0.00698884980905,0.768077094775178,0.1668648097863987,24.262189282449704,0.0084,0.7,10
0.00217031112071,0.0073525731149764,0.6388994632449608,0.1733539878445113,24.69147511083281,0.0084,0.7,10
0.0022623647815994,0.0072679096048144,0.6784235696112128,0.1756249135926647,24.643636007685924,0.0084,0.7,10
0.0024894063769234,0.0070897565162691,0.7403695807484532,0.1733348335913264,24.33435837163117,0.0084,0.7,10
0.0023696965798034,0.007172377553559,0.715784357780911,0.1752809923950066,24.52889751599027,0.0084,0.7,10
0.0025614893539792,0.0037305122121326,0.1660903627329728,-0.0896458384337663,20.392405306913165,0.0084,0.7,10
0.0025433351845916,0.0036299669567358,0.1163673399424815,-0.0684729529128918,19.97547542796585,0.0084,0.7,10
0.0025304360146552,0.003538261696492,0.0732687385624692,-0.0467205986883183,19.57303169972104,0.0084,0.7,10
0.002532039305095,0.0034706165453455,0.0455443642072245,-0.0308186062401438,19.28050024243448,0.0084,0.7,10
0.0025230503519837,0.003436294361275,0.0295860650371237,-0.0206932884221591,19.14758487480709,0.0084,0.7,10
0.0025630621476085,0.0033744285912955,0.0165088152544144,-0.012170857673146,18.83504096725992,0.0084,0.7,10
0.0028215094904438,0.003994169243197,0.3174287642401726,-0.1341972971137931,21.20295014432517,0.0084,0.7,10
0.0027638096396127,0.0039250552983881,0.2821659685435277,-0.1272020483409588,21.029539713566617,0.0084,0.7,10
0.0026785102843492,0.0038963873548212,0.2603409571996704,-0.1212891953111272,20.973559248919997,0.0084,0.7,10
0.0025859199081225,0.0038405403467624,0.2221576938756057,-0.1091631718477084,20.833337488768617,0.0084,0.7,10
0.003311009151663,0.0062397092593521,0.8052590931930544,0.0838035316198067,23.179776726924175,0.0084,0.7,10
0.003212642576575,0.006338380372095,0.8134439775481511,0.0960523944494063,23.320792398848543,0.0084,0.7,10
0.0031019550736855,0.0064382382236467,0.8200056292627956,0.1083235027315349,23.521626164271115,0.0084,0.7,10
0.0032804312242059,0.0061153472817949,0.813058525838159,0.0650738775182969,23.25964363075777,0.0084,0.7,10
0.0032655847641277,0.0060061391319008,0.8149854269019637,0.0484160001756733,23.311916321826427,0.0084,0.7,10
0.0026688579386737,0.0066682650630648,0.8427248904618353,0.1332767772535809,24.47238300577978,0.0084,0.7,10
0.0027691724205965,0.0065873587743581,0.8450906547722198,0.1241134575812632,24.243061735071333,0.0084,0.7,10
0.0028655889991021,0.0065000247682428,0.8455571484304724,0.1135220426579616,24.082229995048436,0.0084,0.7,10
0.002965951349733,0.0064065988914398,0.8427380404294947,0.1017063942522841,23.88038258826484,0.0084,0.7,10
0.0033509789255964,0.005795568357283,0.7928199282801655,0.0200435506365733,23.115099260935484,0.0084,0.7,10
0.0032542186073685,0.005888808323014,0.8128616758036035,0.0305748887494473,23.334841225071568,0.0084,0.7,10
0.0031828661052167,0.005950541167706,0.8260456075380684,0.0377403721779672,23.4771544364732,0.0084,0.7,10
0.0033188654457138,0.0056713073678641,0.786500119354622,0.0007045631590951344,23.153589945191893,0.0084,0.7,10
0.0034998038852976,0.0049946751012008,0.6431338122490408,-0.0758134586640295,22.34944111176146,0.0084,0.7,10
0.0034757214553699,0.004865024420538,0.6127494966860718,-0.0897269600857233,22.243354823462976,0.0084,0.7,10
0.0034502173652742,0.0047288199894945,0.577380051652295,-0.1026120329586697,22.106158224430494,0.0084,0.7,10
0.0034303840395726,0.0045902759648787,0.5376674952358744,-0.113231340458894,21.94010414669421,0.0084,0.7,10
0.0032865939738376,0.0044000024035994,0.482638424317482,-0.1297238663461189,21.75898497589849,0.0084,0.7,10
0.0033046798406998,0.0045255808024134,0.5240562609014751,-0.1237074102951883,21.963850916039405,0.0084,0.7,10
0.0031727858290064,0.0043187405040544,0.4565702403594534,-0.1367172774025551,21.73571734502917,0.0084,0.7,10
0.0034349171185004,0.0052149970699301,0.6994872258964683,-0.0550140900895486,22.66047463835575,0.0084,0.7,10
0.0033994588555409,0.0050827997163015,0.6746890487084003,-0.0722654918508858,22.598219446915547,0.0084,0.7,10
0.0033791128810657,0.0054438714576298,0.7481215507612641,-0.0285942480845478,22.928320564296826,0.0084,0.7,10
0.0032853689062911,0.0055424266204755,0.7756819770129929,-0.01920184589308,23.168899309861036,0.0084,0.7,10
0.0033425294684004,0.0053118848716685,0.7300639835255677,-0.047817381120381,22.906160329245584,0.0084,0.7,10
0.0030199969434102,0.0041431692989324,0.3888668845177076,-0.1403946329978372,21.44824290750549,0.0084,0.7,10
0.0028956189126773,0.004084483384549,0.3605764401085532,-0.1399427427298501,21.423100311866875,0.0084,0.7,10
0.0030389357525597,0.0042780363384204,0.4422720487597487,-0.141543368665336,21.803282169481864,0.0084,0.7,10
0.0027866439503086,0.0040724012402437,0.3495628100490507,-0.1389513964976133,21.49373534650741,0.0084,0.7,10
0.0006375675974788061,0.0077832691824999,0.0945575251789212,0.0136996220022709,32.47077975897957,0.0084,0.7,10
0.0005664918798003355,0.007800538609678,0.0563469711262114,0.0073946868105803,33.24092975937858,0.0084,0.7,10
0.0005560678229236214,0.0077727093129967,0.0947930048137151,0.0119467548359105,33.36121739569984,0.0084,0.7,10
0.00048589543692731374,0.0077906858113979,0.0568846706229821,0.0063750980862563,34.16253559088735,0.0084,0.7,10
0.0004766065781896425,0.0077625876957914,0.0968341176014879,0.0104112083908772,34.25626721111769,0.0084,0.7,10
0.0004050907794327443,0.0077826709786738,0.0568525691592892,0.0052990474157628,35.136546759603924,0.0084,0.7,10
0.0003968523400143769,0.0077541728151141,0.0983594184554441,0.008790498074899,35.20397579769587,0.0084,0.7,10
0.00032412592835376125,0.0077766864959272,0.0559239435767003,0.0041686461331582,36.08903812594103,0.0084,0.7,10
0.0014872256393649,0.0077240586867081,0.3343146756390551,0.0955931108522536,26.16294677714691,0.0084,0.7,10
0.0014077665203804,0.0076936750340257,0.3480873576635639,0.0931808718596543,26.85492492941296,0.0084,0.7,10
0.0015602500397451,0.0076365442607464,0.4198860807778453,0.1157338674261223,26.278920904062694,0.0084,0.7,10
0.001637588532877,0.0075470266761432,0.4981350608744356,0.1319874858875543,26.23055847253782,0.0084,0.7,10
0.0017123399398199,0.0074701853370106,0.558406834661703,0.1432637169551839,26.17700692551727,0.0084,0.7,10
0.0017990576993725,0.0074204098192539,0.59511981100368,0.1514219293076721,25.92779977238405,0.0084,0.7,10
0.0007385115412559957,0.0077616303512274,0.1436839311832092,0.0234322167654399,31.62944099389109,0.0084,0.7,10
0.0006564150348183598,0.007748544009403,0.1459425173734182,0.0211629870556208,32.526203535187285,0.0084,0.7,10
0.0013178987499373,0.0076697141450235,0.3555498682292267,0.0885886950129976,27.448116433910453,0.0084,0.7,10
0.0011722954064648,0.0077223018965265,0.2773242728537526,0.0657064766864066,28.184925647769003,0.0084,0.7,10
0.0012390280074859,0.0076477723905965,0.3641725588152599,0.0848281615135608,28.125012607141446,0.0084,0.7,10
0.0010323733039045,0.0077652966139536,0.2009049913665093,0.0443336049113421,29.005737100468924,0.0084,0.7,10
0.0010909064331047,0.0077005603495158,0.2851624257510352,0.0624621361231698,28.887649538108157,0.0084,0.7,10
0.0009514142890613494,0.0077473876331859,0.2047788451692818,0.0414546060676943,29.76156911593992,0.0084,0.7,10
0.0008698471167444347,0.0077313151013842,0.207931620531168,0.0383619847948721,30.541398442356705,0.0084,0.7,10
0.0007873803360062473,0.0077192319877674,0.2075974182925997,0.0346292847201233,31.343378313823973,0.0084,0.7,10
0.001971972433233,0.0073865206226572,0.6196798967141648,0.1629636883724307,25.31276983692089,0.0084,0.7,10
0.0018787580682594,0.0073506141269841,0.6395204561807547,0.1579696345558982,25.852808235204098,0.0084,0.7,10
0.0020594369261304,0.0073086065289689,0.6625768624913088,0.1676946585773064,25.248681953769843,0.0084,0.7,10
0.002582657636325,0.0068762275888597,0.8013355453359523,0.1562364491348784,24.428929049068905,0.0084,0.7,10
0.0025668099117742,0.0067405889176097,0.8391162776260691,0.1406016564644211,24.68932347489764,0.0084,0.7,10
0.0024686241045172,0.0069500100899994,0.7902485841503042,0.1612332533526078,24.6961527261884,0.0084,0.7,10
0.002149307810547,0.0072207500083385,0.7042248244366199,0.1696186251468128,25.15450549837789,0.0084,0.7,10
0.0022521621339668,0.0071281775131928,0.740715979846638,0.1690061603599028,25.021143044407083,0.0084,0.7,10
0.002361025478936,0.0070375357096099,0.7690734901224432,0.1661515401850533,24.831773716188493,0.0084,0.7,10
0.0024904871501558,0.0037804011365811,0.1774773397719184,-0.0921321472146268,20.646640118726705,0.0084,0.7,10
0.0024736319992961,0.003678831168231,0.1245659771310157,-0.0705266263761883,20.196952311300915,0.0084,0.7,10
0.0024656814714225,0.0035905288872515,0.0812557715899682,-0.0496550623325566,19.784890351428142,0.0084,0.7,10
0.0024676378710239,0.0035216672052028,0.0508656975393139,-0.0329998134067832,19.456155618371938,0.0084,0.7,10
0.0024573403373774,0.0034844710007879,0.0321320435114257,-0.0215705724122843,19.31535524757632,0.0084,0.7,10
0.0024981298385872,0.0034227805118276,0.0177704816428267,-0.012605216797591,18.995550294651625,0.0084,0.7,10
0.00031303486989100603,0.0077490967505667,0.0965006438450866,0.0068070571432476,36.18769695750273,0.0084,0.7,10
0.00024309194050459024,0.0077726216470704,0.0542408438993057,0.0030082258791027,37.11772894511615,0.0084,0.7,10
0.00022634548486003887,0.0077460933831201,0.0935276155461123,0.0047480153684024,37.26286599644566,0.0084,0.7,10
0.0001620651536678546,0.0077698608331433,0.0529053891260465,0.0019738814992245,37.94922280512768,0.0084,0.7,10
0.0025078824528307,0.0038885788955841,0.234518855027378,-0.1110792525448893,21.098771392966785,0.0084,0.7,10
0.0027141766833817,0.0040025721544114,0.312829350685456,-0.132994477779828,21.351927966831173,0.0084,0.7,10
0.0026115749099442,0.0039556464615273,0.2808185889982236,-0.1251992329873524,21.274313528185143,0.0084,0.7,10
0.0031698820311058,0.0062035513251536,0.8272711958013909,0.0756574096782183,23.501468983227717,0.0084,0.7,10
0.0030641827129249,0.006305190003323,0.837364723885511,0.0885844895214355,23.68290809943701,0.0084,0.7,10
0.0031439532565559,0.0060591871589126,0.8339354851406632,0.0532597373448497,23.58789941592088,0.0084,0.7,10
0.0029326263464061,0.0062824264256326,0.8586646557966374,0.0826561077147353,24.031986021750328,0.0084,0.7,10
0.0025534519047509,0.0065984789503615,0.8723952220078818,0.1220365100038251,24.91941417446773,0.0084,0.7,10
0.0026606700195171,0.00655499360758,0.8655202896584676,0.1179080682744143,24.62978408709485,0.0084,0.7,10
0.0027301211624849,0.0064635407039808,0.8700598281481188,0.106074970641971,24.514170452702505,0.0084,0.7,10
0.0028331127258875,0.0063784940950968,0.8652671387793774,0.0953055391658948,24.267974551515024,0.0084,0.7,10
0.00309685792269,0.0059547952673399,0.8393869512616356,0.0358774399397047,23.731727841802336,0.0084,0.7,10
0.0032261176219788,0.00576868497544,0.809282785482076,0.0115650955656947,23.38449061399432,0.0084,0.7,10
0.003141480593106,0.0058635369596521,0.8286337651661232,0.0231013461824522,23.612654238143847,0.0084,0.7,10
0.0031914038788454,0.0056430809511302,0.8020893379800312,-0.0084693961533132,23.415991030666493,0.0084,0.7,10
0.0033681566482941,0.004950696858522,0.645379231329668,-0.087937478880537,22.49970785144814,0.0084,0.7,10
0.0033430311449155,0.0048178118249593,0.6115156484208272,-0.1017452895459335,22.377093766070814,0.0084,0.7,10
0.0033038257629261,0.0046759709211936,0.5722973241701815,-0.1149304131883909,22.20229371333849,0.0084,0.7,10
0.0031837226091899,0.0044599094936273,0.5069608403303275,-0.1325165218609584,21.998716896799767,0.0084,0.7,10
0.0031914022170127,0.0045800299441203,0.548094580564621,-0.1266552772963395,22.202650279091632,0.0084,0.7,10
0.0030626895351444,0.0044012307370245,0.4891995760898623,-0.1393159705469022,22.014079409861694,0.0084,0.7,10
0.0033048974246424,0.005178231314261,0.707303959315361,-0.0664099307524682,22.856896249561363,0.0084,0.7,10
0.0032669805751047,0.0050431825341396,0.6796851716436985,-0.0839185834617216,22.775658195467003,0.0084,0.7,10
0.0032503525678682,0.0054106243576511,0.7601657710919713,-0.0391683322233407,23.161875102754223,0.0084,0.7,10
0.0031585720894369,0.0055114146929499,0.7893656028382444,-0.029061953686872,23.424821811996758,0.0084,0.7,10
0.0032139557663719,0.0052770480059537,0.7397754661960346,-0.0586902733129301,23.128910627846704,0.0084,0.7,10
0.002914321508506,0.0042176029575321,0.4168405971434429,-0.1439355315545279,21.78195670367907,0.0084,0.7,10
0.0028054719964554,0.0041660586449411,0.3917870352382286,-0.1436684893212318,21.72535088390661,0.0084,0.7,10
0.0029298239753088,0.004343635814168,0.4687036809033415,-0.1443725469444207,22.06650470204533,0.0084,0.7,10
0.0027129772568611,0.0041114340849488,0.3627874503489512,-0.1407295227713189,21.72393515235134,0.0084,0.7,10
0.0003310075151885754,0.0077185885674134,0.1431392362705252,0.0104514802484229,36.16039963529809,0.0084,0.7,10
0.0005793128438022767,0.0077379729969132,0.1473971848410302,0.0187640521663389,33.333702399352894,0.0084,0.7,10
0.0004947379618148802,0.0077299748834842,0.1460016009508114,0.0158078048684889,34.261655850381295,0.0084,0.7,10
0.0004110919985104544,0.0077236890372332,0.1443197235090416,0.0130120357438496,35.22751771965135,0.0084,0.7,10
0.001481554171095,0.0075921214111158,0.4467828196798843,0.1142685078190454,26.906606400926137,0.0084,0.7,10
0.0013941603368055,0.0075777673706818,0.4486755745195127,0.1081343026904936,27.47358576552713,0.0084,0.7,10
0.0015498780535724,0.00751851246586,0.5121269490396195,0.1271293732797955,26.867403093700062,0.0084,0.7,10
0.0016151198445839,0.007448455694508,0.5681299071051544,0.1370702323366201,26.70285451596058,0.0084,0.7,10
0.0017341960748331,0.007384124205914,0.6163236458192496,0.1482366966902458,26.392637552948557,0.0084,0.7,10
0.0016694938690042,0.0073933307353858,0.6083689605103717,0.1435818729985047,26.680870346268044,0.0084,0.7,10
0.0017905150017526,0.0073230997440464,0.6551790248370013,0.1526839583780013,26.326660824554494,0.0084,0.7,10
0.0007055123562759951,0.0077003649177738,0.2175016482757414,0.0322043121577842,32.17653240078362,0.0084,0.7,10
0.0006221552414545756,0.007693129066485,0.2141360035754092,0.0280297897231774,33.0570214702237,0.0084,0.7,10
0.0013015404064623,0.0075560047042182,0.4571169322366888,0.1023084788596681,28.053665448132907,0.0084,0.7,10
0.0011541443830422,0.0076238049061389,0.3748986495456044,0.0806733382746146,28.76878747831907,0.0084,0.7,10
0.001223869946685,0.0075449433038565,0.4586094508934092,0.0968436550193765,28.760195811218814,0.0084,0.7,10
0.0010091458976944,0.0076807827394418,0.2922488899503017,0.0588706683813567,29.61017116750492,0.0084,0.7,10
0.0010712701426755,0.007602281781796,0.3849981337777178,0.0763305884295235,29.48696055356942,0.0084,0.7,10
0.0009269750736505138,0.0076631737044607,0.2982521219138178,0.0549356275357501,30.36307617869647,0.0084,0.7,10
0.0008438475477040053,0.0076479791423963,0.3027545405119629,0.0506025107323671,31.13005011704637,0.0084,0.7,10
0.0007623763407527006,0.0076339135151381,0.3075086170188589,0.046189514395522,31.93373130929289,0.0084,0.7,10
0.001946643225447,0.007263946952708,0.6878224529781596,0.161446806124045,25.80737718347341,0.0084,0.7,10
0.0018578318369808,0.0072612688849826,0.6906547803584929,0.1564522423064037,26.221495677877208,0.0084,0.7,10
0.0020303730565191,0.0071783397941787,0.7290394285690888,0.1628687963637788,25.743975826585004,0.0084,0.7,10
0.0024583378328676,0.0068148818025031,0.8322744853190472,0.1470786178827971,24.92988703451574,0.0084,0.7,10
0.0024489795395336,0.0066749655246954,0.8696368218906317,0.1300152944900683,25.156768874073,0.0084,0.7,10
0.0023475793005172,0.0068973447600323,0.8190744331053059,0.1532987666550823,25.175325805258986,0.0084,0.7,10
0.0021318945181561,0.007082948676377,0.7672562007562264,0.1620034786177073,25.57639823554734,0.0084,0.7,10
0.0022386848036732,0.0069875481099989,0.7976017370932574,0.1585430336549342,25.38111282543256,0.0084,0.7,10
0.0024466586027704,0.0065330316868721,0.8997834862933161,0.1107291504545324,25.32868766438727,0.0084,0.7,10
0.002413640564424,0.0038226072092667,0.1850379062159991,-0.0927733509197121,20.89495145042667,0.0084,0.7,10
0.0024035858949036,0.0037256755123023,0.1328129155944787,-0.0723315989464676,20.44670172196796,0.0084,0.7,10
0.0023964679973913,0.0036370845888395,0.0867165643840515,-0.0509462250296458,20.01892253493652,0.0084,0.7,10
0.002400615494819,0.0035693184735889,0.0551534398354432,-0.0343624251982214,19.687528728746717,0.0084,0.7,10
0.002390800762678,0.0035317828498538,0.0350233264686087,-0.0225798495765953,19.54132437120577,0.0084,0.7,10
0.0024322839632553,0.0034698799472493,0.0190945077904182,-0.0130051115089482,19.16288819048826,0.0084,0.7,10
0.00014523350091037715,0.0077466846387008,0.087862908652158,0.002851904330246,38.11301468153463,0.0084,0.7,10
8.104343769019217e-05,0.0077680931116374,0.0520887571220194,0.0009334914687858444,39.25464614852383,0.0084,0.7,10
0.0002504101148601072,0.0077139021873439,0.143131842135149,0.0078241403126858,37.07840169486602,0.0084,0.7,10
0.00016793750390807743,0.0077157752982652,0.1354350330076482,0.0050055451902305,38.00824944944926,0.0084,0.7,10
0.0024296372303865,0.0039365741603855,0.2479777945092297,-0.1129159799263365,21.387919773523667,0.0084,0.7,10
0.0025341100075329,0.0040073507746304,0.2978413850887826,-0.1275411728764153,21.544553807495905,0.0084,0.7,10
0.0026243119438072,0.0040629558723316,0.3337679268906346,-0.1357660921468093,21.639558156060875,0.0084,0.7,10
0.0030070732574935,0.0061634938847287,0.8533928949401978,0.0660820432803957,23.88565064094374,0.0084,0.7,10
0.0028820242390324,0.0061960093480972,0.8714295791181902,0.0681940043676306,24.1713081971356,0.0084,0.7,10
0.0030048662338521,0.0060215526140811,0.8553476464585369,0.0438599926164616,23.941685572471098,0.0084,0.7,10
0.0028070719930483,0.0062714766520911,0.8787073417770831,0.0784617445182611,24.387999555951435,0.0084,0.7,10
0.002581746693005,0.0064573245019159,0.8928876983426592,0.102476955986826,24.982994586510014,0.0084,0.7,10
0.0026973165131412,0.0063468971133265,0.8891129783750532,0.0880765874324339,24.708650200019225,0.0084,0.7,10
0.0030102076188559,0.0058762604550074,0.849965043572131,0.0209914568132532,23.942841753775586,0.0084,0.7,10
0.0030996629379596,0.0057497142692036,0.8268664076571283,0.0042106015763628,23.667423715264132,0.0084,0.7,10
0.0030671427768808,0.005615702639257,0.8173537308090945,-0.0173493893213699,23.69488884653381,0.0084,0.7,10
0.0032329242695985,0.0047797949087919,0.6094083542833074,-0.1108557639389082,22.485877766523792,0.0084,0.7,10
0.0032239440238924,0.0049006876277555,0.645899911472462,-0.100794244947779,22.67099522701312,0.0084,0.7,10
0.0031667307643975,0.0046950253829826,0.5877289367710209,-0.1206689980924727,22.44366513650337,0.0084,0.7,10
0.0030841097314938,0.0045243318045966,0.5338803196034917,-0.1343505383501236,22.25044566330246,0.0084,0.7,10
0.0030972684361513,0.0046228473984915,0.5679800285046339,-0.1286575223128487,22.421733409872186,0.0084,0.7,10
0.0029647574116138,0.0044755465379797,0.5201995325407917,-0.1408365297080275,22.336844922955013,0.0084,0.7,10
0.0031761553575391,0.0051426545331061,0.7145112097554045,-0.077249790341633,23.064855151538072,0.0084,0.7,10
0.0031353654521269,0.0050107885972086,0.6853304016493613,-0.0941714780153257,22.989047580366435,0.0084,0.7,10
0.0031239532871428,0.0053774510331848,0.7715830490184975,-0.0494786883749235,23.409128280186,0.0084,0.7,10
0.0030346274455061,0.0054795730634011,0.8023105217942154,-0.0388150980880775,23.6958124009772,0.0084,0.7,10
0.0030877767888951,0.0052423689651478,0.7486088838133909,-0.0691288332354566,23.361674357329814,0.0084,0.7,10
0.0027227193918745,0.0041988506088778,0.4033243853695961,-0.1449557744878276,21.96197924126539,0.0084,0.7,10
0.0027948444808108,0.0042836208267282,0.4430140700938755,-0.1468513059117958,22.10423973291521,0.0084,0.7,10
0.0028372381988618,0.0044212393569853,0.5015272884314884,-0.1458511496743824,22.414648440143683,0.0084,0.7,10
0.0026394555690051,0.0041732491793652,0.3876650661930779,-0.1433958924544928,21.96425550778035,0.0084,0.7,10
0.0002968157177938128,0.0076663929717876,0.2140754670635084,0.0133257041478563,36.64190042638485,0.0084,0.7,10
0.0003760129740855601,0.0076680059104814,0.2184474840895024,0.017123376757715,35.74042249337938,0.0084,0.7,10
0.0005394355609559007,0.0076794335296864,0.2207777704451166,0.0248619206402072,33.91687725338787,0.0084,0.7,10
0.0004566066291011688,0.0076704223062868,0.2231199014626523,0.0211158421144842,34.81822656484496,0.0084,0.7,10
0.0013674750849226,0.0074926425105226,0.5172377225560671,0.1140872869597745,27.9744021925977,0.0084,0.7,10
0.0014549060850565,0.0074856701010049,0.530051454630759,0.1222173429066242,27.431807238952363,0.0084,0.7,10
0.0015370119122035,0.0074229741153047,0.5823354680145963,0.1325010883322716,27.21949596857377,0.0084,0.7,10
0.0016031791968886,0.0073544647119838,0.6324817241727132,0.1399428743962476,27.163385533760778,0.0084,0.7,10
0.0016950108383053,0.0073005620369055,0.6685105747846655,0.1470864562930539,26.913830733223115,0.0084,0.7,10
0.0017836464031934,0.0072125302606735,0.7191968473440795,0.1514213787670114,26.702014153151456,0.0084,0.7,10
0.0006778265227205525,0.0076205150066966,0.3125507881447883,0.0415120420659092,32.73728190319172,0.0084,0.7,10
0.0005904899089477664,0.0076110827677103,0.3138402384117562,0.0363780385506672,33.670900283536845,0.0084,0.7,10
0.0012923984439889,0.0074455024202887,0.5506235026876306,0.1114958864671705,28.59661075393445,0.0084,0.7,10
0.0011308753740283,0.0075120410270349,0.4792641841956239,0.0919931668533015,29.36456814337019,0.0084,0.7,10
0.0012039272343777,0.0074472186727706,0.5427026162867644,0.1036196359886447,29.219530675482908,0.0084,0.7,10
0.0009888595594865057,0.0075836158839836,0.3933582728539995,0.0716139531434175,30.19932728471324,0.0084,0.7,10
0.0010532246733632,0.0074918497092924,0.4909815349990241,0.0872375122735611,30.09583497625349,0.0084,0.7,10
0.0009064143552681128,0.0075644595187463,0.4034107031516933,0.0669157237810373,30.956995769033167,0.0084,0.7,10
0.0007279548946429271,0.0075382536837723,0.4125409166926401,0.0544585632597232,32.50918024347098,0.0084,0.7,10
0.0008246550181505344,0.0075532333350076,0.4061012689581811,0.0611032228542904,31.714654208086937,0.0084,0.7,10
0.0018925979285319,0.0071510862828718,0.7482817210889708,0.1553499700985614,26.411724474719787,0.0084,0.7,10
0.0020038006986331,0.0070442373459792,0.7924155398480622,0.1545025000089784,26.175524519074823,0.0084,0.7,10
0.00233622602562,0.0066176602028736,0.8976966550196729,0.1199816838303633,25.617577210315744,0.0084,0.7,10
0.0023364371846916,0.0067524986779831,0.8637543318072741,0.1371322265690334,25.455447082618008,0.0084,0.7,10
0.0022223665907656,0.0068415937519105,0.8500828836339194,0.1441967457169463,25.722167602601328,0.0084,0.7,10
0.0021122299090485,0.0069432285590879,0.825161267233319,0.1506728566882141,25.95215366486082,0.0084,0.7,10
0.0024343154219865,0.0064047626557502,0.9222486585351872,0.0916776883087048,25.48331864393109,0.0084,0.7,10
0.0022546395282887,0.0065617340151644,0.9209248281646992,0.1105706314147242,26.01555486919687,0.0084,0.7,10
0.0023380627930055,0.0064873159384458,0.9236672171480772,0.1018401824503118,25.745054186469645,0.0084,0.7,10
0.0023367531375447,0.0038693209173026,0.1960209212641802,-0.0943002624692738,21.157206024056336,0.0084,0.7,10
0.002331692663132,0.0037679640070831,0.1393170613783944,-0.0730660840005916,20.69853832481182,0.0084,0.7,10
0.0023263581602321,0.0036820693906483,0.092205270477891,-0.0520449107979002,20.268637261366376,0.0084,0.7,10
0.0023319038710321,0.003614460008812,0.0588001895509448,-0.0351904461343371,19.91971113896325,0.0084,0.7,10
0.0023240722858755,0.0035759294538354,0.0373162588185117,-0.0231270690441994,19.762250523699965,0.0084,0.7,10
0.0023655489315996,0.0035157104287298,0.0204716660904833,-0.0133939291395692,19.37940412594692,0.0084,0.7,10
0.00013477274437016633,0.0076688971668533,0.2017921907253403,0.0055401139426948,38.41287886341079,0.0084,0.7,10
0.00021149634055369577,0.0076502406388414,0.2312648704768805,0.0100753139625829,37.55515094186162,0.0084,0.7,10
0.0023563561091199,0.0039844336633819,0.263355650942866,-0.1148832864258026,21.69111710098971,0.0084,0.7,10
0.0024500740503015,0.0040492027779478,0.3103757786448491,-0.1283112493425765,21.830872508219457,0.0084,0.7,10
0.0025340382942251,0.0041276422001931,0.3586254606485407,-0.1386667788572788,21.97612225894456,0.0084,0.7,10
0.0027972796268235,0.006171181255351,0.8858335287939891,0.0624728232522482,24.48348769586655,0.0084,0.7,10
0.0028721297573572,0.006079932646551,0.8763761969350777,0.0497032332562931,24.259627829737276,0.0084,0.7,10
0.002890927257361,0.0059461539450695,0.8718691321316893,0.0287240928347032,24.209547175509417,0.0084,0.7,10
0.0026944433063254,0.006219416527986,0.8999200342338991,0.0680404058997851,24.784590421787517,0.0084,0.7,10
0.0025481235075826,0.0062991749084198,0.917181307594268,0.0776719811871694,25.16576195293243,0.0084,0.7,10
0.0028869238599279,0.0058187259660031,0.865834917190652,0.008183817997022,24.211432731998983,0.0084,0.7,10
0.0029759406467305,0.0057289590450931,0.8441476835356362,-0.0032503758298437,23.97237599174764,0.0084,0.7,10
0.0029428155527406,0.0055814902252817,0.8316517256881532,-0.0271688736842785,23.98043034113246,0.0084,0.7,10
0.0031258080520994,0.004803234922762,0.6255470836550217,-0.1144702352056625,22.745140358454165,0.0084,0.7,10
0.0030944887615804,0.0049065002921888,0.6598010910387747,-0.1067045561372566,22.90799060508957,0.0084,0.7,10
0.0030491559667366,0.0047082743770275,0.6003823114498733,-0.1254420624246438,22.689086585000595,0.0084,0.7,10
0.0029963607102088,0.0046019185688078,0.5662579126673193,-0.1343344803823421,22.568157875542703,0.0084,0.7,10
0.0028783229277445,0.0045609238634977,0.556483707086616,-0.1406007447049894,22.678299841071155,0.0084,0.7,10
0.0030492290095428,0.005105053860738,0.7201146741583462,-0.0877645569709163,23.29400688957333,0.0084,0.7,10
0.003004789430897,0.0049726982998745,0.6884179397900424,-0.1044039864491708,23.21798546888477,0.0084,0.7,10
0.0030010080431033,0.0053445733717621,0.7820926890489696,-0.0593526084993865,23.661856674901887,0.0084,0.7,10
0.0029151783066514,0.0054470841031821,0.814097368369579,-0.0482550432883754,23.963201740511423,0.0084,0.7,10
0.0029648821178381,0.0052085327656527,0.7564310435582101,-0.0789406308532112,23.595878932350697,0.0084,0.7,10
0.002676811175974,0.0042763475105222,0.437489257333003,-0.1474632547888135,22.26920469921317,0.0084,0.7,10
0.0027195901436035,0.0043919366521648,0.4900582529629032,-0.1483652215355768,22.51469638251524,0.0084,0.7,10
0.0027598763166563,0.0045241060663801,0.5460213736855195,-0.1452857365158269,22.787204674212912,0.0084,0.7,10
0.0025736613414381,0.0042437945791669,0.418611731171912,-0.1461175747290289,22.328696443582302,0.0084,0.7,10
0.00027369477642932784,0.0076065131781195,0.2930553494333452,0.0157967771292359,36.98487118473892,0.0084,0.7,10
0.00033856798571484044,0.0075990287135286,0.3068622018581682,0.020393135487274,36.26615128083325,0.0084,0.7,10
0.000418755768082888,0.0075924956189129,0.3207827785746073,0.0259969290602543,35.40335894606253,0.0084,0.7,10
0.0005036221693678967,0.0075994982883614,0.3192181252960862,0.0312352350414673,34.48654679631732,0.0084,0.7,10
0.0013843053890694,0.0074100141576295,0.5841722147903415,0.121190573015097,28.141328981841472,0.0084,0.7,10
0.0014613499727418,0.0073909662913104,0.6020247754351756,0.1281936591556094,27.80889494069131,0.0084,0.7,10
0.0015172132524558,0.0073208375922142,0.6532784980766384,0.1343885128293035,27.75358956572852,0.0084,0.7,10
0.0015949683628276,0.0072415455516917,0.7050721648957224,0.1403272745585328,27.548601972382084,0.0084,0.7,10
0.0016889122884385,0.0071931332454776,0.7321131934031764,0.1454406138593606,27.259872572973126,0.0084,0.7,10
0.0017552191203895,0.007092908202621,0.7839312022140495,0.1456231124547148,27.14526157402244,0.0084,0.7,10
0.0006453249184560289,0.0075261055449286,0.4184808090459171,0.0488208207287588,33.35738446837497,0.0084,0.7,10
0.0005605389357638662,0.0075265103241198,0.4110237091980118,0.0420438046471678,34.26667580505801,0.0084,0.7,10
0.0013227360272482,0.0073501300548232,0.6269984991151657,0.1187071664784116,28.759445142095707,0.0084,0.7,10
0.0012317381167984,0.0073464353895144,0.6266687591966332,0.1115735660641751,29.372294777810787,0.0084,0.7,10
0.0011240162075161,0.0073977511768068,0.5799825217021383,0.1000423658995628,29.90792403331281,0.0084,0.7,10
0.0009812365096013675,0.0074759995196833,0.4996664325282425,0.0821841984072514,30.685901429822348,0.0084,0.7,10
0.0010323118905153,0.0074011986191545,0.5714739404487769,0.0918316608000749,30.60604973041752,0.0084,0.7,10
0.0008943139527309618,0.0074665115570173,0.5017266719525287,0.0753053020800067,31.47671448485008,0.0084,0.7,10
0.0007045863981065115,0.0074239117510386,0.5308016576689955,0.0615267584283121,33.13068336415811,0.0084,0.7,10
0.0007883912961465597,0.0074465356558887,0.5134927188204617,0.0673815984507311,32.258838405468474,0.0084,0.7,10
0.0018716948776211,0.0070052964630499,0.8187557744946187,0.1460724866978176,26.813558098502067,0.0084,0.7,10
0.0019840144111126,0.0069045230408589,0.8513550169311984,0.1425964056438306,26.591797200898476,0.0084,0.7,10
0.0024082167178785,0.0062907477587143,0.9397857792493454,0.0733938042722542,25.643686397826865,0.0084,0.7,10
0.0022076388242004,0.0066798030530981,0.8993004633185755,0.1250243799293384,26.044066468841496,0.0084,0.7,10
0.0020895039962844,0.0067977417045014,0.8786104303587666,0.1355181258734124,26.31747850167317,0.0084,0.7,10
0.002155378739812,0.0065480823663877,0.9377453409006306,0.106131224371886,26.38977561856787,0.0084,0.7,10
0.0022358913142137,0.006475808381391,0.940460632777825,0.0979202331278767,26.17587449342539,0.0084,0.7,10
0.0022830842446668,0.0063609810806796,0.95149465342094,0.0816974248627659,26.08453641206211,0.0084,0.7,10
0.0022692222054563,0.0039120506901065,0.2077390704907672,-0.0960300041888137,21.47840204847064,0.0084,0.7,10
0.0022591832877217,0.0038120205090451,0.1477502864406438,-0.0742992376414125,20.97287599130334,0.0084,0.7,10
0.0022554319408531,0.0037257704732683,0.0978632507120235,-0.0529937913730595,20.539443497455,0.0084,0.7,10
0.0022624375955302,0.0036582663036346,0.0625674803323142,-0.0359255515828043,20.17162593516718,0.0084,0.7,10
0.0022540860094164,0.0036204015593861,0.0398033643074282,-0.0236408905319513,20.01534088742714,0.0084,0.7,10
0.0022979494367199,0.0035602565681016,0.0218669693263311,-0.0137383053258644,19.60648827382625,0.0084,0.7,10
0.0001415006510923919,0.0076102677373292,0.2824975154505624,0.0078314251425609,38.36368095302223,0.0084,0.7,10
0.000215342875421987,0.0075699359321909,0.337445725700694,0.0137806447533603,37.63084167833279,0.0084,0.7,10
0.0022792558486101,0.0040277031993611,0.2768249859873224,-0.1159243710015658,22.01050457358349,0.0084,0.7,10
0.0023652698635521,0.0040945644360633,0.3255965992339307,-0.1292237027154328,22.102984266233225,0.0084,0.7,10
0.002439148966161,0.0041406223608652,0.3576198024763243,-0.1365852849231561,22.203762236466225,0.0084,0.7,10
0.0024756863416548,0.0042268239156793,0.4051647296297656,-0.1437643607381094,22.41937638476553,0.0084,0.7,10
0.0027287423544377,0.006086153703051,0.8993811031393263,0.0472606189195565,24.71427878212931,0.0084,0.7,10
0.0027682222572244,0.0059801694238736,0.8925824503277663,0.0309275661505345,24.600995248539764,0.0084,0.7,10
0.0027996622133008,0.0058798559730919,0.8836680251845465,0.0154380991954489,24.49759984675761,0.0084,0.7,10
0.0025881258528614,0.006141615519085,0.9209498755265556,0.053234579596955,25.124375349850435,0.0084,0.7,10
0.0024516614888684,0.0061849612688613,0.941030656978931,0.0572940598529479,25.569330684918118,0.0084,0.7,10
0.0027683770859316,0.0057702556326369,0.8809393093628318,-0.003220254200679,24.52680525842676,0.0084,0.7,10
0.0028532807898343,0.0056794971069028,0.8580681020494413,-0.0150009231816709,24.272986270406133,0.0084,0.7,10
0.002828727085969,0.0055448460577735,0.8435593425618223,-0.0368349035159134,24.261609418590364,0.0084,0.7,10
0.0029876043578447,0.0048291261827673,0.6455620833272965,-0.1188373647357463,23.01582402348045,0.0084,0.7,10
0.0029227042136096,0.004694206662551,0.6041068490374769,-0.1318536033633029,22.901667548324465,0.0084,0.7,10
0.0028028229781358,0.0046589652662355,0.5982722924857643,-0.1381493094955185,23.003945128017687,0.0084,0.7,10
0.0029261977121078,0.0050707245411392,0.725099809517954,-0.0972874880358257,23.502738504689408,0.0084,0.7,10
0.0028853701814624,0.0049332783024224,0.6884303711788363,-0.1137064984363299,23.36024608467841,0.0084,0.7,10
0.0028815312676084,0.0053131519085228,0.7918209694804731,-0.0685113031669109,23.92404146393125,0.0084,0.7,10
0.002802973713904,0.0054190877560254,0.8251461054394905,-0.0564781512027583,24.228896419324595,0.0084,0.7,10
0.0028453568614215,0.005176076116777,0.7633394929426517,-0.0879556724043045,23.840679235166444,0.0084,0.7,10
0.0026833795210561,0.0046223299099571,0.5896126769288691,-0.1433300278283739,23.191771467117963,0.0084,0.7,10
0.0026106451277874,0.0043667166349864,0.478318909324925,-0.149332463442827,22.660622102928684,0.0084,0.7,10
0.0026473083903208,0.0044946427885636,0.5362521912137023,-0.1482773086637498,22.947089343661656,0.0084,0.7,10
0.0025081026603453,0.0043433361036583,0.4653188044681608,-0.148914372415393,22.771802615214813,0.0084,0.7,10
0.00029493977947802046,0.0075219896978424,0.3996921004439825,0.0214298575114944,36.88175881164573,0.0084,0.7,10
0.0003768233001996635,0.0074936444424075,0.4369232804341935,0.029334542954114,36.05368169820755,0.0084,0.7,10
0.000465496413086715,0.00749803045825,0.4367913469680778,0.0361945805795363,35.04949793106602,0.0084,0.7,10
0.0017631430954162,0.0069715536347267,0.8415450907752305,0.1385786293647527,27.445280743121952,0.0084,0.7,10
0.0014047207715163,0.0073022360351187,0.664316330363042,0.1266638070878043,28.46251339428525,0.0084,0.7,10
0.0014920424951097,0.007191825623721,0.736980322247235,0.1328868804596845,28.28487587618917,0.0084,0.7,10
0.0016109826672761,0.0071099642701589,0.781358242157194,0.1381428539172768,27.8927789323769,0.0084,0.7,10
0.0016753971000535,0.007006625562412,0.8311030583956807,0.1364915807230534,27.779490785596124,0.0084,0.7,10
0.0006251504993811418,0.0074174299912811,0.5327731156604604,0.0547139062468248,33.81979508985618,0.0084,0.7,10
0.0005311500443584868,0.0074216984970184,0.5231753800432796,0.0461463670403621,34.747714758151595,0.0084,0.7,10
0.0012960904481205,0.0072505953795465,0.6989478070387872,0.1188922626842201,29.222800679515696,0.0084,0.7,10
0.0011333373068677,0.0073036102577851,0.6566922904530084,0.1045498860443049,30.071581882082462,0.0084,0.7,10
0.0011933113540114,0.007232307664108,0.7112935629398782,0.1107683319670913,29.96283920479372,0.0084,0.7,10
0.0010533427238005,0.0073212126217474,0.6402809806784577,0.0972442480145649,30.6861936642479,0.0084,0.7,10
0.0009506145228177142,0.007353396258913,0.6097188762658599,0.0873240138056248,31.40570440331073,0.0084,0.7,10
0.0008546470738134475,0.0073678604321873,0.592002442876586,0.0777330063790601,32.017531251695985,0.0084,0.7,10
0.0006701069972107467,0.0073296100900839,0.619773668276558,0.0625890258584421,33.68351496777962,0.0084,0.7,10
0.0007737078885734526,0.0073377215888297,0.6161169873158032,0.0717961146627346,32.87339937647986,0.0084,0.7,10
0.0019638892609287,0.0067634634475475,0.9036565953368896,0.1275605135331553,26.909053952347342,0.0084,0.7,10
0.0018334376706625,0.0068615440845305,0.8820037974361785,0.1325570198758877,27.290996311871083,0.0084,0.7,10
0.0023175757154627,0.0062246822084662,0.960293690500236,0.0608832777510528,26.059117774683973,0.0084,0.7,10
0.0020604986664323,0.0066491235450113,0.92609559989595,0.1169871332821445,26.630117293764552,0.0084,0.7,10
0.0019256327576269,0.006654129574468,0.9413432941855616,0.1132845231677349,27.22706031019225,0.0084,0.7,10
0.0020599945284361,0.0065151738839381,0.9580297837992372,0.0989508532211308,26.8457153610891,0.0084,0.7,10
0.0021415680384791,0.0064130732057849,0.965479846564528,0.0862289329285116,26.61113584449629,0.0084,0.7,10
0.0021856763293298,0.0062753390451327,0.9768177796655616,0.0660466012714288,26.51415801314013,0.0084,0.7,10
0.0021936960929256,0.0039579784580201,0.2210583128592192,-0.0976231538305897,21.797288810958147,0.0084,0.7,10
0.0021867671618564,0.0038548492708971,0.1566515841991194,-0.0754873891899315,21.298066195263768,0.0084,0.7,10
0.0021837317486076,0.0037682297430595,0.1037729141213312,-0.0538447003176409,20.83501304992635,0.0084,0.7,10
0.0021921658570494,0.0037008173204172,0.0664837798795752,-0.0365915205353779,20.45362947968115,0.0084,0.7,10
0.0021834827595406,0.0036634322242154,0.0423957716801008,-0.0241187006505734,20.29828397113093,0.0084,0.7,10
0.0022295114686642,0.003603502869507,0.023318456080192,-0.0140444463690343,19.85232317713254,0.0084,0.7,10
0.00015051076028023598,0.0075115635168683,0.4074182995714764,0.0111426437861081,38.36186018651188,0.0084,0.7,10
0.00022852268377335377,0.0074582860839286,0.4713747706757439,0.0184820501654104,37.58666536316188,0.0084,0.7,10
0.0022022165560459,0.0040751656454847,0.2940580976116076,-0.1174879040851075,22.37274839003789,0.0084,0.7,10
0.0022882404455274,0.0041363187598337,0.3409085857839664,-0.1300439682343515,22.46311760757501,0.0084,0.7,10
0.0023688866041664,0.0042058546730138,0.3871808163537654,-0.139671743576771,22.571151302558214,0.0084,0.7,10
0.0024130283508547,0.0043186478650882,0.4498235999639545,-0.1470927684681801,22.882672048204284,0.0084,0.7,10
0.0026331623373769,0.0060086026526017,0.9152752962542976,0.0323884715810443,25.00772218609156,0.0084,0.7,10
0.0026763697622174,0.0058809317275959,0.904038870258119,0.0123259783618533,24.88623635528313,0.0084,0.7,10
0.0026557265310063,0.0057517436939256,0.8974170859613964,-0.0094154456997603,24.89632579941158,0.0084,0.7,10
0.0024913210710086,0.0060535797247157,0.9388007363685704,0.036543385082785,25.45693123981036,0.0084,0.7,10
0.002350653344228,0.0061001526385387,0.9612985218829668,0.0411467054476177,25.96701583008601,0.0084,0.7,10
0.0027164916491957,0.0056331022467207,0.8739738074971337,-0.0267752919077107,24.640567690637543,0.0084,0.7,10
0.0027294665336055,0.0055020375814205,0.8514717262003497,-0.0466425802613553,24.514450912669883,0.0084,0.7,10
0.0028219586474927,0.0048060322104586,0.6514059400224185,-0.1275112796412585,23.297295505199465,0.0084,0.7,10
0.0027166868483039,0.0047344216506796,0.6324725974827995,-0.1360999632817168,23.38418008516163,0.0084,0.7,10
0.0028095131176073,0.0050434792774684,0.7303251928377876,-0.1050601396176175,23.748144565231545,0.0084,0.7,10
0.0027735185288881,0.0049336179907298,0.6993744431568468,-0.1178704799824381,23.650149076409285,0.0084,0.7,10
0.0026875411139147,0.0053947975980673,0.8368823487901956,-0.0639673630570171,24.495044753278844,0.0084,0.7,10
0.0027608476123459,0.0052839954075831,0.8015927905011014,-0.0769719405786791,24.212101750588925,0.0084,0.7,10
0.0027299805424934,0.0051368538244211,0.7669298465562978,-0.0970985840810737,24.107513595591968,0.0084,0.7,10
0.0026064056998647,0.0047271328388154,0.6368001244722709,-0.139501893908109,23.629288697127453,0.0084,0.7,10
0.0025716885221325,0.0045958800658617,0.582980899181507,-0.1466261478521522,23.38401212344188,0.0084,0.7,10
0.0025390664272207,0.0044670643722702,0.5251791827209921,-0.149873687342049,23.100325051877917,0.0084,0.7,10
0.002436697266904,0.0044370028158161,0.5107008201367257,-0.1499955069601505,23.238869759254325,0.0084,0.7,10
0.00032651598658467137,0.0073967461889069,0.5414698911792031,0.0286689711923563,36.63286402976348,0.0084,0.7,10
0.0004512010143857982,0.0073659178178959,0.5776949102989372,0.0411630733672483,35.62568611947899,0.0084,0.7,10
0.0016807556572409,0.0068849336402177,0.8860405392585003,0.1277742208840373,28.061681990356995,0.0084,0.7,10
0.001374617559755,0.0071674366119476,0.7540010677555292,0.1242044747958839,29.05843721749594,0.0084,0.7,10
0.0014681686978616,0.0070721679445445,0.8079048456605086,0.12781085958394,28.70995001226999,0.0084,0.7,10
0.0015668854324667,0.0069737665972016,0.8541240210904743,0.1284267496071014,28.45662074677257,0.0084,0.7,10
0.0005654253079897654,0.0073093997942951,0.635588944310774,0.0534908211923646,34.70080455419809,0.0084,0.7,10
0.0006441033023875782,0.0072514340400227,0.6888348854107125,0.0620103727257468,34.06652662851314,0.0084,0.7,10
0.0012437841034399,0.0071289583164906,0.7811361316432066,0.1140217929427907,29.89890059237417,0.0084,0.7,10
0.0010927443811792,0.0072330376124358,0.7099054905483463,0.1023427994101567,30.645498388767702,0.0084,0.7,10
0.0011387554994374,0.0071617613296485,0.760727266637513,0.1061058236499565,30.55843582859421,0.0084,0.7,10
0.0009885714451008864,0.0072406170400962,0.7031290384427037,0.0934670395402044,31.432893427817017,0.0084,0.7,10
0.0008610335027428069,0.0072626233460082,0.6836574892235786,0.0819820385591053,32.28453838339835,0.0084,0.7,10
0.0007384640257472731,0.0072512086246623,0.6907764202481866,0.0708852634089264,33.22317214310274,0.0084,0.7,10
0.0018404793765203,0.0067202073513175,0.9315815797519614,0.118203742206841,27.56063957591232,0.0084,0.7,10
0.0017442484596019,0.0067775093845982,0.9220948080205312,0.1205249056051623,27.852362554050945,0.0084,0.7,10
0.0016485586464654,0.0067693283957505,0.9348169567824328,0.1154668558081546,28.44951996038774,0.0084,0.7,10
0.002215723676165,0.0061466009753449,0.9817947127233828,0.0459711661338562,26.46464836663677,0.0084,0.7,10
0.0019615275414538,0.0065519362675047,0.963408905693164,0.1012757715761476,27.23828043108496,0.0084,0.7,10
0.0018421154558766,0.0065939134594368,0.9686108888006308,0.1029547288679432,27.756240475321608,0.0084,0.7,10
0.0020030721232279,0.0064296517136496,0.9830375107894914,0.0851123324975894,27.149026180732864,0.0084,0.7,10
0.0020579989004644,0.0063153368557201,0.9921735424735216,0.0692795833267663,27.004923575245098,0.0084,0.7,10
0.0020980591405064,0.006191388460738,0.9982466197735188,0.0506538829447884,26.887089044166316,0.0084,0.7,10
0.0021181722160801,0.0040003423742276,0.23357496023721,-0.0986051328995133,22.17774456681904,0.0084,0.7,10
0.0021101571218512,0.0038964720404421,0.165121289427083,-0.0760966820907076,21.63747871597867,0.0084,0.7,10
0.0021113589115133,0.0038092410186831,0.1097917023099204,-0.0545585404707528,21.167744431881868,0.0084,0.7,10
0.002120967614167,0.0037421030079241,0.0705227891789322,-0.0371723846206576,20.764346211087368,0.0084,0.7,10
0.0021142426692214,0.0037038645070413,0.0449893104279916,-0.0245308364470222,20.59928378976153,0.0084,0.7,10
0.0021602609700127,0.0036454345867103,0.0248221090224121,-0.014321119868717,20.126389135737405,0.0084,0.7,10
0.00016155610070722946,0.0073790435134188,0.5567223138940677,0.0143675194309213,38.40120454341472,0.0084,0.7,10
0.000251770627770401,0.0073206829093457,0.6179937099139949,0.023624526734384,37.52760042659622,0.0084,0.7,10
0.0021255667402788,0.0041212007619055,0.3118698458806462,-0.1187536657520584,22.76822112676871,0.0084,0.7,10
0.0022079635414147,0.0041778469408614,0.3567175154836166,-0.1303911715021463,22.782624066581175,0.0084,0.7,10
0.0022814295704649,0.00422148388091,0.3889728197145788,-0.1376045948245929,22.81370076475589,0.0084,0.7,10
0.002319411938415,0.0043025378224115,0.436808485593784,-0.1442505821055066,23.0075688656092,0.0084,0.7,10
0.002131253168633,0.0042200433520558,0.374497676424437,-0.1308965749161348,23.20800837324721,0.0084,0.7,10
0.0023432618669516,0.0044050534836632,0.4929800984206331,-0.1486316478315584,23.357218242746296,0.0084,0.7,10
0.0025260305874973,0.0059267108334106,0.9309827261193382,0.0162305904282437,25.337562127438776,0.0084,0.7,10
0.0025543930692577,0.005803295150999,0.9187898454763692,-0.003565897713705,25.24672182356204,0.0084,0.7,10
0.0025720587805227,0.0056659645701347,0.9013580674682354,-0.0255991629612943,25.096140444678287,0.0084,0.7,10
0.0023845779025054,0.0059717608575181,0.956028784460738,0.0205071513968121,25.84513841829436,0.0084,0.7,10
0.0022430602230469,0.0060193307801701,0.980212417448535,0.0254698487091113,26.3841824360554,0.0084,0.7,10
0.0026076880482321,0.0055174913535852,0.8729763032363814,-0.0480768982991147,24.91155073008803,0.0084,0.7,10
0.0026699890378737,0.0048576628731204,0.6825183575520224,-0.1283320139873537,23.7592842285971,0.0084,0.7,10
0.0026801531098631,0.005001809401227,0.7314803932436335,-0.1141677922527417,24.03233255855119,0.0084,0.7,10
0.0025780836550084,0.0053811640361719,0.8497212733259675,-0.0692793448020584,24.84725991315696,0.0084,0.7,10
0.002634581558546,0.0052588459489126,0.8124472986001897,-0.0847406295639662,24.52393831406508,0.0084,0.7,10
0.0026055590885661,0.0050962764977597,0.7698661690620946,-0.1060229756812297,24.352592040862323,0.0084,0.7,10
0.0025479840828976,0.0048311998524222,0.6824691058603308,-0.1334356769667082,23.990919591811643,0.0084,0.7,10
0.0024935769641544,0.0046991579451487,0.6315860494388553,-0.1431739807128523,23.82676152276241,0.0084,0.7,10
0.0024603948335425,0.0045649537816697,0.5723407231506138,-0.148822120795606,23.586565773862382,0.0084,0.7,10
0.0023563555640628,0.0045228594749899,0.5536225492041053,-0.1495803979368043,23.69501417931934,0.0084,0.7,10
0.00035707500802483865,0.0072734492416328,0.66476864872214,0.0344471419562449,36.57971260649993,0.0084,0.7,10
0.0004673898075012004,0.0072369599165061,0.6993896746694458,0.0454824807543814,35.64653315240283,0.0084,0.7,10
0.0015334719871095,0.006833957265802,0.9203832600526932,0.1160443757697853,28.86633894670237,0.0084,0.7,10
0.0013394559909416,0.0070428077015927,0.8299696898247927,0.1179537699238908,29.526741441809104,0.0084,0.7,10
0.0014350081003262,0.0069528804504941,0.8728774770203148,0.1193895478368675,29.217893246229355,0.0084,0.7,10
0.0005727535060173773,0.0071984813825493,0.7331748470334515,0.0558077941792171,34.87671126504254,0.0084,0.7,10
0.0006737684170430371,0.0071684563212365,0.7575683402894572,0.0655154794396593,34.00311962898801,0.0084,0.7,10
0.001226748546839,0.0070228501511217,0.8461113930701959,0.1092058153058815,30.295911997515343,0.0084,0.7,10
0.0011370651383341,0.0070673192915851,0.8227719152294398,0.1041780675669688,30.855854125985143,0.0084,0.7,10
0.0010491496460868,0.0071387088399468,0.777747942558971,0.0985570196913744,31.28383853843172,0.0084,0.7,10
0.0009249173309152682,0.0071350774228268,0.7817588120540898,0.0882131108034167,32.12881192722594,0.0084,0.7,10
0.0007947235756543693,0.0071529837972005,0.769309546222254,0.076690540339652,33.05525971254463,0.0084,0.7,10
0.0017146974686775,0.0066599341749461,0.9653065942853258,0.1064449517306606,28.25534903371,0.0084,0.7,10
0.0015688423657031,0.0066898762268319,0.9718945462943012,0.1035766431893555,28.973221188915385,0.0084,0.7,10
0.0020993092752372,0.0060687174478732,1.0037138214304593,0.030765448636071,26.90329589203481,0.0084,0.7,10
0.0018786364527343,0.0064699324604767,0.9931102623009068,0.0874457225628396,27.7235181390156,0.0084,0.7,10
0.0017458435556636,0.0065128697821527,1.0017083095338286,0.0891673619876279,28.299627461027985,0.0084,0.7,10
0.0019310810448521,0.0063483282343356,1.0070039138982705,0.0711833251371843,27.575049622279767,0.0084,0.7,10
0.0019884746458753,0.0062342552549682,1.0119482861007985,0.0550234004192738,27.40241523768071,0.0084,0.7,10
0.0020207379388713,0.0061407606792849,1.0136984598124608,0.0408578838563906,27.279726422830567,0.0084,0.7,10
0.0019917274179831,0.0060683149146011,1.021058704359422,0.028553030743457,27.389024496948338,0.0084,0.7,10
0.0020397793694828,0.0040477756306551,0.2502906151533362,-0.1002583309959271,22.587820176238377,0.0084,0.7,10
0.0020355604464165,0.0039358737195259,0.1738554037187587,-0.0766185539013896,22.00030773395649,0.0084,0.7,10
0.0020381630416828,0.0038489630558278,0.1159898621672667,-0.0550963471359087,21.51278663158133,0.0084,0.7,10
0.0020491047679474,0.0037819732343661,0.0746587939612431,-0.0376383426347322,21.09863821909181,0.0084,0.7,10
0.0020442921664949,0.0037429444185445,0.0476242282682604,-0.0248549681887432,20.922224289259336,0.0084,0.7,10
0.002090223377569,0.0036860380230769,0.0263595333074907,-0.0145601640453905,20.43196135942385,0.0084,0.7,10
0.00017305172555908817,0.0072544914650094,0.6806522579992623,0.0167627687836395,38.32855509898903,0.0084,0.7,10
0.0002702147056955698,0.0072077008126174,0.7233809572262954,0.0265874764740001,37.472739703980494,0.0084,0.7,10
0.0020507673844287,0.0041663350959525,0.3308236548606649,-0.1198228519631781,23.1543795803232,0.0084,0.7,10
0.0022151284628876,0.0042861296471027,0.4212662845244695,-0.1402293013989028,23.26200623897088,0.0084,0.7,10
0.0022636172551162,0.0043726040471793,0.4729761907850543,-0.1460474813484841,23.461733248173864,0.0084,0.7,10
0.0020513262701612,0.0042596243749389,0.3914800670964573,-0.1305415561230183,23.56353456106181,0.0084,0.7,10
0.0021240082373597,0.0043035861833726,0.4251434215009603,-0.1377258599044312,23.552486547906472,0.0084,0.7,10
0.0022570399275327,0.004468082819641,0.5249907399319661,-0.1485445889112228,23.790118199229443,0.0084,0.7,10
0.0024163593939225,0.005842094892851,0.944678823781118,-0.0004544124686238099,25.706430646969437,0.0084,0.7,10
0.0024429035940286,0.0057129977210004,0.9281179066645232,-0.0212078877001678,25.55940629728737,0.0084,0.7,10
0.0024691616820645,0.0055756394388074,0.9044004250905776,-0.0426560577595384,25.36884817777737,0.0084,0.7,10
0.0022779866946531,0.0058901815342801,0.9707955460288206,0.0046124395585422,26.230560809431516,0.0084,0.7,10
0.0021425830423046,0.0059396127943745,0.995558471816916,0.0102921274358656,26.765459329571588,0.0084,0.7,10
0.0024812756039305,0.0054398454698201,0.8768931674884254,-0.063207228305598,25.228582272773654,0.0084,0.7,10
0.0025624323621114,0.0049672267276004,0.731747850188044,-0.1211823053184932,24.22124751189328,0.0084,0.7,10
0.0024933139874947,0.0053027333822932,0.8428284971509864,-0.0826906939610808,25.00449184520474,0.0084,0.7,10
0.0025069802424712,0.0051733008877574,0.8049443433520372,-0.0993654439143183,24.78939602951904,0.0084,0.7,10
0.0025041319868045,0.0050649259076441,0.7711647729317521,-0.1122056485099853,24.593835230872937,0.0084,0.7,10
0.002465374410655,0.0048949106054236,0.7138370756487056,-0.1299133019064358,24.376744809034083,0.0084,0.7,10
0.0024211436821953,0.0047941524275368,0.6765802098581176,-0.138512402749637,24.268340380841845,0.0084,0.7,10
0.002362244491905,0.0046608105812313,0.6204771918845912,-0.1464032038639169,24.094374136796315,0.0084,0.7,10
0.0022581095242994,0.0045755178566604,0.5814199531566832,-0.1484800984969858,24.136375639863317,0.0084,0.7,10
0.0003769361633964956,0.0071655052616962,0.7595471482949082,0.0372257131201131,36.54566710171301,0.0084,0.7,10
0.0004869122796299711,0.0071257352371195,0.7913041638422228,0.0477586625410337,35.66096044278396,0.0084,0.7,10
0.0013974236163302,0.0068385720931873,0.929320444400911,0.1087166681250646,29.63145772889757,0.0084,0.7,10
0.0014363749466269,0.006728585141409,0.9712998968614508,0.1011721611158253,29.61495745368888,0.0084,0.7,10
0.0012884098753816,0.0069125491818022,0.9026432318170432,0.1075599128551804,30.1627694430891,0.0084,0.7,10
0.0005987846765851016,0.007088810908998,0.8184438798428353,0.0580256391495879,34.80548849881884,0.0084,0.7,10
0.0007190153375721683,0.0070573659953369,0.8391421424412444,0.0687205480793031,33.859546459908785,0.0084,0.7,10
0.001146094929681,0.0069442726118556,0.8942336498052544,0.0995780799769015,31.03116821599716,0.0084,0.7,10
0.0010072161226247,0.0070095753562515,0.8630322657926675,0.0921577108569959,31.8367033548891,0.0084,0.7,10
0.0008571747325179937,0.0070280335453958,0.8558129250689833,0.0803033551564372,32.82633123908794,0.0084,0.7,10
0.0016139198635296,0.0065592682478625,1.006672997280451,0.090293183077426,28.88672716321424,0.0084,0.7,10
0.0014785138553651,0.0066010157237282,1.010718483237997,0.0897455541463391,29.588663916510274,0.0084,0.7,10
0.0020168156669313,0.0059798282436348,1.0172626920777097,0.014572680370872,27.293359267740808,0.0084,0.7,10
0.0016525936710833,0.0064257189247741,1.0335333802974758,0.0743532012325078,28.823887260980516,0.0084,0.7,10
0.0017889200513584,0.0063841777883308,1.0221689636894171,0.0726776365358736,28.238499701888383,0.0084,0.7,10
0.0018486481204623,0.0062523296030943,1.0317514463988688,0.0545440520950755,28.04685026882721,0.0084,0.7,10
0.0019261192259627,0.0061411272968284,1.0289380387422276,0.0389132742109069,27.77684724483264,0.0084,0.7,10
0.0019068881351102,0.006022160836593,1.0355029312027402,0.0194739334026478,27.831666707123645,0.0084,0.7,10
0.0019632040823171,0.0040871585429728,0.2634715868108495,-0.100623158513459,23.00289919269005,0.0084,0.7,10
0.0019600347645214,0.0039744823830213,0.1831587294470687,-0.0770167000849332,22.40480360324239,0.0084,0.7,10
0.0019641169530012,0.0038869985980815,0.1220620396193025,-0.0553889011093312,21.896028179859616,0.0084,0.7,10
0.0019765099527318,0.0038204627825159,0.0788844601944464,-0.0379871952026534,21.460562198496124,0.0084,0.7,10
0.0019710665088518,0.0037820408003253,0.0504216504499198,-0.0251123722302166,21.287912806873603,0.0084,0.7,10
0.0020194243885114,0.0037252997497239,0.0279271878577863,-0.0147540533322966,20.763585568250264,0.0084,0.7,10
0.00018333868589464272,0.0071473615834695,0.7744087671786065,0.0181498841450183,38.31092251312385,0.0084,0.7,10
0.0002852299628904648,0.0070980374703811,0.8135945095149356,0.0281337940369093,37.43499042389039,0.0084,0.7,10
0.0019796015777266,0.0041998721838135,0.3438190790010382,-0.1193257265985819,23.552959709672997,0.0084,0.7,10
0.0019769775173148,0.0043024043963752,0.4122525917213324,-0.1306584079469013,24.01904880840471,0.0084,0.7,10
0.0021638808665898,0.0043958497051374,0.4821832330631994,-0.1445991580094121,23.83614862759776,0.0084,0.7,10
0.00206221476833,0.0043562122375081,0.4531816612784551,-0.1388500890229916,24.01343008653957,0.0084,0.7,10
0.0021693963964612,0.0045132677676689,0.5486503470193788,-0.1474543963992474,24.229804517188427,0.0084,0.7,10
0.0023059089233878,0.0057606151384707,0.9559071003580604,-0.0163658630942662,26.06797950054244,0.0084,0.7,10
0.0023686691421996,0.0054940309581164,0.9051800050054838,-0.0576429847332339,25.65070979831168,0.0084,0.7,10
0.0023395397252917,0.0056303771524142,0.9337298332116528,-0.0368746738979826,25.868975798799124,0.0084,0.7,10
0.0021750769016716,0.0058129643421048,0.9825509681614292,-0.0101408508326322,26.609252364933976,0.0084,0.7,10
0.0020459354717883,0.0058691809484165,1.0080567557676987,-0.0030808359825851,27.15943378917948,0.0084,0.7,10
0.0023564437157095,0.0053515604389393,0.8746295909685095,-0.0789355659872163,25.515369551845943,0.0084,0.7,10
0.0022703162224905,0.0054381707563126,0.9077856429063592,-0.067919719375298,25.943781429807963,0.0084,0.7,10
0.0024370131628748,0.0049896626435998,0.7521818001217245,-0.1216627667183269,24.65735582134533,0.0084,0.7,10
0.0023918592908868,0.00521142487416,0.8309892419399779,-0.0971512972211767,25.1916080219374,0.0084,0.7,10
0.002408675210269,0.0050981630464813,0.7931005326152804,-0.1106173475034905,24.99503816055864,0.0084,0.7,10
0.0023582989776278,0.0048923117914908,0.7219477803923268,-0.1319323059402753,24.7145381836954,0.0084,0.7,10
0.0022977857173436,0.004784727423329,0.6803798643731892,-0.1403699257220641,24.638957785686177,0.0084,0.7,10
0.0022324239395145,0.0046824443469109,0.6357534158130499,-0.1454058531466256,24.54112602434344,0.0084,0.7,10
0.0021707655567469,0.0046054690533052,0.5982012961091531,-0.1469943660240601,24.51952101928484,0.0084,0.7,10
0.0021908925224695,0.0047719595973451,0.6807821477944361,-0.1411090286472617,24.9603464558016,0.0084,0.7,10
0.0003954933386361258,0.0070532168305887,0.8464282165155691,0.0385403346975518,36.52915379063057,0.0084,0.7,10
0.0005100040220772339,0.0070110432212661,0.8745995849909561,0.0487404363324687,35.631299893321874,0.0084,0.7,10
0.0013049060167169,0.0067703214751519,0.9668227992598254,0.0977484126379817,30.37518681151278,0.0084,0.7,10
0.0013402961833869,0.0066420948475745,1.0122262359476415,0.0876048688113437,30.333202418252828,0.0084,0.7,10
0.0011749546904592,0.0068135494353413,0.9580531303418526,0.0932800878520701,31.073215535877523,0.0084,0.7,10
0.0006302284141883918,0.0069715828026591,0.8980994465666844,0.0588317628886033,34.71792238313279,0.0084,0.7,10
0.0007594111225853584,0.0069342799367227,0.9171655063631996,0.0690161050592904,33.75632381751848,0.0084,0.7,10
0.0010375557490897,0.0068566552371951,0.946577335257451,0.0869516282779587,31.91701254184457,0.0084,0.7,10
0.0008975277980053501,0.0068979660649754,0.932143234675628,0.0787793797370141,32.78800896822923,0.0084,0.7,10
0.0015230283901153,0.0064661942191144,1.0415973458625083,0.0752308175608973,29.498329081873063,0.0084,0.7,10
0.0015622489792392,0.0063492846789795,1.0600095009404276,0.0610701985369781,29.388120335357623,0.0084,0.7,10
0.0013807646670677,0.006514349341969,1.0469019132179025,0.0755683482448446,30.25310012831879,0.0084,0.7,10
0.00191713313321,0.005915357713239,1.0315430262377625,0.0023639332355628,27.76437976837625,0.0084,0.7,10
0.0016794441004186,0.0062821125965921,1.0538925411732982,0.0549262998988677,28.773027553555043,0.0084,0.7,10
0.0017772658786571,0.0061226338179601,1.0535618212782962,0.03308461843477,28.403229465200955,0.0084,0.7,10
0.0017948862896391,0.0059738159996139,1.053117161228726,0.0099828893671825,28.32435423738922,0.0084,0.7,10
0.0018908165357616,0.004121183533651,0.2747932095632358,-0.1003620958556164,23.450836430720734,0.0084,0.7,10
0.0018833213977621,0.004011626511919,0.1924736204069972,-0.0771470201682046,22.81556888094592,0.0084,0.7,10
0.001889970177131,0.0039238181796386,0.1285152217496865,-0.0556186183764268,22.30051048882932,0.0084,0.7,10
0.0019031912314151,0.0038575233130634,0.0831387521247727,-0.0381994882409902,21.85502907614691,0.0084,0.7,10
0.001897339934403,0.003819549150766,0.0532397815078871,-0.0252828879105902,21.68466238950572,0.0084,0.7,10
0.0019478894331255,0.0037632056170416,0.0295413663964789,-0.0149018928079057,21.120000152821213,0.0084,0.7,10
0.00019289296154956164,0.0070349203277229,0.8613269143224712,0.0187762841469846,38.29434230519336,0.0084,0.7,10
0.00029919989302133645,0.0069822707208879,0.8972099808762691,0.0285692871205097,37.41272552105738,0.0084,0.7,10
0.0018947359646822,0.0042293672556019,0.3530849049406696,-0.1173095443176256,23.972470564496515,0.0084,0.7,10
0.0018940085263419,0.0043410312252966,0.4306823169448865,-0.1295604854452822,24.500031237128866,0.0084,0.7,10
0.0019777923505926,0.0044066120243745,0.4797153997421154,-0.1383123325704278,24.45438800521392,0.0084,0.7,10
0.0020707830546612,0.0044608866046591,0.5168739182907699,-0.1440100845788048,24.36224476251461,0.0084,0.7,10
0.0020825195001259,0.004569467701499,0.5796346015807186,-0.1458562732426539,24.656838786365785,0.0084,0.7,10
0.0022056164863986,0.0056796698102371,0.9624494342768264,-0.031449106252711,26.411518179369697,0.0084,0.7,10
0.0022489127811046,0.0055485407942752,0.9341164417526574,-0.0515537994526335,26.16700489892489,0.0084,0.7,10
0.0020747583688249,0.0057416045199372,0.9917410929629864,-0.0234557694124804,26.991889930427813,0.0084,0.7,10
0.0019391317872251,0.0058062173541133,1.0204340369335656,-0.0149323666422902,27.598018489828764,0.0084,0.7,10
0.0021601959232661,0.0054532125330705,0.9277099128294072,-0.067344878671598,26.38688326419981,0.0084,0.7,10
0.0022827268931076,0.005243841485891,0.8547308970335867,-0.094917431916952,25.641249441309892,0.0084,0.7,10
0.0022069411014735,0.0053308761524618,0.8900784871984299,-0.0842646581069779,26.05283896451153,0.0084,0.7,10
0.0023126016727524,0.004999917254801,0.7684539971782662,-0.1227585126854842,25.08674450621857,0.0084,0.7,10
0.0022796537702523,0.0051249694714047,0.8171502891677093,-0.1097335968087917,25.41848942811172,0.0084,0.7,10
0.002214856356365,0.0048886822874025,0.7320817162128473,-0.133436170970176,25.175585016193224,0.0084,0.7,10
0.0021107710800765,0.0046863123061781,0.6421013397575718,-0.1443799069363636,25.011602962248983,0.0084,0.7,10
0.0020986261345537,0.0048176329855586,0.7078521986943388,-0.1381556779313539,25.42931851703633,0.0084,0.7,10
0.0004143632298231205,0.0069360610000811,0.9255611195349734,0.0385638441491817,36.49818395075061,0.0084,0.7,10
0.0005341931746984517,0.0068903740676239,0.9504525222905256,0.0481337334782026,35.578014115671465,0.0084,0.7,10
0.0012041106341418,0.0066806496086722,1.0113707369256488,0.0840687196612268,31.09012057238329,0.0084,0.7,10
0.0012371071406501,0.0065576471040755,1.0502234880198025,0.0738476974698201,31.02709438970868,0.0084,0.7,10
0.0010686512995251,0.0067168467281154,1.0085375521731976,0.0792323175874358,31.93009429508354,0.0084,0.7,10
0.0006599653482695988,0.0068474521575489,0.970368689908187,0.0573444548704071,34.6453937228144,0.0084,0.7,10
0.0007925914568198233,0.0068032143853697,0.9872555243636816,0.0658618025909671,33.70642111287588,0.0084,0.7,10
0.0009309176892609986,0.0067575714807885,1.0008443088153856,0.0732611243176458,32.785693321543924,0.0084,0.7,10
0.0015646937659682,0.0062498311409177,1.0740343085010726,0.0473097553864482,29.37837309858552,0.0084,0.7,10
0.0014831012448035,0.0062763984372998,1.0819645982780597,0.0488635579642588,29.870722341443184,0.0084,0.7,10
0.0014274979619172,0.0063665512170868,1.0750313355058498,0.0591985502031185,30.148918051144072,0.0084,0.7,10
0.0012706535012625,0.0064294129406968,1.0808328732638797,0.0612235464860289,30.954186316264472,0.0084,0.7,10
0.0018079458343794,0.0058474965764872,1.045027627211015,-0.0098091590581955,28.2179865118805,0.0084,0.7,10
0.001860298853734,0.0057356631581315,1.0249380761712987,-0.0268207091140234,27.95665385706575,0.0084,0.7,10
0.0016153151763881,0.0061594578301119,1.0754298183275612,0.0353129304178172,29.16650470866514,0.0084,0.7,10
0.0016647148229464,0.0060354649003912,1.073367542384559,0.0176710299944488,28.95040156328804,0.0084,0.7,10
0.0016982743713292,0.005917915469863,1.0662795145212167,8.455444910709485e-05,28.79027840013526,0.0084,0.7,10
0.0018083523909239,0.0041512628766243,0.2823863076113246,-0.0984173573484466,23.88629190699265,0.0084,0.7,10
0.0018093469580152,0.0040458207363878,0.2014023127173936,-0.077012871229928,23.292811217809643,0.0084,0.7,10
0.0018123628137634,0.0039550318037506,0.1310163636766285,-0.0541952102339807,22.73027095206766,0.0084,0.7,10
0.0018277485362142,0.0038930938659296,0.0869399235179338,-0.0380863031526144,22.299536483625086,0.0084,0.7,10
0.0018251179109844,0.003854586209217,0.0560075648393782,-0.0253830058201954,22.108116936269766,0.0084,0.7,10
0.0018756438379761,0.0037997407407904,0.0311974709153955,-0.0150087498872692,21.510306982702254,0.0084,0.7,10
0.00020282821517746775,0.0069176005274227,0.9404560825754588,0.0187902713174998,38.26755152213176,0.0084,0.7,10
0.000313765868536333,0.00686435728227,0.9709677061643954,0.0281003607580934,37.377332932581744,0.0084,0.7,10
0.0018071418127435,0.0042622624197921,0.3653980509142135,-0.1153814704837315,24.454722473561617,0.0084,0.7,10
0.0018068821906009,0.0043755220130519,0.4470076366888071,-0.1274001751692126,24.989936886636134,0.0084,0.7,10
0.001887533286583,0.0044367769802747,0.4942664511460262,-0.1359607927166299,24.946283339178283,0.0084,0.7,10
0.001968898278999,0.0045239185405513,0.5520709408794184,-0.142506737831377,24.92906500527792,0.0084,0.7,10
0.0020062448924459,0.0046256530976316,0.6115227289683953,-0.143753490447319,25.189223249690077,0.0084,0.7,10
0.0020978609389622,0.0055811925909153,0.963829931514141,-0.0486599850977201,26.786728373706246,0.0084,0.7,10
0.0019618147854305,0.0056721689880524,1.0003213319268445,-0.0359508988383397,27.3934339764818,0.0084,0.7,10
0.0020538552739729,0.0054619320727498,0.9452940514984124,-0.0671725015673535,26.85908631065346,0.0084,0.7,10
0.0020741535900286,0.0053559325082574,0.9153575428973912,-0.0822268301751285,26.59169287780741,0.0084,0.7,10
0.0021896497396501,0.0052096409911347,0.8560868600719619,-0.1004704602257183,25.899981295705825,0.0084,0.7,10
0.0021151016766771,0.0052637744760983,0.8826017017509098,-0.0941473743045312,26.32374006662051,0.0084,0.7,10
0.0021891453367712,0.0050174453661469,0.7873825001803563,-0.1221078788705293,25.5547568661822,0.0084,0.7,10
0.0021597439614219,0.0051180979740741,0.8282569397930917,-0.1115041496229992,25.842927272342077,0.0084,0.7,10
0.0020872116791708,0.0049237117044476,0.7574186734471531,-0.1306554409115813,25.6792578364641,0.0084,0.7,10
0.0019955024889575,0.0047309338511105,0.6692753235031789,-0.1411993915194211,25.53730809400357,0.0084,0.7,10
0.0019889188726948,0.0048489582594845,0.7295931424664884,-0.13522375547295,25.92020857180288,0.0084,0.7,10
0.00043316040538946937,0.0068134356869566,0.9965773585100064,0.0372297542222899,36.45461443435567,0.0084,0.7,10
0.0005576627723672799,0.0067620307337799,1.0186448458640436,0.0456096585038425,35.5244774555724,0.0084,0.7,10
0.0011006587213488,0.0065819036731163,1.0559238371812254,0.0693524466502779,31.889497729324717,0.0084,0.7,10
0.0011531032956188,0.0064760801533573,1.0820539060490977,0.0614295858516581,31.690127463527848,0.0084,0.7,10
0.0009637110997613524,0.0066107444007516,1.0582115216632688,0.0644886482809536,32.7624847531474,0.0084,0.7,10
0.0006890943985403455,0.0067102382579943,1.0367128036139182,0.0531638703239545,34.58598297609715,0.0084,0.7,10
0.000825471906920507,0.0066599707158859,1.0497496063703151,0.059568648115669,33.64731883316868,0.0084,0.7,10
0.001491333373065,0.006183873733842,1.0913919797188216,0.0362221502484646,29.862558263970985,0.0084,0.7,10
0.0013890703254259,0.0062413434831445,1.0994054556892368,0.0415994065426479,30.456605185174656,0.0084,0.7,10
0.0011420564529272,0.0063604936451143,1.110376520313389,0.0484797292108178,31.82405146803467,0.0084,0.7,10
0.0012765985815448,0.0063032508924963,1.104927394056211,0.0463296423429389,31.02305601692282,0.0084,0.7,10
0.0018485356172843,0.0056308454404242,1.01092168859118,-0.0431101683321037,27.92471245535978,0.0084,0.7,10
0.0016983148336005,0.0058213480214912,1.0595015941694057,-0.0146844988019405,28.74160854318701,0.0084,0.7,10
0.0017439321894898,0.0057212924225261,1.041310824890329,-0.0298150974161199,28.508629987613254,0.0084,0.7,10
0.0016207922248903,0.0058560155063331,1.0742142487404294,-0.0100117919962566,29.182659686747108,0.0084,0.7,10
0.0015216386977486,0.00608781122336,1.0933442922235417,0.023062175629424,29.7280107526328,0.0084,0.7,10
0.0015716905583656,0.0059581375609002,1.0870401957111424,0.0047353804017606,29.467883635330743,0.0084,0.7,10
0.0017276487874567,0.004184189079768,0.2936312164163722,-0.0971366778688705,24.35962378264476,0.0084,0.7,10
0.0017326161312044,0.0040820918376981,0.2126636002857194,-0.0770722179291334,23.762305935303456,0.0084,0.7,10
0.0017381483270233,0.0039927823153405,0.1408497608848976,-0.0552328505424587,23.20278355363613,0.0084,0.7,10
0.0017495027259998,0.0039284367410585,0.0910656633523232,-0.0378379995457511,22.742840992760275,0.0084,0.7,10
0.0017515625106737,0.0038865631317791,0.0571651548712185,-0.0246829771233073,22.52819068165652,0.0084,0.7,10
0.0018027135485231,0.0038348908905311,0.0328564384434712,-0.0150633636865809,21.945803454735227,0.0084,0.7,10
0.0002130984494245656,0.0067942104522937,1.0117390475448014,0.0181362370934541,38.24004796786517,0.0084,0.7,10
0.0003294149932899166,0.0067367427036955,1.0385919148040212,0.0265949218010788,37.33469845358135,0.0084,0.7,10
0.0017258374235173,0.0042980911024109,0.3818898115548985,-0.1140757689248534,24.96983703099857,0.0084,0.7,10
0.0017204349435243,0.0044085368899171,0.4635019870260904,-0.1249621874134252,25.493711221718645,0.0084,0.7,10
0.0017903548183906,0.0044727705605585,0.5130750357216965,-0.1330186510964517,25.417616631925764,0.0084,0.7,10
0.0018634833895723,0.0045278113247007,0.5519532402106904,-0.1384396229080858,25.36593300315925,0.0084,0.7,10
0.0018962608780295,0.0046384981468209,0.619977580076073,-0.1408958224076432,25.68035139299652,0.0084,0.7,10
0.0019453425647451,0.0055310752427982,0.9771655141421214,-0.0576627233698883,27.33972920644309,0.0084,0.7,10
0.0019704053913885,0.0054066102401539,0.9435150762248218,-0.0755595809679755,27.127048180974644,0.0084,0.7,10
0.0019759564957478,0.0053221515564427,0.918685362529928,-0.0870278840393952,26.98442712596249,0.0084,0.7,10
0.002024363003965,0.0052527042946854,0.8908434130828685,-0.0960965163222926,26.63572017885659,0.0084,0.7,10
0.0020802084756727,0.0051697096853764,0.8559279157762143,-0.1059709016385602,26.32054484739329,0.0084,0.7,10
0.0020517968936259,0.0050510061569911,0.8144082384288237,-0.1191021834670846,26.16517424540489,0.0084,0.7,10
0.0019843591014275,0.0049463826982999,0.7756964464384928,-0.1281692939559489,26.194306948653274,0.0084,0.7,10
0.0018856107586368,0.00477493983586,0.696990358544033,-0.1371731562714029,26.123742954497946,0.0084,0.7,10
0.0018824228438611,0.0049017540190168,0.7624252293108106,-0.1301525595315878,26.500230148506905,0.0084,0.7,10
0.001825078087893,0.0055298179023671,0.9943427417654448,-0.0582390477987578,27.91368032146021,0.0084,0.7,10
0.0004526128897259122,0.0066790284309363,1.0613879552622896,0.0342876127600869,36.40592985790138,0.0084,0.7,10
0.0005818034050250169,0.00662197692486,1.0793924500708834,0.0409425803318173,35.46510429752004,0.0084,0.7,10
0.0010150407495077,0.0064509429789247,1.1031415197229624,0.0527737845639467,32.61239841601577,0.0084,0.7,10
0.0008591295173033004,0.0065119630585568,1.0994183283615395,0.0505383492476176,33.56295403527515,0.0084,0.7,10
0.0007175046601968113,0.0065657827241514,1.0922791829810483,0.0464251955894312,34.52392871405232,0.0084,0.7,10
0.0010231769210955,0.0063158767503643,1.131789738942104,0.0394209464958567,32.60441204615227,0.0084,0.7,10
0.0014037518895479,0.0061257740407614,1.1080541581964194,0.0262682612073079,30.396911218713857,0.0084,0.7,10
0.0012788450566935,0.0061795348228316,1.120461975879392,0.030849692964483,31.089563457666937,0.0084,0.7,10
0.0011498421780134,0.0062420792020594,1.1291459567776971,0.0352111705964246,31.844410915091093,0.0084,0.7,10
0.0017357312916514,0.0055872715381813,1.0197583385766118,-0.0498609874087436,28.458586557801684,0.0084,0.7,10
0.0016193345463661,0.0057624942263457,1.0651952849797226,-0.0240416497834853,29.129993441924658,0.0084,0.7,10
0.001624941654069,0.0056526075551301,1.048065389861591,-0.0401938699335979,29.034691465510612,0.0084,0.7,10
0.0015262869383932,0.0058371066613298,1.0868538232106209,-0.0134993715025296,29.7073943815368,0.0084,0.7,10
0.0014263230943526,0.0060159292174518,1.1084996072920297,0.0113134979199208,30.28169483884397,0.0084,0.7,10
0.0014423775209937,0.0059017899688133,1.1032319506608037,-0.0046613900972608,30.169378218177933,0.0084,0.7,10
0.0016485025322236,0.0042183003326755,0.3074047291290822,-0.0961393428330885,24.88780912807041,0.0084,0.7,10
0.0016547975149691,0.0041160601912084,0.2233184478465102,-0.0765749117295912,24.27832512520164,0.0084,0.7,10
0.0016617253056184,0.0040261578108962,0.1480670673606876,-0.0550169087973476,23.708049379659943,0.0084,0.7,10
0.0016756024756248,0.0039589150246033,0.0939012889927038,-0.0371374775218707,23.22834699011258,0.0084,0.7,10
0.001675766666616,0.0039202053748569,0.060291701572844,-0.0247055157268688,23.023137055496907,0.0084,0.7,10
0.0017291249224892,0.0038686423851284,0.0345228728311291,-0.0150514674771459,22.381502625126743,0.0084,0.7,10
0.00022325994054669,0.0066631684509119,1.0749042403349278,0.0167023950410981,38.20911781087014,0.0084,0.7,10
0.0003437564180121264,0.0066005385767589,1.097675583775869,0.023771479577791,37.29308084080765,0.0084,0.7,10
0.0016441244982302,0.0043279759894827,0.3949617745330633,-0.1118039011811509,25.482415285824,0.0084,0.7,10
0.0016375665337974,0.0044343923898473,0.4759365097066253,-0.1219701718535361,26.040991017801502,0.0084,0.7,10
0.0017059112228759,0.0045101429140196,0.5345749246950896,-0.1305937223101523,25.99489181453887,0.0084,0.7,10
0.001783336526552,0.0045797252408299,0.5832873228879976,-0.1362996231402421,25.982887360567958,0.0084,0.7,10
0.0017740066051251,0.0046966305128517,0.6557083443953721,-0.1360464244227632,26.34100085344088,0.0084,0.7,10
0.0018598479121737,0.0054349596149496,0.966493268460308,-0.0718096904202751,27.653450229939427,0.0084,0.7,10
0.0018789896208181,0.0053379974890833,0.9364246865244682,-0.0850195924183655,27.4658640614158,0.0084,0.7,10
0.0019318468299656,0.0052652169017962,0.9064270748019108,-0.0943516948410837,27.09934744943439,0.0084,0.7,10
0.0019432084211148,0.005153312135645,0.8656963920154784,-0.1078955147754786,26.825684367240036,0.0084,0.7,10
0.0019141245857684,0.0050285514323253,0.8183373905454081,-0.1203721998729003,26.710017708379542,0.0084,0.7,10
0.0017792956519045,0.0048331457031809,0.7331972280975148,-0.1317816509362388,26.768088016724874,0.0084,0.7,10
0.0017885087032014,0.0049672666147196,0.8010173753078814,-0.1235365353437778,27.11340018332304,0.0084,0.7,10
0.0016175344889666,0.004519069975419,0.5366822096057907,-0.1260058381490752,26.511427845859497,0.0084,0.7,10
0.0017447565141994,0.0054670177354195,0.990831108078466,-0.0670361196126266,28.261917727411248,0.0084,0.7,10
0.00047067957664628514,0.0065374795491671,1.1158488836147669,0.0296309024116585,36.35302347907503,0.0084,0.7,10
0.0006042527234329508,0.0064749748263101,1.1287191943250483,0.0340923207890324,35.393431228898635,0.0084,0.7,10
0.0008873946575420417,0.0063697006297277,1.1342180804329127,0.0396177877111409,33.4739206928758,0.0084,0.7,10
0.0007456541264034454,0.0064146362958082,1.1356669964824304,0.0372313482774739,34.43910414298036,0.0084,0.7,10
0.000929049422002166,0.0062475125819724,1.1521288046201217,0.029495898336841,33.31870626439074,0.0084,0.7,10
0.0010236937546357,0.0061794452220643,1.1508285974243402,0.0248558424916016,32.64927206860173,0.0084,0.7,10
0.0012910823798893,0.006049978758134,1.1265006548418672,0.014221164887858,31.054590940694045,0.0084,0.7,10
0.0011546823428114,0.0061138737070728,1.1410189617971185,0.0200593924191518,31.857193602897784,0.0084,0.7,10
0.0016284830892677,0.0055322082926557,1.0229786655146729,-0.0572808013240978,28.91636146607667,0.0084,0.7,10
0.0015136088470343,0.0057138526987748,1.0740359439059275,-0.031196995764986,29.691338489690647,0.0084,0.7,10
0.0015060551309569,0.0055973268679062,1.0542249169583748,-0.0473862685625069,29.62727401815976,0.0084,0.7,10
0.0013982928472597,0.0058003295293596,1.1012472260942463,-0.0188837870312424,30.37057638695976,0.0084,0.7,10
0.001304986646203,0.0059173548300191,1.1233215922174111,-0.0033122764294873,30.995836138846983,0.0084,0.7,10
0.0015663880902316,0.0042443444262908,0.3152157801173889,-0.0934380118009699,25.431246592624024,0.0084,0.7,10
0.0015756760861962,0.0041468482664581,0.2324254214470504,-0.0753761681937525,24.83107598136317,0.0084,0.7,10
0.0015849161395512,0.0040585085118949,0.1557904659006957,-0.0547481591957602,24.24296884296103,0.0084,0.7,10
0.0016012709434483,0.0039893223205533,0.0978355511192379,-0.0367106400991563,23.7263217222515,0.0084,0.7,10
0.0016012919861793,0.0039526638225899,0.0643750349163901,-0.0249810065772019,23.541599833327112,0.0084,0.7,10
0.0016549043269801,0.0039009812137267,0.0362102644688225,-0.0149883496342968,22.867257975092468,0.0084,0.7,10
0.00023231227212764565,0.0065247750216434,1.1283432274683565,0.0144094234374207,38.18142012487195,0.0084,0.7,10
0.0003562005580919756,0.0064573401663942,1.1459542778042893,0.0196567700147831,37.25663104986735,0.0084,0.7,10
0.0015587620577491,0.0043529512892396,0.4045865252400462,-0.108411525563381,26.036235613327616,0.0084,0.7,10
0.0015464986686551,0.0044688907536833,0.4951472824849598,-0.1185055270371816,26.60474650491233,0.0084,0.7,10
0.001662527862159,0.0046185617381401,0.6068078545621658,-0.1315074441981401,26.643815293240216,0.0084,0.7,10
0.0016689584300652,0.0047584941382045,0.6949119243509118,-0.1308213951674383,27.082929863465463,0.0084,0.7,10
0.0017650808161206,0.0053596577141041,0.9579274288106118,-0.0816244343595907,28.01003535710218,0.0084,0.7,10
0.0018069936565886,0.005234152348808,0.9111395323968708,-0.0976284731019755,27.601526713108573,0.0084,0.7,10
0.0018032472939421,0.0050944160853944,0.8569910775399688,-0.1126394643030933,27.350076141837576,0.0084,0.7,10
0.0016762676370044,0.0048997920286231,0.7744436717147666,-0.1250694565892885,27.46857725304517,0.0084,0.7,10
0.0016817164626721,0.0050243551696609,0.8366764853648408,-0.1164514541458129,27.730070735017232,0.0084,0.7,10
0.001536522246121,0.0045823753203697,0.5791384013845055,-0.1239272071468087,27.12096779616215,0.0084,0.7,10
0.0016426953130975,0.0054040599409575,0.9871570821537392,-0.0746119992760968,28.68857529030345,0.0084,0.7,10
0.0004861731928441441,0.0063888494767578,1.1585737357841157,0.0232635085820797,36.30790885405253,0.0084,0.7,10
0.0006242291842294265,0.0063197031846073,1.165528217039215,0.0251017862781867,35.31206303361153,0.0084,0.7,10
0.0007815434787978492,0.0062453563358799,1.1666140292895903,0.0249336088406238,34.322478256189726,0.0084,0.7,10
0.0008902302469984155,0.006127669330883,1.1691716940171029,0.0167925000279324,33.565409699443144,0.0084,0.7,10
0.001023198848081,0.0060507091196688,1.159096512472373,0.0107168768671265,32.68736436943717,0.0084,0.7,10
0.001159805807373,0.0059814052068949,1.1435934742088796,0.0039847266047055,31.8117151137592,0.0084,0.7,10
0.0015157330256533,0.0054722815553599,1.0229217128636303,-0.0641101236707312,29.441199693889683,0.0084,0.7,10
0.0013928327759669,0.005671188808996,1.083752579641324,-0.0364457534300584,30.33068933134643,0.0084,0.7,10
0.0013957338853828,0.0055431223640864,1.0565871430085083,-0.0532013918739311,30.201660793331367,0.0084,0.7,10
0.0012737980538369,0.0057596043920936,1.113157327141988,-0.0239731509476149,31.098381190199277,0.0084,0.7,10
0.0011567170236116,0.0058407052952761,1.1366738161831835,-0.013219184707278,31.810261493854465,0.0084,0.7,10
0.0014842186531737,0.0042758705874358,0.3288687081521814,-0.091524451086429,25.981673189512183,0.0084,0.7,10
0.001495365519845,0.0041753429222472,0.2405545286119274,-0.0735344694828648,25.390951036421445,0.0084,0.7,10
0.0015063975937632,0.0040867030693554,0.1607701860810791,-0.0533814488573022,24.7928638592364,0.0084,0.7,10
0.0015243736746876,0.0040198281202002,0.1025477076922112,-0.0363602691248767,24.279757804174192,0.0084,0.7,10
0.0015259263904441,0.0039835408519326,0.06833323686849,-0.025049383946518,24.086687093960386,0.0084,0.7,10
0.0015800786035965,0.0039318939179725,0.0378929725819631,-0.0148598694481655,23.38543322833068,0.0084,0.7,10
0.00023961004986760803,0.006380078429203,1.1702984604052995,0.0112826825794525,38.15903224107254,0.0084,0.7,10
0.0003656779445849767,0.0063076440278893,1.18196169208944,0.0143175640141299,37.227506209107,0.0084,0.7,10
0.001473658835566,0.0043932819234994,0.4281219154841663,-0.1066034696427388,26.65307949405241,0.0084,0.7,10
0.0014618392651225,0.0045000359489159,0.5135120298027434,-0.1151436766686645,27.20975104107327,0.0084,0.7,10
0.0015621757549218,0.0047111793462798,0.6671290190767128,-0.1269244261921476,27.422545113637003,0.0084,0.7,10
0.0015693107418694,0.0048455019174254,0.7494878666680646,-0.1239240062636823,27.85014847065646,0.0084,0.7,10
0.0016572019917734,0.0052797595026786,0.9448507635817636,-0.0902129937277353,28.39868985250658,0.0084,0.7,10
0.0016686928353959,0.0051503971994728,0.893806111523041,-0.104589830863896,28.110963624012346,0.0084,0.7,10
0.0015698973857161,0.0049703513381477,0.8181306038868961,-0.1170822683483506,28.178839611373828,0.0084,0.7,10
0.0015882105951368,0.0050739681189712,0.8675997641182585,-0.1096491571621915,28.36240306124212,0.0084,0.7,10
0.0014396892578106,0.0045835694856605,0.5762338872032919,-0.1178980353043297,27.685631668085414,0.0084,0.7,10
0.0014654053612049,0.0046754611551341,0.6429525263281394,-0.1216193755134926,27.892205282287943,0.0084,0.7,10
0.0015276411135111,0.005340106261311,0.98117690856341,-0.0806471250223176,29.19071398429988,0.0084,0.7,10
0.0004964340854722501,0.0062343765399097,1.1881297872065704,0.0153370232338887,36.27484733633256,0.0084,0.7,10
0.0006315005636354414,0.0061595306153312,1.1886044266242193,0.0141313189411053,35.30105681677747,0.0084,0.7,10
0.0007627462131953492,0.0060787413669886,1.1841109816591882,0.0101095092266748,34.459871118907564,0.0084,0.7,10
0.0008901345971778337,0.0059914112564526,1.1737176495599042,0.0032672596479834,33.579863895736146,0.0084,0.7,10
0.0010244939153542,0.0059134975500048,1.1572584652077296,-0.0045631178944176,32.66405138366247,0.0084,0.7,10
0.0014043980704618,0.0054139977678897,1.0197306466068972,-0.0692449586629224,29.981499752909496,0.0084,0.7,10
0.001274128757219,0.005615970501359,1.0883435620543265,-0.0420923281146848,30.98982530041754,0.0084,0.7,10
0.0012812556457292,0.0054879690528196,1.0561119421552678,-0.0576175204058484,30.80708766593014,0.0084,0.7,10
0.0011517211195969,0.0056967331641451,1.118632992435563,-0.030405236461271,31.785813885494463,0.0084,0.7,10
0.0010254966457182,0.0057756367878838,1.1447930790381105,-0.0198213997463522,32.59862000103254,0.0084,0.7,10
0.0014016558271302,0.0043020345322533,0.3391087545676866,-0.0886592828836992,26.623497784682083,0.0084,0.7,10
0.0014115748821927,0.004201651232848,0.2473496396309135,-0.0710691857297337,26.003748091692668,0.0084,0.7,10
0.0014274459943939,0.0041136833614081,0.1659057101807935,-0.0519003490936689,25.385098149985485,0.0084,0.7,10
0.0014461993117171,0.0040485046573007,0.1067328535112771,-0.0356377188593886,24.8554411972749,0.0084,0.7,10
0.0014502239708436,0.0040102156674252,0.0696718304053953,-0.0241307759176749,24.65027018733261,0.0084,0.7,10
0.0015046755128473,0.0039613690094477,0.0395888852156181,-0.0146668806787103,23.9336065737912,0.0084,0.7,10
0.0002446656274765886,0.0062299597515355,1.1993476352074488,0.0074467598762739,38.14413651900718,0.0084,0.7,10
0.0003711471373419085,0.006153731486329,1.204105626879368,0.008060385230945,37.21425606744066,0.0084,0.7,10
0.0013877881389769,0.0044164678736487,0.4384613353209845,-0.1025118181675153,27.277785526324585,0.0084,0.7,10
0.0013742689496894,0.0045267233085757,0.528965788992069,-0.110668013452884,27.813810962142263,0.0084,0.7,10
0.0014687206574395,0.0048026742228328,0.727023076006546,-0.1207133659565912,28.284193823192883,0.0084,0.7,10
0.0014720065996884,0.0049318012860589,0.8035088610930782,-0.1155978059296289,28.6484044005242,0.0084,0.7,10
0.0015321084026276,0.0051901842070303,0.9243416460217346,-0.0972883623902221,28.92313347610295,0.0084,0.7,10
0.0014797840694185,0.0050625543154595,0.871369253845886,-0.1071116452092794,28.93525530809774,0.0084,0.7,10
0.0013545246966027,0.0046380378202583,0.6145613275748639,-0.1143094111449038,28.380554318041792,0.0084,0.7,10
0.0013729172550179,0.004764568609837,0.7040924925932136,-0.1161925550547479,28.69695635957924,0.0084,0.7,10
0.0014082752704914,0.0052803709297476,0.9728866909824238,-0.0842890778182048,29.73850444291708,0.0084,0.7,10
0.0005000074540041245,0.006076358462967,1.2031420790148124,0.0063973112703037,36.278649176536085,0.0084,0.7,10
0.0006272850367945006,0.005992381341578,1.1965665317611955,0.0020025621387132,35.35810102863092,0.0084,0.7,10
0.0007585345678715682,0.0059047158879139,1.1835032669023553,-0.0049400989720092,34.46858726187184,0.0084,0.7,10
0.0008923414602403495,0.0058405186409059,1.1659196860437018,-0.0117837144121062,33.543247245289905,0.0084,0.7,10
0.0013016682533156,0.0053593220793397,1.01324701006955,-0.0725440412706741,30.50378347760552,0.0084,0.7,10
0.0012015241058378,0.0054198357765262,1.0441179356618693,-0.0628112078843072,31.2153502772232,0.0084,0.7,10
0.0011549246106474,0.0055383313162374,1.0843094282927317,-0.0486655637220179,31.674492457280728,0.0084,0.7,10
0.0010186324684505,0.0056388422959366,1.122384770591992,-0.0344129961711286,32.554903804017634,0.0084,0.7,10
0.0009174715439205704,0.0057167654715391,1.1471604842657928,-0.0243281186607865,33.3454053190937,0.0084,0.7,10
0.0013174782553547,0.0043325034442762,0.3542710759736688,-0.0861686340779399,27.258194823864205,0.0084,0.7,10
0.001331195385729,0.0042279587149941,0.2561803900337724,-0.0689519009764993,26.627021027075106,0.0084,0.7,10
0.0013472703815677,0.004136456112516,0.1679274999009819,-0.0494166949205614,25.985080236607875,0.0084,0.7,10
0.0013696421326712,0.0040720204875185,0.1077212674850939,-0.0339344413343625,25.45574025380814,0.0084,0.7,10
0.0013717315922987,0.004036490161524,0.071198107741208,-0.0232105714299088,25.272539598148715,0.0084,0.7,10
0.0014287235439094,0.0039893972825257,0.0412642361091979,-0.0144223374400564,24.519694094995995,0.0084,0.7,10
0.0002472527268984356,0.0060762640518953,1.2142135951966628,0.0031169717451268,38.13875597511302,0.0084,0.7,10
0.0003728578428295597,0.0059972449359151,1.2114572197349964,0.0012599058331465,37.21234324595752,0.0084,0.7,10
0.0013034459430678,0.0044457161154978,0.4552631913141489,-0.0990405304955993,27.921716413749348,0.0084,0.7,10
0.0012872518349209,0.0045522664436578,0.5445032407183428,-0.1060836514367531,28.4829869135871,0.0084,0.7,10
0.0012610301679368,0.004635529856896,0.6097222272312334,-0.1077273630935746,28.97234828906585,0.0084,0.7,10
0.0013748093099514,0.0048919083265913,0.7850626134323763,-0.112849377508744,29.095941128130203,0.0084,0.7,10
0.0013777677555067,0.0050156945073,0.8548721154046227,-0.106206915200381,29.39923994834984,0.0084,0.7,10
0.0013950564155245,0.0051473457407296,0.9184669832629612,-0.0967066398243868,29.57579482185817,0.0084,0.7,10
0.001281365613035,0.0047291135242734,0.6798023588575833,-0.1106177035454316,29.17416717628596,0.0084,0.7,10
0.0012854680550428,0.0048492456482607,0.7616011731687974,-0.109264184774945,29.486388402276884,0.0084,0.7,10
0.001286479297594,0.0052272970377363,0.9635609481357168,-0.0851798910759155,30.3914577327433,0.0084,0.7,10
0.0004997501392578704,0.0059149700481221,1.2027468358364588,-0.0030417304671691,36.28060065194123,0.0084,0.7,10
0.0006302736704275995,0.0058265583758698,1.1871663557343115,-0.0100442830231547,35.31214661223469,0.0084,0.7,10
0.0007769912154105836,0.0057274340456305,1.1625188478874031,-0.0205411921145405,34.33409582529925,0.0084,0.7,10
0.0011782110175443,0.0053097570650885,1.0072611269731508,-0.0730403170367416,31.197937864155502,0.0084,0.7,10
0.0010879915146743,0.0054087452667919,1.0522460955992587,-0.0600624841334961,31.95845482977072,0.0084,0.7,10
0.0009887641431366898,0.0055035272982588,1.0916633141263128,-0.0471779251370571,32.649718106772816,0.0084,0.7,10
0.0008733825754733795,0.0056021074576046,1.1284453225380793,-0.0341409852043886,33.54476416843401,0.0084,0.7,10
0.0012338959466207,0.0043549236248732,0.3633609135065772,-0.0824267471387665,27.91992083208592,0.0084,0.7,10
0.0012502458645958,0.0042523496956017,0.2644589405802202,-0.0664741940542041,27.2919132049632,0.0084,0.7,10
0.0012682161349466,0.004161331218496,0.1738146516824783,-0.0478904935906365,26.63687022644632,0.0084,0.7,10
0.0012921528249133,0.004098579407434,0.1130842607568887,-0.0333619774897343,26.08388176874058,0.0084,0.7,10
0.0012944152120735,0.0040621060264858,0.0740677671556271,-0.0226236069601128,25.902066424877315,0.0084,0.7,10
0.0013522514657016,0.0040159713947828,0.0429158899179425,-0.0141066364866569,25.132883035973972,0.0084,0.7,10
0.00024748642821700146,0.0059211740420577,1.2141798915934874,-0.0014330718795474,38.13600286630176,0.0084,0.7,10
0.0003714658752496416,0.0058408973644274,1.2036996747141784,-0.0056001330207864,37.20797860405157,0.0084,0.7,10
0.0012184919949356,0.0044716186791295,0.4701533462356937,-0.0948386183067463,28.58652349121717,0.0084,0.7,10
0.0012001087723085,0.004575036532789,0.5584945099679574,-0.1008223192096289,29.103080323810115,0.0084,0.7,10
0.001176873559968,0.0046840572639937,0.6455718595867967,-0.10316199129096,29.70639393952308,0.0084,0.7,10
0.0012715265372511,0.0049672299058803,0.8343056507677487,-0.1037278819817167,29.93081871671251,0.0084,0.7,10
0.0012734243709798,0.0050933302508186,0.9023232674268504,-0.0958142674251014,30.20083697066789,0.0084,0.7,10
0.0011907975926378,0.0048050964233578,0.7339966504116512,-0.1042974455179299,29.98682844306409,0.0084,0.7,10
0.0012014690816293,0.0049043856076357,0.7992828619653005,-0.1023329969937296,30.189127404841948,0.0084,0.7,10
0.0011622407163232,0.0051736572258814,0.9502339351266664,-0.0841595497037584,31.09587358589687,0.0084,0.7,10
0.0004966109776038117,0.0057563798853624,1.1868569715243835,-0.0121910094316201,36.26778429270919,0.0084,0.7,10
0.0006204993956853955,0.0056665405905827,1.1630540373073224,-0.0211786486689027,35.31545449709272,0.0084,0.7,10
0.0007337752948902717,0.0055712176033306,1.1326228197447576,-0.0320454548095299,34.48911752196407,0.0084,0.7,10
0.0010555156022862,0.0052688038477327,1.0015633755763125,-0.0712855468641237,31.94228026188681,0.0084,0.7,10
0.0009528372290349412,0.0053666471328899,1.0493626726819274,-0.0580537165084883,32.755407361625664,0.0084,0.7,10
0.0008441704411434805,0.0054659163224898,1.093031866213275,-0.0448553299475717,33.618772315868405,0.0084,0.7,10
0.0011518925040346,0.0043753610536018,0.3718650043327483,-0.078493393992065,28.60963146822101,0.0084,0.7,10
0.0011686316125781,0.0042749272848045,0.2721028071670772,-0.0636072017244794,27.983943064693367,0.0084,0.7,10
0.0011885050817333,0.0041847187538303,0.1795204107769673,-0.0461110784410818,27.326336180201512,0.0084,0.7,10
0.0012115876447192,0.0041235496134061,0.117623733531383,-0.0323531508081829,26.78359253648541,0.0084,0.7,10
0.001216452753459,0.0040859991631301,0.0765781870255707,-0.0218708690619457,26.589179675808925,0.0084,0.7,10
0.0012752878431585,0.0040410851145864,0.0445630294804598,-0.0137241713699132,25.772756580713,0.0084,0.7,10
0.00024553105042266084,0.0057675960477783,1.1992699295310745,-0.0058559640755466,38.13443058815599,0.0084,0.7,10
0.00036637870277278793,0.0056876956914505,1.1813310877816596,-0.0120081892108036,37.21529116211155,0.0084,0.7,10
0.001133724974945,0.004494468895322,0.4833006454961994,-0.0901407179072505,29.29986426736673,0.0084,0.7,10
0.0011159487019146,0.0045963152347121,0.5721560059346654,-0.0955369728723401,29.820606076087547,0.0084,0.7,10
0.0010869146195525,0.00467667024297,0.6374248098904507,-0.09611542354354,30.30521801502915,0.0084,0.7,10
0.0011019541922881,0.0047706579309484,0.7099882330307753,-0.0984250960196774,30.53890589362745,0.0084,0.7,10
0.0011506291963774,0.005018039270612,0.87015915790841,-0.0941296523065742,30.890450574393835,0.0084,0.7,10
0.001103859379317,0.0048905990466564,0.7938751321227403,-0.0967421595067907,30.912210708057057,0.0084,0.7,10
0.0010291852338739,0.0051247180225212,0.9354657909355608,-0.0804719724837881,31.84514264566147,0.0084,0.7,10
0.00048529866704004007,0.0056027289668624,1.1567930530034127,-0.0202759636050157,36.29777772234271,0.0084,0.7,10
0.0005997989812803315,0.0055146847238903,1.1259441869813716,-0.0302658385992537,35.40764377295414,0.0084,0.7,10
0.00070975348358806,0.0054206743052883,1.0877893284768787,-0.0418418320723773,34.54071486180089,0.0084,0.7,10
0.0009230096118775024,0.005227670622251,0.9932607160866568,-0.0672071915200568,32.76739064368929,0.0084,0.7,10
0.0008175737052515549,0.0053252128914054,1.0435233080669215,-0.0542814241487415,33.658741866843435,0.0084,0.7,10
0.0010700602909611,0.0044026853549802,0.3884028869426536,-0.0753305628704496,29.3221980280107,0.0084,0.7,10
0.0010879177983113,0.0042972640576482,0.281087125464643,-0.0607734077579764,28.669339614563864,0.0084,0.7,10
0.001110156237097,0.0042122106009433,0.1917526263894831,-0.0454971031125557,28.045086963596123,0.0084,0.7,10
0.0011355398098978,0.004147789809294,0.1244000374370816,-0.0317971405667659,27.460046822392545,0.0084,0.7,10
0.0011397174993128,0.0041087022395088,0.0798303202808177,-0.0212260312950757,27.264597564777684,0.0084,0.7,10
0.0011978604868396,0.0040647320833583,0.0461822593889463,-0.0132860168207317,26.453496124555397,0.0084,0.7,10
0.00024043784197470808,0.005617157572117,1.1701233585416837,-0.0098468459496414,38.14658072543602,0.0084,0.7,10
0.00035716984325366666,0.0055378591047282,1.1450224176428423,-0.0176092192329325,37.239016807969854,0.0084,0.7,10
0.0010483726403753,0.004523221898366,0.5028862834535031,-0.0856155043998885,30.02200649050156,0.0084,0.7,10
0.0010305243237999,0.0046153969299124,0.584487679421355,-0.0895896337871311,30.45843202413124,0.0084,0.7,10
0.0010072862320089,0.0047167008204245,0.6682140165334632,-0.0908204075014104,30.967489572418323,0.0084,0.7,10
0.0010107775838431,0.0048307761235167,0.7545976560527614,-0.0911123556320948,31.30314058755144,0.0084,0.7,10
0.000990566057933617,0.0049683787776336,0.8481013542178298,-0.0860859348246442,31.803079362649505,0.0084,0.7,10
0.0008929623421055038,0.005091630019998,0.9253803729189726,-0.073557858542068,32.760540345788264,0.0084,0.7,10
0.0004693551986970962,0.0054566418673593,1.1142869461855776,-0.0268532232250154,36.34365760733281,0.0084,0.7,10
0.0005788753034335896,0.0053707586110945,1.0768609248321117,-0.0374938410086471,35.45590730538289,0.0084,0.7,10
0.0006856926309894697,0.0052813332059214,1.0329474928225657,-0.0491271468550555,34.57249186850988,0.0084,0.7,10
0.0007899838609402824,0.0051890135861848,0.982852891506754,-0.061240106241385,33.68020249980119,0.0084,0.7,10
0.0009861373651302294,0.0044293503660071,0.4054332697230715,-0.0716399521366214,30.091347311906407,0.0084,0.7,10
0.001006155993378,0.0043169279686231,0.2884635326588843,-0.0573812696505574,29.412445632930453,0.0084,0.7,10
0.0010296549551118,0.0042323701556951,0.197049441933629,-0.0431311288326302,28.794825542671905,0.0084,0.7,10
0.0010566022911684,0.0041701756701517,0.1300942424531369,-0.030736429454263,28.209377646304777,0.0084,0.7,10
0.0010612098769649,0.0041311971288864,0.0842124489510578,-0.0207056012883222,28.02080392177308,0.0084,0.7,10
0.0011199959751659,0.0040869031978926,0.0477641913172174,-0.0127755883008137,27.15397418400799,0.0084,0.7,10
0.0002323538177060185,0.0054725132767855,1.1281811114540827,-0.0131142650108552,38.17031289435096,0.0084,0.7,10
0.0003433119138503051,0.0053968859340044,1.097398457998547,-0.0218635489222175,37.280469253513935,0.0084,0.7,10
0.0009641849289428538,0.0045471127849445,0.5191500815711204,-0.0804683097280103,30.76772847006601,0.0084,0.7,10
0.0009487765980248414,0.004635454289454,0.59854847998648,-0.0838764165106971,31.19606275099216,0.0084,0.7,10
0.000923644332927385,0.0047075512689111,0.6588918762445773,-0.0839126899977391,31.60901868801028,0.0084,0.7,10
0.0009399875151264468,0.0047733726810418,0.711740341325742,-0.085877886210928,31.68414709716765,0.0084,0.7,10
0.0009040991323925678,0.0048565317296427,0.7746885694901029,-0.0825644244710141,32.220649362040284,0.0084,0.7,10
0.0008427043996789622,0.0049664568890779,0.8517581155422408,-0.0750938931357561,32.85585093615838,0.0084,0.7,10
0.0007564518073532622,0.0050618458741166,0.9145009036117928,-0.0650387192336623,33.7298892416155,0.0084,0.7,10
0.0004515098249674818,0.0053177144347524,1.060593223980402,-0.0318195512896475,36.38779881312952,0.0084,0.7,10
0.0005566301194306285,0.0052351027532677,1.0176346525217137,-0.0426501516741592,35.49941137493878,0.0084,0.7,10
0.0006584481973872342,0.005150089380206,0.9690539228331309,-0.0538819107990819,34.61236470045762,0.0084,0.7,10
0.0009053496603866634,0.0044570704087449,0.4252989624392736,-0.0679617218932402,30.837641646335182,0.0084,0.7,10
0.0009244983049442606,0.0043371096939394,0.2978816872786629,-0.0540464939941005,30.161900895002063,0.0084,0.7,10
0.000949289181271818,0.0042514624913908,0.2027373413326275,-0.0406696932439981,29.55892516142968,0.0084,0.7,10
0.0009769078755926062,0.0041896964829793,0.1339662371844984,-0.0290998463325176,28.97095438955796,0.0084,0.7,10
0.0009798075776863474,0.0041511395859043,0.0866146102371831,-0.019562050397566,28.81012235794547,0.0084,0.7,10
0.0010417202767297,0.0041075816433825,0.0493120435531213,-0.0122099536743949,27.91251292096457,0.0084,0.7,10
0.0002222471198496414,0.0053348639472813,1.0750442683832793,-0.0155099171211032,38.20349642280015,0.0084,0.7,10
0.0003288487106055676,0.0052623153694338,1.039087959740742,-0.0249351680808136,37.31958609323727,0.0084,0.7,10
0.0008676858833780382,0.004656666626288,0.614164000974977,-0.0780493118707291,31.81695426123096,0.0084,0.7,10
0.0008867637016032549,0.0045734827102327,0.5391100202295805,-0.0757084105775913,31.529919838136248,0.0084,0.7,10
0.000854131181605631,0.0047553081989444,0.697466831033587,-0.0789872497985334,32.402021288014176,0.0084,0.7,10
0.000792184762313745,0.0048494703941919,0.7708521313369388,-0.0734995234297613,33.033476942140084,0.0084,0.7,10
0.0007169417787788373,0.0049398799506317,0.8372422241013332,-0.0657060658647703,33.81803550026239,0.0084,0.7,10
0.0006288651666194784,0.0050257197121322,0.8966433401590502,-0.0561586246365399,34.667373909249,0.0084,0.7,10
0.0004322114885798297,0.0051859144187588,0.9970383328699512,-0.0351259545171576,36.43334909898736,0.0084,0.7,10
0.0005330033199295401,0.0051075495462264,0.9498007933471468,-0.0457236362269621,35.54509257211348,0.0084,0.7,10
0.0008246074670055166,0.0044727187790822,0.4336578652147798,-0.0627551897860922,31.632535141056195,0.0084,0.7,10
0.0008444446461122739,0.0043531476843989,0.304329893613599,-0.0502805260046564,30.96584348599977,0.0084,0.7,10
0.0008682489682463391,0.0042691889312008,0.208320313548825,-0.0380382727410224,30.36735742939913,0.0084,0.7,10
0.000896812755194386,0.0042077656010115,0.1377767994244202,-0.0273364938766547,29.776758478231304,0.0084,0.7,10
0.0009015751726132103,0.0041688364645028,0.0889656318291339,-0.0184075827631626,29.60786736566461,0.0084,0.7,10
0.0009630575679428312,0.0041267433296298,0.0507817356284686,-0.0115606831386284,28.68156351307224,0.0084,0.7,10
0.00021319574259820827,0.0052050120705434,1.012506392739706,-0.0171940367088307,38.22659345729155,0.0084,0.7,10
0.000313344625612557,0.0051349362220251,0.9716950456995876,-0.0267547745012465,37.35885408215591,0.0084,0.7,10
0.0007961210068050846,0.0046850026178136,0.6368772519142711,-0.0728396563608084,32.57866746553674,0.0084,0.7,10
0.0007900426022074452,0.0045859313073621,0.5455846970248408,-0.0683778288318701,32.238205328214995,0.0084,0.7,10
0.0007532174428630797,0.0047510037291429,0.6929002122869599,-0.0702530449740883,33.123068499231245,0.0084,0.7,10
0.0006820160222901366,0.0048276513772945,0.7548743090087169,-0.06419718731133,33.87865494826204,0.0084,0.7,10
0.0005994262805244664,0.0049081453083833,0.8167309453055154,-0.0562391549156842,34.7064812922911,0.0084,0.7,10
0.0005089000588655852,0.0049868210621791,0.8739662245662235,-0.0468881979746695,35.584439294757715,0.0084,0.7,10
0.00041293148027623264,0.0050623502004771,0.9255788448762108,-0.0368576103257473,36.47287713703663,0.0084,0.7,10
0.0007400375190569409,0.0044605875391368,0.4127792857127835,-0.0546904111405686,32.40156368058381,0.0084,0.7,10
0.000762821958236106,0.0043707586593429,0.3135610566617528,-0.0465907997068817,31.84589695762949,0.0084,0.7,10
0.0007863240503886801,0.0042806012143749,0.2075446400583372,-0.0343871994273266,31.18460033851889,0.0084,0.7,10
0.0008151790896996113,0.0042237256052449,0.1403769821579032,-0.0252628066085137,30.63353331162637,0.0084,0.7,10
0.0008230622049452123,0.0041850005068257,0.0910938548913762,-0.0171520461025104,30.43620772988663,0.0084,0.7,10
0.0008840340241866008,0.0041443637487228,0.0521485764050232,-0.0108523277707566,29.503118118412143,0.0084,0.7,10
0.00020282069090840187,0.0050809052169288,0.9408655796989818,-0.0180341233192068,38.254854224498665,0.0084,0.7,10
0.0002984526382925014,0.005014392783156,0.8962765019448989,-0.0274917610278257,37.39411333465189,0.0084,0.7,10
0.0007163931317712899,0.0046602919215782,0.6122241863889871,-0.0651634171440981,33.15115727334779,0.0084,0.7,10
0.0007083948446392715,0.0045598168237407,0.5143089819702281,-0.0596128882956282,32.98826836392124,0.0084,0.7,10
0.0006476482667422046,0.0047232883633038,0.6677944929929649,-0.0604313414149181,33.96485721345937,0.0084,0.7,10
0.0005718918514782514,0.0047974663554601,0.7304190725758025,-0.0543828176462994,34.7298077829435,0.0084,0.7,10
0.0004852518291304489,0.0048725506833629,0.7909626962190234,-0.0462844912144618,35.6132057718342,0.0084,0.7,10
0.0003940124272824733,0.0049450221124849,0.8463666636436219,-0.0371735962109636,36.50544910228293,0.0084,0.7,10
0.0006430695685665353,0.0044676644902214,0.4118687093427981,-0.0475468965606073,33.14491762647976,0.0084,0.7,10
0.0006752878768214598,0.0043762118722133,0.3088651276517058,-0.0406875845319403,32.612794184693705,0.0084,0.7,10
0.0007050022568949882,0.0042974386647106,0.2151382228348907,-0.0317915834821548,32.04584286576951,0.0084,0.7,10
0.0007307003825773445,0.0042377712149871,0.1417190384644041,-0.0227753372736244,31.497589879308453,0.0084,0.7,10
0.0007411806447307415,0.0041978665477708,0.0898975528666894,-0.0152100157158296,31.29230579677113,0.0084,0.7,10
0.0008046800650906817,0.0041604288853167,0.0533431194659403,-0.010077668457161,30.367877545261933,0.0084,0.7,10
0.00019269546527143368,0.004963417624676,0.8616495165108368,-0.0181703251387687,38.28121530187152,0.0084,0.7,10
0.0002840033838176537,0.0049007688087849,0.8141135906441735,-0.0272143549053337,37.42757893587986,0.0084,0.7,10
0.0006302536163118402,0.0046007510256372,0.5519376882659897,-0.0551915505170032,33.87477242715601,0.0084,0.7,10
0.0005414625973328694,0.0046912010560704,0.6362829167251619,-0.0502599724800995,34.75511992964959,0.0084,0.7,10
0.0004620959320568128,0.0047640881671347,0.7012452205932503,-0.0439997264620915,35.64557562029841,0.0084,0.7,10
0.0003751858265731594,0.0048337760788515,0.7602057003129382,-0.0361052954680837,36.528589123424325,0.0084,0.7,10
0.0005583730557607524,0.0044742503074848,0.4127217798275561,-0.0416491557450912,34.116310539577334,0.0084,0.7,10
0.0005934023348616301,0.0043859196838666,0.3113411472182407,-0.0360020911186994,33.491878383974786,0.0084,0.7,10
0.000622979743392417,0.0043089031067037,0.2175049866292348,-0.028264392080127,32.89565449128309,0.0084,0.7,10
0.00065178116283508,0.0042482378752449,0.141175227397385,-0.0202294875313021,32.369319688620216,0.0084,0.7,10
0.000659873782742898,0.0042113423403627,0.0916469727500729,-0.0137884684541583,32.19877505518275,0.0084,0.7,10
0.0007250294398802816,0.0041749429277081,0.054398561373861,-0.0092223919238421,31.21850753283677,0.0084,0.7,10
0.0001832470650607984,0.0048513248358852,0.7749988701205361,-0.0177196453668297,38.30207476937432,0.0084,0.7,10
0.00027040352459710535,0.0047909781248823,0.7236303817465259,-0.0260329871210276,37.442410675475145,0.0084,0.7,10
0.0005056219153534647,0.004566274430799,0.5099277293537688,-0.0424083173142245,34.77676720260998,0.0084,0.7,10
0.0004360108378085911,0.0046483501417306,0.5922562022348088,-0.0394201648088204,35.70741521334737,0.0084,0.7,10
0.00035691124072158585,0.0047272496544888,0.6666999831313137,-0.0337261756057307,36.54634050844624,0.0084,0.7,10
0.0004857294012933108,0.0044641313703263,0.395472805729239,-0.0350787815435319,34.840211570611885,0.0084,0.7,10
0.0005111802481615761,0.004390347370199,0.3083376807808211,-0.0308509088449686,34.36568465941162,0.0084,0.7,10
0.0005418857455286417,0.0043178718191348,0.2183174776997392,-0.0246871310748062,33.81160250680486,0.0084,0.7,10
0.0005691227049291378,0.0042625269922535,0.1470049864554903,-0.0183319906644483,33.30418524090491,0.0084,0.7,10
0.00058100193733583,0.0042238008330461,0.0944691140933916,-0.0124732798543969,33.101935585646366,0.0084,0.7,10
0.0006451137532139304,0.0041879080460969,0.0553134012805641,-0.0083294279707468,32.12808005823903,0.0084,0.7,10
0.00017452921845031462,0.0047335435242304,0.671100275450682,-0.0165875711533538,38.29438424309985,0.0084,0.7,10
0.0002577182617641166,0.0046754002686949,0.6153599393210043,-0.0237738233646255,37.43073099238909,0.0084,0.7,10
0.0004092997962200371,0.0045068629958559,0.4406174836646777,-0.0316687600923026,35.69766802611573,0.0084,0.7,10
0.00033669201317718296,0.0046001109343039,0.5395791551132537,-0.0292129902287624,36.55766982930704,0.0084,0.7,10
0.0004312228466855814,0.0044051327137689,0.3199291852422675,-0.0266168776517134,35.07306109093036,0.0084,0.7,10
0.0004554109619148932,0.0043297554387562,0.2239768748758815,-0.0210980674547847,34.75790960342214,0.0084,0.7,10
0.0004828493987432021,0.0042782363425183,0.1564926835540915,-0.0163548753330011,34.24204633020107,0.0084,0.7,10
0.000501850054749758,0.004234789872855,0.0971849298745962,-0.0109938362514696,33.97585693968796,0.0084,0.7,10
0.00056496129573313,0.0041992871729266,0.0560039748548803,-0.007363229375376,33.049253956488386,0.0084,0.7,10
0.0001649268050761432,0.004595640446777,0.5312176121129756,-0.0142487207943622,38.29183126533285,0.0084,0.7,10
0.0003617782269694121,0.0044188111790634,0.3319600737788569,-0.0230305499531505,36.02887448265035,0.0084,0.7,10
0.00024187177516132708,0.0045370094079684,0.4681170946216136,-0.0194204418770667,37.42795418496991,0.0084,0.7,10
0.0003128683282735328,0.0044787104439068,0.4029380321825185,-0.0227435705561899,36.56975910863552,0.0084,0.7,10
0.0003666941002272329,0.004340744422468,0.230428070930726,-0.0174951403694981,35.761732799157905,0.0084,0.7,10
0.0004091598262399512,0.0042800696331191,0.1500498840487869,-0.0133210016388199,35.13053900197551,0.0084,0.7,10
0.0004196670990968311,0.0042444042989913,0.0995574111407607,-0.009427514329539,34.975909475187564,0.0084,0.7,10
0.00048461340028261576,0.0042090839232468,0.0565701230674153,-0.0063497906548758,33.96263367847956,0.0084,0.7,10
0.0001549500932451849,0.004474057638238,0.3915947730171547,-0.0110776893575063,38.29307387089176,0.0084,0.7,10
0.0002930025646741063,0.0043869986021792,0.2867911799351039,-0.0167060631070947,36.69076650974518,0.0084,0.7,10
0.00022734160245296907,0.0044270434795161,0.3354926340434808,-0.0144467751189084,37.46008462704731,0.0084,0.7,10
0.0002915629879681138,0.0043273084951024,0.2057188035003487,-0.0125647559082595,36.59117146102257,0.0084,0.7,10
0.00032949262159837257,0.0042818305673294,0.1442106226957133,-0.0103829314091922,36.03193250836139,0.0084,0.7,10
0.00033826632422392325,0.0042500625724739,0.098282340969107,-0.0075196222267659,35.961147077227515,0.0084,0.7,10
0.0004041207961277711,0.0042176690055706,0.0574811441263197,-0.0053935916517722,34.98329246862467,0.0084,0.7,10
0.00014618177944359368,0.0043873006355374,0.280411189789143,-0.0080764862548136,38.29034684380603,0.0084,0.7,10
0.00021822288199305084,0.0043442578353158,0.224818760120848,-0.0100448859730455,37.48065280385902,0.0084,0.7,10
0.0002509707011457119,0.004287789323914,0.1463133260973468,-0.0079528201213649,36.902862222993264,0.0084,0.7,10
0.0002611106801763533,0.0042546764068131,0.0979246437605154,-0.0057156227614895,36.81738633514589,0.0084,0.7,10
0.0003234360248403662,0.0042245857865761,0.0580309245951161,-0.0043519435265511,35.93803672492751,0.0084,0.7,10
0.00013375534176433924,0.004315713577823,0.1807061625180314,-0.0050550582388741,38.37209834034139,0.0084,0.7,10
0.00018624087282506017,0.0042906085702021,0.1464382244617824,-0.0059282203191905,37.78183640958184,0.0084,0.7,10
0.0002046559531314134,0.0042589851716478,0.1002557206028523,-0.0046281274261939,37.59536387619827,0.0084,0.7,10
0.0002425985146822544,0.0042291982419923,0.0572825840886929,-0.0031676190972319,36.97886453898497,0.0084,0.7,10
0.00012255375558144208,0.0042653738933907,0.1057386241287404,-0.00287641145711,38.43862133093706,0.0084,0.7,10
0.0001617422439021091,0.0042322719381193,0.0564875788776647,-0.002125106788421,37.94248744589086,0.0084,0.7,10
8.088202348730444e-05,0.0042341943893305,0.055904928529991,-0.0010133522790226,39.11935411857464,0.0084,0.7,10
0.012,0.009,0.0,0.0,75.78877796989143,0.0084,0.7,10
0.0119197621374445,0.0090007665121581,0.0,0.0,8.998882248130316,0.0084,0.7,10
0.0119999999999999,0.0089834095291853,0.0659014097887947,0.0125604259756547,60.04418791741824,0.0084,0.7,10
0.0119194459034903,0.0089842164521652,0.0153067176100936,-0.00029854006043925145,10.944914739462998,0.0084,0.7,10
0.0118395538588313,0.0090030657575101,0.0,0.0,19.26048494704082,0.0084,0.7,10
0.0118389217192313,0.0089865303171763,0.0226841240143058,-0.000970204556524428,18.638747168830065,0.0084,0.7,10
0.0119195500331903,0.0053992294296501,0.0,0.0,7.925991321653323,0.0084,0.7,10
0.012,0.0054,0.0,0.0,78.0054137360003,0.0084,0.7,10
0.0119192603649855,0.0054143491978563,0.0131886478631962,0.00023600339368003468,9.816338554513758,0.0084,0.7,10
0.012,0.0054151225427223,0.0611277568707087,-0.0106581757987955,63.27747487358288,0.0084,0.7,10
0.0117594039650987,0.0090068969070639,0.0,0.0,9.36125814993166,0.0084,0.7,10
0.0117584532071545,0.0089903271232417,0.0189395148914952,-0.00094924982493373,9.468137870393234,0.0084,0.7,10
0.01183913000948,0.0053969180175636,0.0,0.0,19.062612521002304,0.0084,0.7,10
0.011838534918375,0.0054124432745789,0.0212754772753453,0.0009382958900779588,18.47019871496464,0.0084,0.7,10
0.0117587688520817,0.0053930666025325,0.0,0.0,9.06496976294476,0.0084,0.7,10
0.011757854493587,0.0054089599235747,0.0179471732712294,0.0008956083382546777,9.17283038267737,0.0084,0.7,10
0.0116793414600624,0.0090122585919418,0.0,0.0,10.246431416662782,0.0084,0.7,10
0.0116780678532761,0.0089956255286803,0.0207394725086201,-0.0017295341970942,10.242694762944096,0.0084,0.7,10
0.0115993954977898,0.0090191488865532,0.0,0.0,8.277938793701468,0.0084,0.7,10
0.0115977952434581,0.009002448067563,0.0207987002444947,-0.0020183475162136,8.306488960264716,0.0084,0.7,10
0.0116784957130733,0.0053876765626642,0.0,0.0,10.181119310415143,0.0084,0.7,10
0.0116772535646185,0.0054038558598917,0.020023380948793,0.0016751574219346,10.201275055827574,0.0084,0.7,10
0.0115195953289322,0.009027565296854,0.0,0.0,8.481217909736074,0.0084,0.7,10
0.0115176663534521,0.0090108116648174,0.0215250472323628,-0.0025387156526833,8.501151597879664,0.0084,0.7,10
0.0114399702464313,0.0090375047537423,0.0,0.0,8.318787405230673,0.0084,0.7,10
0.0114377124410147,0.0090207233166513,0.0217940206087585,-0.0029611678748641,8.33424214025137,0.0084,0.7,10
0.0115983399204589,0.005380749834719,0.0,0.0,8.150338822884628,0.0084,0.7,10
0.0115967652361664,0.0053971402080223,0.0201840517346522,0.0019613460103537,8.186397505392971,0.0084,0.7,10
0.0113605495310158,0.0090489636116126,0.0,0.0,8.675632502731201,0.0084,0.7,10
0.0113579642085373,0.0090321808130492,0.0220733056157947,-0.0034253097076898,8.684511924386314,0.0084,0.7,10
0.0115183309239926,0.0053722889283004,0.0,0.0,8.290136003961573,0.0084,0.7,10
0.0115164211047252,0.0053888320620561,0.0210592999050598,0.0025008674205926,8.326797314034879,0.0084,0.7,10
0.011281362396905,0.0090619376520625,0.0,0.0,9.052686938051068,0.0084,0.7,10
0.0112784513653284,0.0090451753344974,0.0221594588993669,-0.003855052089393,9.0512326541788,0.0084,0.7,10
0.01143849824019,0.0053622969348342,0.0,0.0,8.122837956647142,0.0084,0.7,10
0.0114362525643859,0.005378943665639,0.0214612801737999,0.0029280262567857,8.148739201672543,0.0084,0.7,10
0.0112024379381289,0.0090764220927131,0.0,0.0,9.63309316712927,0.0084,0.7,10
0.0111992026972744,0.0090596951564465,0.0221237621739713,-0.0042695710363651,9.622412980423572,0.0084,0.7,10
0.0113588713969513,0.0053507775313009,0.0,0.0,8.464631441842117,0.0084,0.7,10
0.0113562908364635,0.0053674845268818,0.0218242694883357,0.003398948097151,8.483696479327389,0.0084,0.7,10
0.0112794798782211,0.0053377349787186,0.0,0.0,8.817585114311596,0.0084,0.7,10
0.0112765669735249,0.005354462934852,0.0219755623917592,0.0038385467692695,8.82784765772439,0.0084,0.7,10
0.0111238050758743,0.0090924116010807,0.0,0.0,10.20499353802336,0.0084,0.7,10
0.0111202465707262,0.0090757293810262,0.021959114901822,-0.0046647900206713,10.187948234688784,0.0084,0.7,10
0.0112003530691057,0.0053231741154008,0.0,0.0,9.354168867929186,0.0084,0.7,10
0.0111971114559785,0.0053398886640772,0.022000272224393,0.0042653221512413,9.355868665300472,0.0084,0.7,10
0.0110454925072538,0.0091099003134041,0.0,0.0,10.854695916416528,0.0084,0.7,10
0.0110416114962916,0.0090932700373381,0.0217201749847275,-0.0050378548196452,10.83094203557624,0.0084,0.7,10
0.0109675286558903,0.0091288818583106,0.0,0.0,11.514033994726592,0.0084,0.7,10
0.010963326306382,0.0091123116539544,0.0213768713549152,-0.0053788693413345,11.48268816243637,0.0084,0.7,10
0.0108899416246931,0.0091493493851714,0.0,0.0,12.18203063421975,0.0084,0.7,10
0.0108854198210715,0.0091328491311596,0.0209590953564206,-0.0056931732560794,12.145462925067145,0.0084,0.7,10
0.011121520201868,0.0053071003450456,0.0,0.0,9.924256649350337,0.0084,0.7,10
0.0111179538484873,0.0053237738916727,0.0218736594542943,0.0046648891597252,9.919058547485214,0.0084,0.7,10
0.011043010303207,0.0052895196197392,0.0,0.0,10.54062109416288,0.0084,0.7,10
0.0110391227451388,0.0053061323874495,0.0216457983365311,0.0050414695483911,10.529115928661511,0.0084,0.7,10
0.010812759441683,0.0091712955113725,0.0,0.0,12.860608630272736,0.0084,0.7,10
0.0108079206124419,0.0091548757426669,0.0204689421576949,-0.0059724329791113,12.81983209222795,0.0084,0.7,10
0.0109648521432279,0.0052704384179864,0.0,0.0,11.178200524856708,0.0084,0.7,10
0.0109606461688659,0.0052869772739036,0.0213226983779106,0.0053887920814427,11.160295981779804,0.0084,0.7,10
0.0107360111182327,0.0091947119820456,0.0,0.0,13.509976537101885,0.0084,0.7,10
0.0107308578208185,0.0091783823757823,0.0199149204964093,-0.0062183470632613,13.464456688777236,0.0084,0.7,10
0.0106597242362159,0.0092195903631644,0.0,0.0,14.145825384705546,0.0084,0.7,10
0.010654258965133,0.0092033593630013,0.0193167754874125,-0.0064324818250873,14.097066208727869,0.0084,0.7,10
0.0105839262166522,0.0092459217205377,0.0,0.0,14.762791417619894,0.0084,0.7,10
0.0105781515618476,0.0092297972537906,0.0186836362498607,-0.0066147776723092,14.711838436144632,0.0084,0.7,10
0.0105086445239669,0.009273696542025,0.0,0.0,15.369748692857929,0.0084,0.7,10
0.0105025633458492,0.0092576865776815,0.0180154548405311,-0.0067607635940447,15.31645827865533,0.0084,0.7,10
0.0104339066105808,0.0093029047361377,0.0,0.0,15.933493987619933,0.0084,0.7,10
0.0104275218985983,0.0092870169041941,0.0173157960771771,-0.0068725394952124,15.877504672454464,0.0084,0.7,10
0.0108870741864912,0.0052498637179077,0.0,0.0,11.823523534074472,0.0084,0.7,10
0.0108825520521224,0.0052663194667445,0.0209298292491409,0.0057098244193895,11.800478551333976,0.0084,0.7,10
0.0103597398619323,0.0093335356358209,0.0,0.0,16.47382604931008,0.0084,0.7,10
0.0103530543509336,0.0093177763742074,0.0166008995829237,-0.0069536850482469,16.416488269725786,0.0084,0.7,10
0.0108097045455211,0.0052278029657676,0.0,0.0,12.482400583902477,0.0084,0.7,10
0.0108048684036456,0.0052441678303775,0.0204662597167868,0.0059975428355948,12.45534463273175,0.0084,0.7,10
0.0078295904700281,0.0127023210348827,0.0,0.0,20.159152665951147,0.0084,0.7,10
0.007820843801118,0.0127820843801118,0.0,0.0,20.156903752958574,0.0084,0.7,10
0.0078144853594634,0.0127005184554422,9.080845085630996e-05,-0.0008097902654383444,20.161807388018527,0.0084,0.7,10
0.0078057070103892,0.0127805707010389,8.351656928324438e-05,-0.0008656885087963516,20.16491647817671,0.0084,0.7,10
0.0078398593134026,0.0126227396880805,0.0,0.0,20.120894628146093,0.0084,0.7,10
0.0078244104026197,0.0126205960000654,0.00010410683566351826,-0.0007870122045978112,20.124614976175184,0.0084,0.7,10
0.0102861715423413,0.0093655780073498,0.0,0.0,16.984806914108216,0.0084,0.7,10
0.0102791875804732,0.0093499524897887,0.0158776522182786,-0.0070055743316135,16.92686044451824,0.0084,0.7,10
0.0107327710780043,0.005204264084605,0.0,0.0,13.094319136607773,0.0084,0.7,10
0.0107276232386338,0.0052205305282063,0.0199534874464425,0.0062603756589478,13.063554988606423,0.0084,0.7,10
0.0078516466445466,0.012543368871969,0.0,0.0,20.11194692580898,0.0084,0.7,10
0.0078358678703465,0.0125408712939552,0.0001144079758573465,-0.0007570110370123084,20.115380547221484,0.0084,0.7,10
0.0102132287421212,0.0093990200642441,0.0,0.0,17.477580553313672,0.0084,0.7,10
0.0102059487000257,0.0093835333058661,0.0151455316219978,-0.007025111926352,17.418890361992705,0.0084,0.7,10
0.010140938326333,0.0094338494860796,0.0,0.0,17.920010176681952,0.0084,0.7,10
0.0101333651168143,0.0094185074190915,0.0144064877603374,-0.0070155401169179,17.860228969718875,0.0084,0.7,10
0.0106563024942441,0.0051792558365887,0.0,0.0,13.715051847453337,0.0084,0.7,10
0.0106508453251662,0.005195416818931,0.0194096828175263,0.0064936666465606,13.681119232525688,0.0084,0.7,10
0.0105803269164526,0.0051527874134401,0.0,0.0,14.324747951513054,0.0084,0.7,10
0.0105745624386336,0.0051688374148431,0.0188188381451998,0.0066927703242701,14.28769021753301,0.0084,0.7,10
0.0078649482209211,0.0124642372771493,0.0,0.0,20.09840842612136,0.0084,0.7,10
0.0078489062092818,0.0124613828711952,0.0001236328943451528,-0.000725825980249069,20.101822338055285,0.0084,0.7,10
0.0078797592316669,0.0123853736985796,0.0,0.0,20.098718482882067,0.0084,0.7,10
0.0078635339758574,0.0123821657495934,0.00013109067232545382,-0.000689932601540302,20.10195548011193,0.0084,0.7,10
0.010069326885569,0.0094700534420432,0.0,0.0,18.337962700366926,0.0084,0.7,10
0.0100614640356827,0.0094548628786352,0.0136731879257135,-0.006981025707083,18.278433956170137,0.0084,0.7,10
0.0099984206891361,0.0095076186190587,0.0,0.0,18.725237376905497,0.0084,0.7,10
0.0099902719503875,0.0094925863624044,0.0129485063667366,-0.0069223977508587,18.66628980823448,0.0084,0.7,10
0.0099282456410014,0.0095465312542775,0.0,0.0,19.09669979840642,0.0084,0.7,10
0.0099198145870398,0.0095316633746974,0.0122296689288538,-0.0068366806284239,19.038016168853268,0.0084,0.7,10
0.0098588272388389,0.0095867771717119,0.0,0.0,19.4168830857893,0.0084,0.7,10
0.0098501170869255,0.0095720788152153,0.0115229208934145,-0.0067307668923457,19.35823831326182,0.0084,0.7,10
0.0097901905365059,0.009628341822759,0.0,0.0,19.72496438779947,0.0084,0.7,10
0.0097812037209434,0.0096138166647019,0.0108340437444812,-0.0066052492767998,19.667323264823747,0.0084,0.7,10
0.0097223601102542,0.0096712103303485,0.0,0.0,19.98936787344493,0.0084,0.7,10
0.009713097803663,0.0096568600673241,0.010168175818758,-0.0064675150938943,19.933776026668205,0.0084,0.7,10
0.0096553609694589,0.009715366903609,0.0,0.0,20.25771698427679,0.0084,0.7,10
0.0096458233839911,0.0097011920187508,0.0095250356791432,-0.0063116615618908,20.20282819326874,0.0084,0.7,10
0.0095892180767015,0.009760795074687,0.0,0.0,20.48442101233317,0.0084,0.7,10
0.0095794054126364,0.0097467963957487,0.0088925809878601,-0.0061358712691819,20.42967342012529,0.0084,0.7,10
0.0095239550346853,0.0098074786176444,0.0,0.0,20.68542776923131,0.0084,0.7,10
0.0095138682828683,0.0097936583843442,0.0082825857943449,-0.0059487644420395,20.631852360861146,0.0084,0.7,10
0.0105048721926454,0.0051248685124058,0.0,0.0,14.893155580168848,0.0084,0.7,10
0.0104988017624623,0.0051408040330696,0.0182116950988886,0.006869180121346,14.854273927454686,0.0084,0.7,10
0.0041855214757918,0.0123484393429066,0.0,0.0,19.62614953446185,0.0084,0.7,10
0.0041999325864377,0.0123496390495509,6.563234500991556e-05,-0.0008358866263727555,19.622149018496582,0.0084,0.7,10
0.0041791561988819,0.0124179156198881,0.0,0.0,19.61310474786838,0.0084,0.7,10
0.0041935453933316,0.0124193545393331,7.691560045901985e-05,-0.0008134714490987461,19.61483612238134,0.0084,0.7,10
0.007896074290293,0.012306806980991,0.0,0.0,20.10392517717059,0.0084,0.7,10
0.0078797400573521,0.0123032519399681,0.00013744508986020636,-0.0006544133659164748,20.1069260413134,0.0084,0.7,10
0.0079138874325428,0.0122285659641185,0.0,0.0,20.117333052305263,0.0084,0.7,10
0.0078975054313696,0.0122246713004884,0.00014277734835085876,-0.0006194494542010956,20.1199798575463,0.0084,0.7,10
0.0079331921194237,0.0121506794281618,0.0,0.0,20.137504891584143,0.0084,0.7,10
0.0079168093142746,0.0121464523256203,0.00014787174171220936,-0.000587853761717971,20.139603758526704,0.0084,0.7,10
0.0079539812453567,0.0120731760398912,0.0,0.0,20.165765776228728,0.0084,0.7,10
0.0079376310841105,0.0120686224890847,0.00015322661817916426,-0.0005607670988922057,20.167312505558087,0.0084,0.7,10
0.0094595953540495,0.0098554007362864,0.0,0.0,20.86000876013915,0.0084,0.7,10
0.009449236661591,0.0098417628804684,0.0076990960151618,-0.0057536014887848,20.80826687058735,0.0084,0.7,10
0.0093961624057703,0.0099045440705607,0.0,0.0,21.02794586180466,0.0084,0.7,10
0.0093855352528544,0.0098910941874804,0.0071381352130887,-0.0055455255559057,20.97775329497524,0.0084,0.7,10
0.009333679368059,0.0099548907125204,0.0,0.0,21.164843934742468,0.0084,0.7,10
0.0093227887580746,0.0099416360360675,0.0065918963611726,-0.0053220298468784,21.115451094500425,0.0084,0.7,10
0.0092721691752791,0.0100064222270778,0.0,0.0,21.276696134068217,0.0084,0.7,10
0.009261021537004,0.009993371253332,0.006067600111027,-0.0050907499658784,21.228819662529176,0.0084,0.7,10
0.0092116544692501,0.01005911967736,0.0,0.0,21.369860952757502,0.0084,0.7,10
0.0092002568657839,0.0100462810575054,0.0055712869898072,-0.0048566959216452,21.324148661134853,0.0084,0.7,10
0.0091521575532912,0.0101129636544536,0.0,0.0,21.45667334655297,0.0084,0.7,10
0.0091405166062324,0.0101003449691209,0.0050990066990995,-0.0046151243990668,21.412674622459942,0.0084,0.7,10
0.0090937003493438,0.0101679343112993,0.0,0.0,21.51830980195643,0.0084,0.7,10
0.0090818224238679,0.0101555423845518,0.0046452023284411,-0.0043647001779557,21.47529899592715,0.0084,0.7,10
0.0104299660495824,0.005095509388326,0.0,0.0,15.454461783675708,0.0084,0.7,10
0.0104235906671772,0.0051113277482391,0.0175892282538375,0.0070172531192228,15.414690114067035,0.0084,0.7,10
0.0041907318264295,0.0122788669197847,0.0,0.0,19.573679225206597,0.0084,0.7,10
0.0042053700259421,0.012279841000155,5.499189319572675e-05,-0.0008883224756358152,19.570989843470954,0.0084,0.7,10
0.0079762471513744,0.0119960842998042,0.0,0.0,20.201050684501247,0.0084,0.7,10
0.0079599514333914,0.0119912085856843,0.00015990160349694724,-0.0005405941056757325,20.20190149244797,0.0084,0.7,10
0.0079999816432654,0.0119194324907344,0.0,0.0,20.242715287669963,0.0084,0.7,10
0.0079837542829466,0.0119142374575677,0.00016858740008175098,-0.0005285348261190451,20.242746711718272,0.0084,0.7,10
0.0090363043584915,0.0102240114004748,0.0,0.0,21.565135592235137,0.0084,0.7,10
0.0090241963648625,0.0102118531837923,0.004214124366397,-0.0041108925945127,21.52360997439489,0.0084,0.7,10
0.0089799906251806,0.0102811743155845,0.0,0.0,21.594886528454392,0.0084,0.7,10
0.0089676588495369,0.010269255708066,0.0038100379809444,-0.0038592959107911,21.5557343104989,0.0084,0.7,10
0.0103556360401421,0.0050647208395329,0.0,0.0,15.970519603280405,0.0084,0.7,10
0.0103489570887364,0.0050804182664132,0.016956332829613,0.0071401696591151,15.929222797432642,0.0084,0.7,10
0.0102819094923341,0.005032514188815,0.0,0.0,16.48703805414453,0.0084,0.7,10
0.0102749291292534,0.0050480851618126,0.0163038244666143,0.007231381310817,16.444836154871982,0.0084,0.7,10
0.0041947858130841,0.0122092175478969,0.0,0.0,19.53862971653233,0.0084,0.7,10
0.0042098723834728,0.0122099699999656,4.341880688348045e-05,-0.000943944631651676,19.536011678980127,0.0084,0.7,10
0.0041976823171245,0.0121395104458436,0.0,0.0,19.485334501071947,0.0084,0.7,10
0.004213170083464,0.0121400251835069,2.9702246019243624e-05,-0.0009985442878950126,19.483062326309824,0.0084,0.7,10
0.0080251760145386,0.0118432486283031,0.0,0.0,20.29098354003791,0.0084,0.7,10
0.0080090274386522,0.0118377365350265,0.0001801931598144753,-0.0005255349695257484,20.29008962415626,0.0084,0.7,10
0.0080518210740532,0.0117675604135916,0.0,0.0,20.3455292384654,0.0084,0.7,10
0.0080357613235919,0.0117617337724788,0.0001957362636040293,-0.0005327831776200244,20.34364717806927,0.0084,0.7,10
0.0080799071781334,0.011692395188403,0.0,0.0,20.405558684035544,0.0084,0.7,10
0.0080639478462065,0.011686257484962,0.0002161314386751618,-0.0005510849239142744,20.40261382526912,0.0084,0.7,10
0.0089247797054194,0.0103394021359513,0.0,0.0,21.609874457041524,0.0084,0.7,10
0.0089122282254861,0.0103277266344694,0.003433316458999,-0.0036102800587834,21.57284172001469,0.0084,0.7,10
0.0088706916392158,0.010398673674288,0.0,0.0,21.61326085500175,0.0084,0.7,10
0.0088579227409156,0.010387243080743,0.003079745733535,-0.0033607933879677,21.57756887599975,0.0084,0.7,10
0.0087153573483735,0.010582535071655,0.0,0.0,21.54411621698332,0.0084,0.7,10
0.0086659524316736,0.0106457629686857,0.0,0.0,21.50082132271803,0.0084,0.7,10
0.0087019546749173,0.0105718547530329,0.0021682260418649,-0.002649828840588,21.5142681022202,0.0084,0.7,10
0.0086523476276186,0.0106353402337545,0.0019103627453391,-0.0024247668049249,21.472501251853643,0.0084,0.7,10
0.0087659615136517,0.0105202621268456,0.0,0.0,21.574335143893997,0.0084,0.7,10
0.0087527658220488,0.0105093281217537,0.0024467994098948,-0.002879766094502,21.542553945511223,0.0084,0.7,10
0.008817745927487,0.0104589675270119,0.0,0.0,21.596827856970997,0.0084,0.7,10
0.0088047618624591,0.0104477837115291,0.0027493254287457,-0.0031154345558265,21.562720441270365,0.0084,0.7,10
0.0102088134603403,0.0049989012595936,0.0,0.0,16.930919782162196,0.0084,0.7,10
0.0102015346056085,0.0050143388758083,0.0156635098264588,0.0073109776662682,16.88907719994515,0.0084,0.7,10
0.0041994205393079,0.0120697648481575,0.0,0.0,19.43427872585554,0.0084,0.7,10
0.0042152456104551,0.0120700277495925,1.4493104098261271e-05,-0.0010449277739184,19.432351688672057,0.0084,0.7,10
0.0042,0.012,0.0,0.0,19.37219984092039,0.0084,0.7,10
0.0042160998538051,0.0119999897581257,-3.0256986730922667e-06,-0.0010836007858865,19.370773296624943,0.0084,0.7,10
0.0081094242659728,0.0116177798959059,0.0,0.0,20.47028510190892,0.0084,0.7,10
0.0080935803945163,0.0116113365073224,0.0002421491449478381,-0.0005805153820608968,20.466219668904756,0.0084,0.7,10
0.0081403613736466,0.0115437422682562,0.0,0.0,20.540725208196022,0.0084,0.7,10
0.0081246490041117,0.0115369997376088,0.00027517556004388703,-0.0006219535229176175,20.53523820468996,0.0084,0.7,10
0.0086177644076061,0.0107099232145285,0.0,0.0,21.443875058540375,0.0084,0.7,10
0.0086039616312576,0.010699761305328,0.0016749402303032,-0.0022102163133432,21.41751915761496,0.0084,0.7,10
0.0085708106376533,0.0107749927181205,0.0,0.0,21.38627357913152,0.0084,0.7,10
0.0085568129072677,0.0107650939951928,0.0014641662318253,-0.0020090064018568,21.362221633567664,0.0084,0.7,10
0.0085251081802092,0.0108409478935912,0.0,0.0,21.322673830927275,0.0084,0.7,10
0.0085109183961596,0.0108313146621366,0.0012735124425228,-0.0018170403395668,21.30040065540806,0.0084,0.7,10
0.0084806737448154,0.0109077646914923,0.0,0.0,21.250111030560166,0.0084,0.7,10
0.0084662966947338,0.0108984005185745,0.0011017120440451,-0.0016361194652923,21.2295469213701,0.0084,0.7,10
0.0101363746816285,0.0049638943493043,0.0,0.0,17.403518982641067,0.0084,0.7,10
0.0101288008882619,0.0049791908565343,0.015024568776266,0.0073595563543063,17.360860116879415,0.0084,0.7,10
0.0100646197667447,0.0049275063182676,0.0,0.0,17.817388881588133,0.0084,0.7,10
0.0100567549285819,0.0049426538501748,0.0143675482935174,0.0073804959936273,17.77399693839568,0.0084,0.7,10
0.0041992294212549,0.0119195495949885,0.0,0.0,19.302853479534857,0.0084,0.7,10
0.0042155988863385,0.0119192359826514,-2.300545973571365e-05,-0.0011189802841377,19.301801626924384,0.0084,0.7,10
0.0084375236497682,0.0109754186339809,0.0,0.0,21.17477083750496,0.0084,0.7,10
0.0084229682317683,0.0109663295321335,0.0009490814017958894,-0.0014683610176656,21.15617348239069,0.0084,0.7,10
0.0081727070924237,0.0114703095653798,0.0,0.0,20.614370805685336,0.0084,0.7,10
0.0081571324978451,0.0114632708493311,0.00031643758870107826,-0.0006765978688575261,20.607421155416908,0.0084,0.7,10
0.0083956737833883,0.0110438848536671,0.0,0.0,21.09702210428188,0.0084,0.7,10
0.0083809554515848,0.0110350803182038,0.0008143873754670705,-0.0013137076651121,21.080356487907977,0.0084,0.7,10
0.0082064498496039,0.011397508042617,0.0,0.0,20.693904836610464,0.0084,0.7,10
0.0081910124128369,0.0113901729984676,0.0003679529201753833,-0.0007462863664810474,20.68554171329163,0.0084,0.7,10
0.0082415774922117,0.0113253639678724,0.0,0.0,20.771675920566807,0.0084,0.7,10
0.0082262765754014,0.0113177321349092,0.0004299872140115162,-0.0008301772023288183,20.761747948605997,0.0084,0.7,10
0.0083551395692259,0.0111131381358178,0.0,0.0,21.01886816573587,0.0084,0.7,10
0.0083402690678735,0.0111046240421252,0.0006960360348517436,-0.0011713094996968,21.003919725049062,0.0084,0.7,10
0.0083159359354485,0.0111831529635887,0.0,0.0,20.93537867671199,0.0084,0.7,10
0.0083009184636649,0.0111749316229819,0.0005929385599488121,-0.0010428533994107,20.92204269609931,0.0084,0.7,10
0.0082780772886399,0.0112539035659396,0.0,0.0,20.85499956344205,0.0084,0.7,10
0.0082629152293231,0.0112459757193557,0.0005048958529647911,-0.0009291183966377664,20.843388903227297,0.0084,0.7,10
0.0099935750018615,0.0048897504965573,0.0,0.0,18.212311738733625,0.0084,0.7,10
0.0099854230107579,0.0049047417435944,0.0137327532130265,0.0073899471638593,18.170083388034847,0.0084,0.7,10
0.0099232663946927,0.004850640701656,0.0,0.0,18.595570281887472,0.0084,0.7,10
0.0099148309744641,0.0048654691264548,0.0131046501937114,0.0073754861796383,18.553775031053625,0.0084,0.7,10
0.0098537197643204,0.0048101912899362,0.0,0.0,18.94674774731209,0.0084,0.7,10
0.0098450045129793,0.0048248509433776,0.0124799654617767,0.0073399584389491,18.90516644436219,0.0084,0.7,10
0.0041969179672459,0.0118391286967531,0.0,0.0,19.22460277583739,0.0084,0.7,10
0.0042135032343684,0.0118384929698122,-4.486635014832564e-05,-0.0011458885377002,19.22424613083325,0.0084,0.7,10
0.0097849606906304,0.004768417136203,0.0,0.0,19.273243303519067,0.0084,0.7,10
0.0097759691726076,0.004782902426433,0.0118693145994629,0.0072891863500998,19.232321118621105,0.0084,0.7,10
0.0041930664822099,0.0117587667606503,0.0,0.0,19.141574538779533,0.0084,0.7,10
0.0042098155516443,0.0117578031621758,-6.652345866426507e-05,-0.0011604212768397,19.141909757437183,0.0084,0.7,10
0.0097170144660077,0.0047253336085514,0.0,0.0,19.57829568830215,0.0084,0.7,10
0.0097077501226289,0.0047396393941159,0.0112784334184235,0.0072268960756938,19.538357340109386,0.0084,0.7,10
0.0041876763772698,0.011678493298272,0.0,0.0,19.05341826721031,0.0084,0.7,10
0.0042045328294873,0.0116771991528285,-8.787406519630423e-05,-0.0011621523616776,19.054508951572256,0.0084,0.7,10
0.0041807496332157,0.0115983378230818,0.0,0.0,18.96094262912791,0.0084,0.7,10
0.0041976615959368,0.0115967130198532,-0.00010782968207513368,-0.001150575929487,18.9629282963028,0.0084,0.7,10
0.0096499060496569,0.0046809565387348,0.0,0.0,19.869789281215628,0.0084,0.7,10
0.0096403719620874,0.0046950784187059,0.0107073396309705,0.0071522125406002,19.83079437574828,0.0084,0.7,10
0.0095836600249027,0.004635302188272,0.0,0.0,20.14276972120188,0.0084,0.7,10
0.0095738589116322,0.004649236397063,0.010148373090407,0.0070611212629831,20.104042422725563,0.0084,0.7,10
0.0041722887980904,0.0115183297960959,0.0,0.0,18.864027425419103,0.0084,0.7,10
0.0041892144522402,0.0115163758126991,-0.00012560854075106744,-0.0011247071051289,18.86700615093623,0.0084,0.7,10
0.0041622969795999,0.0114384985720289,0.0,0.0,18.762926673917967,0.0084,0.7,10
0.0041792056923506,0.0114362175559311,-0.0001404996987172991,-0.00108484510044,18.76690889691553,0.0084,0.7,10
0.0095183006295759,0.0045883872616389,0.0,0.0,20.397463604167903,0.0084,0.7,10
0.0095082352686276,0.004602129998321,0.0096028417650903,0.0069565943957097,20.35922560030812,0.0084,0.7,10
0.0094538519027329,0.0045402290141221,0.0,0.0,20.633906638028268,0.0084,0.7,10
0.0094435256724953,0.0045537757412583,0.0090760598780519,0.006842965260087,20.596619336096605,0.0084,0.7,10
0.004150777836476,0.0113588733727109,0.0,0.0,18.65891769261548,0.0084,0.7,10
0.0041676485176434,0.0113562675375588,-0.0001517802168222015,-0.0010311213326367,18.66390752468852,0.0084,0.7,10
0.0093903374047082,0.0044908450493353,0.0,0.0,20.85923023571762,0.0084,0.7,10
0.0093797544687283,0.0045041903768539,0.0085675029537586,0.0067192647819557,20.82298031650546,0.0084,0.7,10
0.0093277804251668,0.004440253469079,0.0,0.0,21.065210942412484,0.0084,0.7,10
0.009316945349057,0.00445339175796,0.0080740680005424,0.0065835923304344,21.029322868565124,0.0084,0.7,10
0.0041377356020922,0.0112794834580811,0.0,0.0,18.553659291836134,0.0084,0.7,10
0.0041545541200735,0.0112765547981079,-0.00015862461650776647,-0.0009642298174963166,18.559831606088068,0.0084,0.7,10
0.007820843801118,0.0007820843801118047,0.0,0.0,20.209219754286103,0.0084,0.7,10
0.0078144785242081,0.0008515606570933083,0.0,0.0,20.204929752871024,0.0084,0.7,10
0.0078064561173404,0.0007806456117340413,7.777134681002098e-05,-0.000823702923010622,20.207069601663854,0.0084,0.7,10
0.0078000689265352,0.0008503610764021674,6.688941013428495e-05,-0.0008448684647580578,20.208709327037933,0.0084,0.7,10
0.0092662039592024,0.0043884728644477,0.0,0.0,21.26727546022429,0.0084,0.7,10
0.009255121022556,0.0044013990821811,0.0075897299569043,0.0064312575584333,21.231684802878725,0.0084,0.7,10
0.0092056306620314,0.0043355222855245,0.0,0.0,21.43487576575955,0.0084,0.7,10
0.0091943034181117,0.0043482324257488,0.0071238877127983,0.0062754731391266,21.39992939708761,0.0084,0.7,10
0.0041231750484989,0.0112003578804015,0.0,0.0,18.44593096747693,0.0084,0.7,10
0.0041399318152084,0.0111971080991941,-0.00016019275576536457,-0.0008830139274419113,18.453140461369298,0.0084,0.7,10
0.0078092681735704,0.0009211330802152006,0.0,0.0,20.257297237815404,0.0084,0.7,10
0.0077946369078202,0.0009201594612433116,5.55239887934697e-05,-0.0008937915356031831,20.25985765060897,0.0084,0.7,10
0.0091460828068256,0.0042814212069276,0.0,0.0,21.60592697785964,0.0084,0.7,10
0.0091345138996616,0.004293912345904,0.0066837587773232,0.0061166945981817,21.571808545559428,0.0084,0.7,10
0.0041071015099281,0.011121525647986,0.0,0.0,18.340463951283937,0.0084,0.7,10
0.0041237897279454,0.011117956178949,-0.00015628933152120957,-0.0007903302133064994,18.34896995191268,0.0084,0.7,10
0.0078052141869158,0.0009907824521030678,0.0,0.0,20.293554077307338,0.0084,0.7,10
0.0077901471903759,0.0009900309762922138,4.3730222796513216e-05,-0.0009485068605656292,20.296112416776687,0.0084,0.7,10
0.0078023176828754,0.0010604895541563,0.0,0.0,20.34658967941762,0.0084,0.7,10
0.0077868443232847,0.0010599752953029,2.988039582832524e-05,-0.0010027122446456,20.348850367741413,0.0084,0.7,10
0.0090875822460041,0.0042261894894751,0.0,0.0,21.77225625758132,0.0084,0.7,10
0.0090757732631553,0.0042384597826858,0.0062519909658005,0.0059414528964588,21.738508067872218,0.0084,0.7,10
0.0090301503762898,0.0041698473382563,0.0,0.0,21.91093574306895,0.0084,0.7,10
0.0090181022503817,0.0041818954548928,0.0058338684369988,0.0057583955667015,21.87740933076144,0.0084,0.7,10
0.0040895208893606,0.0110430157287169,0.0,0.0,18.227770981848582,0.0084,0.7,10
0.0041061355069497,0.0110391277604154,-0.00014432785252660975,-0.0006819570280601351,18.237462947867453,0.0084,0.7,10
0.007800579460692,0.0011302351518424,0.0,0.0,20.3976967285179,0.0084,0.7,10
0.0077847326967853,0.0011299718900263,1.4547092107459777e-05,-0.001051997278029,20.399663797428914,0.0084,0.7,10
0.0078,0.0012,0.0,0.0,20.460405794489382,0.0084,0.7,10
0.0077838561515805,0.0012000102698612,-3.0544480711378838e-06,-0.001092369747107,20.461864598780934,0.0084,0.7,10
0.0089738082692703,0.0041124154251863,0.0,0.0,22.04956918204419,0.0084,0.7,10
0.0089615222791374,0.0041242394966086,0.0054296917109267,0.005566075186892,22.016702687806767,0.0084,0.7,10
0.0089185765968351,0.0040539148218592,0.0,0.0,22.1593664926816,0.0084,0.7,10
0.0089060552727209,0.0040655116676643,0.0050466929500329,0.0053746355508478,22.12719096423901,0.0084,0.7,10
0.004070439652081,0.0109648569959825,0.0,0.0,18.120544938533428,0.0084,0.7,10
0.0040869766785927,0.0109606515075244,-0.00012488400937181088,-0.0005582599085029159,18.131475437734483,0.0084,0.7,10
0.007800770578745,0.0012804504050114,0.0,0.0,20.52904542671712,0.0084,0.7,10
0.0077843348320594,0.0012807652871962,-2.339599462798287e-05,-0.0011302726147637,20.53015279904661,0.0084,0.7,10
0.007803082032754,0.0013608713032468,0.0,0.0,20.60909133797361,0.0084,0.7,10
0.0077864497614631,0.0013615088318962,-4.536092912387307e-05,-0.0011569773655871,20.60953623448668,0.0084,0.7,10
0.00780693351779,0.0014412332393496,0.0,0.0,20.693340573509357,0.0084,0.7,10
0.0077901681332653,0.0014421977764551,-6.70188116926868e-05,-0.0011694160113396,20.693008180677456,0.0084,0.7,10
0.0078123236227301,0.0015215067017279,0.0,0.0,20.78201433422548,0.0084,0.7,10
0.0077954784330414,0.0015227999824966,-8.83495675748597e-05,-0.0011690671977066,20.78082616412542,0.0084,0.7,10
0.0088644755640605,0.0039943669250166,0.0,0.0,22.288643352162204,0.0084,0.7,10
0.0088517234574486,0.0040057315516643,0.004673578927477,0.0051658892760498,22.256465189956053,0.0084,0.7,10
0.0040498648141142,0.010887078175522,0.0,0.0,18.013233192831347,0.0084,0.7,10
0.0040663206019212,0.0108825560480034,-9.699105592608284e-05,-0.0004226613915170037,18.025456095236656,0.0084,0.7,10
0.0078192503667842,0.0016016621769181,0.0,0.0,20.877382342911588,0.0084,0.7,10
0.0078023658317919,0.0016032843450497,-0.00010812179082676764,-0.0011553239987508,20.875327692466527,0.0084,0.7,10
0.0078277112019095,0.001681670203904,0.0,0.0,20.974876303918844,0.0084,0.7,10
0.0078108159259356,0.00168362068029,-0.00012593202337985137,-0.0011283285246155,20.97182623146105,0.0084,0.7,10
0.0078377030204,0.001761501427971,0.0,0.0,21.077043004175888,0.0084,0.7,10
0.0078208171682543,0.0017637793601316,-0.00014093300312225713,-0.0010881801255837,21.07308256200091,0.0084,0.7,10
0.0078492221635239,0.001841126627289,0.0,0.0,21.179963803570807,0.0084,0.7,10
0.0078323615662504,0.0018437309048889,-0.0001524776488024395,-0.0010357438011197,21.174801909793366,0.0084,0.7,10
0.0082724921923586,0.0031353773647463,0.0,0.0,22.7122315461909,0.0084,0.7,10
0.0083102479593947,0.0032064221586817,0.0,0.0,22.739843358053356,0.0084,0.7,10
0.0082572950647739,0.0031432679389216,0.0010490381803738,0.0019336437810033,22.686902049574424,0.0084,0.7,10
0.008295201704703,0.0032146040470313,0.001239652358745,0.0021945272041352,22.713483749161803,0.0084,0.7,10
0.0083493577001878,0.003276730795944,0.0,0.0,22.764109618496377,0.0084,0.7,10
0.0083344717059545,0.0032851989504341,0.0014451019433219,0.0024551852939737,22.73740201581645,0.0084,0.7,10
0.0088115250317501,0.0039337935870954,0.0,0.0,22.37348684401889,0.0084,0.7,10
0.008798549137669,0.0039449190989065,0.0043090359970648,0.0049486658299414,22.34172420227126,0.0084,0.7,10
0.0087597444745056,0.0038722170812835,0.0,0.0,22.4689850222092,0.0084,0.7,10
0.0087465534280761,0.0038830956492042,0.0039602486899921,0.0047242395396586,22.437808300680253,0.0084,0.7,10
0.0040278039256336,0.0108097077935859,0.0,0.0,17.90787262147699,0.0084,0.7,10
0.0040441738248217,0.0108048701788771,-5.931071620527695e-05,-0.0002729295882688128,17.921257028570015,0.0084,0.7,10
0.0082361042165401,0.0030636224218582,0.0,0.0,22.664895450826645,0.0084,0.7,10
0.0082207653046075,0.0030712171964608,0.0008715495278638667,0.0016749508932766,22.640384980143548,0.0084,0.7,10
0.008201097361997,0.0029911836162086,0.0,0.0,22.616081374272465,0.0084,0.7,10
0.0081856284446192,0.002998477214926,0.0007125089266659462,0.0014265832522701,22.59269832670886,0.0084,0.7,10
0.0081674844890259,0.0029180875583459,0.0,0.0,22.558322541591124,0.0084,0.7,10
0.0081518923591597,0.0029250773914989,0.0005679922864013835,0.001181758946569,22.535774261131365,0.0084,0.7,10
0.0081352778950428,0.0028443609857497,0.0,0.0,22.489687088326452,0.0084,0.7,10
0.0081195677382349,0.0028510453392149,0.00043733372343580327,0.0009433926072412025,22.46828353312,0.0084,0.7,10
0.0081044894034499,0.0027700309526139,0.0,0.0,22.414845774652257,0.0084,0.7,10
0.008088665088628,0.0027764087209111,0.00032151664405525763,0.0007146141559696175,22.39470748225496,0.0084,0.7,10
0.0080751303370145,0.0026951247869581,0.0,0.0,22.33136955424808,0.0084,0.7,10
0.0080591947856795,0.0027011952147823,0.0002207117412159667,0.0004978774717923688,22.31246994758007,0.0084,0.7,10
0.0080472114940478,0.0026196700416689,0.0,0.0,22.243110689781197,0.0084,0.7,10
0.0080311669571806,0.0026254325429192,0.00013364250448498878,0.0002909519175028802,22.225246765517397,0.0084,0.7,10
0.0080207431293676,0.002543694443512,0.0,0.0,22.14775509679496,0.0084,0.7,10
0.008004591428236,0.0025491484647048,5.869401326958877e-05,9.436436581090344e-05,22.13117607861052,0.0084,0.7,10
0.0079957349401979,0.0024672258405068,0.0,0.0,22.04697120500572,0.0084,0.7,10
0.0079794778980681,0.0024723706906663,-3.582265472827416e-06,-8.7789066886453e-05,22.03188237080001,0.0084,0.7,10
0.0078622643979078,0.0019205165419188,0.0,0.0,21.290244072088147,0.0084,0.7,10
0.0078454433871621,0.0019234456359646,-0.00015868117279404452,-0.0009672968227719602,21.28390655487889,0.0084,0.7,10
0.0079721960743663,0.002390292206414,0.0,0.0,21.942761251380176,0.0084,0.7,10
0.0079558361988814,0.002395126858929,-5.350214451714601e-05,-0.00025500633530748675,21.92899547238817,0.0084,0.7,10
0.0079501351858857,0.0023129218244779,0.0,0.0,21.83692454419598,0.0084,0.7,10
0.0079336775378787,0.0023174444631882,-9.260008663196136e-05,-0.000409278806412169,21.824305488686885,0.0084,0.7,10
0.0079295603479189,0.0022351430040174,0.0,0.0,21.728961085930987,0.0084,0.7,10
0.0079130124579173,0.0022393512551415,-0.00012231664902005005,-0.0005509047852804551,21.71767262569428,0.0084,0.7,10
0.0079104791106393,0.002156984271283,0.0,0.0,21.61820463943942,0.0084,0.7,10
0.0078938505724372,0.0021608754971318,-0.0001431306156768215,-0.0006775516981982712,21.60833154651261,0.0084,0.7,10
0.0078928984900718,0.0020784743520139,0.0,0.0,21.50714705843201,0.0084,0.7,10
0.0078761953778071,0.0020820470068048,-0.00015534265980313313,-0.0007878694359288479,21.498513974322844,0.0084,0.7,10
0.007876824951501,0.0019996421195984,0.0,0.0,21.397847347666627,0.0084,0.7,10
0.0078600569848235,0.0020028940729101,-0.00015994132341689754,-0.0008834951167512961,21.390346668800632,0.0084,0.7,10
0.0083898070583869,0.0033462774574427,0.0,0.0,22.7742579283464,0.0084,0.7,10
0.0083750903465182,0.0033550266150308,0.0016660527881854,0.0027178466685978,22.746735850831985,0.0084,0.7,10
0.0087091529423924,0.0038096600628119,0.0,0.0,22.53824344324385,0.0084,0.7,10
0.008695755136576,0.0038202845976468,0.0036265575417969,0.0044949871991647,22.50753140700591,0.0084,0.7,10
0.0086597690264859,0.003746145526787,0.0,0.0,22.622842454219573,0.0084,0.7,10
0.008646170369253,0.0037565113251056,0.0033000807443697,0.0042468460826738,22.59198454233549,0.0084,0.7,10
0.0086116108285665,0.0036816967628847,0.0,0.0,22.649225038353464,0.0084,0.7,10
0.0085978155414061,0.0036918005961828,0.002989382331406,0.0040034696395391,22.618442069976727,0.0084,0.7,10
0.0084315811592068,0.0034150365632812,0.0,0.0,22.774820429977588,0.0084,0.7,10
0.0084170407497268,0.0034240622802178,0.0019021485821012,0.0029798918453721,22.746412053436284,0.0084,0.7,10
0.0084746646345722,0.003482982821062,0.0,0.0,22.76466061807467,0.0084,0.7,10
0.0084603047906551,0.00349228215663,0.002153334352229,0.0032422628761831,22.73603108845938,0.0084,0.7,10
0.0085190416527474,0.0035500912715663,0.0,0.0,22.739523722361717,0.0084,0.7,10
0.0085048657354017,0.0035596618254412,0.0024166347273087,0.0034974954683976,22.710211120137984,0.0084,0.7,10
0.0085646959522302,0.0036163373314536,0.0,0.0,22.715874285283626,0.0084,0.7,10
0.0085507078084916,0.0036261763656662,0.0027003137304034,0.0037564234766545,22.686308796031486,0.0084,0.7,10
0.004004265059802,0.0107327741594931,0.0,0.0,17.804872706607032,0.0084,0.7,10
0.0040205419686339,0.0107276230221379,-1.1181398743597933e-05,-0.0001097495877777807,17.819493380314142,0.0084,0.7,10
0.0039792568706323,0.0106563055564879,0.0,0.0,17.705595018935046,0.0084,0.7,10
0.0039954314268449,0.010650843817712,4.84231260222206e-05,6.673610190839918e-05,17.721604357754515,0.0084,0.7,10
0.0039527885059521,0.010580329958331,0.0,0.0,17.61036140994404,0.0084,0.7,10
0.003968850685755,0.0105745611205039,0.00011998580007371215,0.00025595083486071324,17.62754905440257,0.0084,0.7,10
0.0039248696629854,0.0105048752130418,0.0,0.0,17.521141059737186,0.0084,0.7,10
0.0039408104856323,0.0104988027771843,0.00020352802901629012,0.0004553414746015256,17.539438151701145,0.0084,0.7,10
0.0041791561988819,0.0004179156198881955,0.0,0.0,19.669957543354705,0.0084,0.7,10
0.0041943360155238,0.0004194336015523878,8.295120663969594e-05,-0.0008576221641957993,19.66271071582339,0.0084,0.7,10
0.0041704095299718,0.0004976789651172505,0.0,0.0,19.66318712350832,0.0084,0.7,10
0.0041855575763996,0.0004994866683404544,9.04355834107154e-05,-0.0008038320991908414,19.660700677755816,0.0084,0.7,10
0.00389551059655,0.010429969047386,0.0,0.0,17.43485340928526,0.0084,0.7,10
0.0039113231551807,0.0104235960172568,0.0003004455707604521,0.0006651588480012161,17.45429815008851,0.0084,0.7,10
0.0041601406865973,0.0005772603119194418,0.0,0.0,19.70180160247197,0.0084,0.7,10
0.0041756117770259,0.0005794070775780931,0.00010338204211857098,-0.0007817740117102709,19.69814147035197,0.0084,0.7,10
0.0038647221049571,0.0103556390142502,0.0,0.0,17.360253650555244,0.0084,0.7,10
0.0038804012081714,0.0103489678734599,0.00041021543206318586,0.0008835684324665719,17.380991751762423,0.0084,0.7,10
0.0041483533554533,0.0006566311280309687,0.0,0.0,19.708992204220102,0.0084,0.7,10
0.0041641353747869,0.0006591292197078296,0.0001133270046949659,-0.0007501130317280911,19.70548231489257,0.0084,0.7,10
0.003832515510974,0.010281912441654,0.0,0.0,17.28921523065981,0.0084,0.7,10
0.0038480567660471,0.0102749454152835,0.0005340984099913438,0.0011100353117364,17.310770664557182,0.0084,0.7,10
0.0041350517790788,0.0007357627228506503,0.0,0.0,19.72151644767347,0.0084,0.7,10
0.0041510854020743,0.0007386156361867549,0.00012257868280889694,-0.000719431458628853,19.718072940337525,0.0084,0.7,10
0.0037989026380029,0.0102088163837913,0.0,0.0,17.224794679197164,0.0084,0.7,10
0.0038143020785926,0.0102015555433982,0.0006726548599214746,0.001344974038281,17.247202981136844,0.0084,0.7,10
0.0041202407683331,0.0008146263014203776,0.0,0.0,19.72305082999062,0.0084,0.7,10
0.0041364522322084,0.0008178315235576882,0.00012939273568038958,-0.0006824269633612813,19.719704462260047,0.0084,0.7,10
0.0037638957834598,0.0101363775781417,0.0,0.0,17.170730694673118,0.0084,0.7,10
0.0037791498168434,0.010128824829561,0.000825169837338808,0.0015849830257876,17.194078555881926,0.0084,0.7,10
0.0041039257097069,0.0008931930190089355,0.0,0.0,19.717055545340475,0.0084,0.7,10
0.0041202450735138,0.0008967448238602414,0.0001354431432868396,-0.0006455972598986315,19.71399656703355,0.0084,0.7,10
0.0037275078076413,0.0100646226352536,0.0,0.0,17.12371643595109,0.0084,0.7,10
0.0037426131218937,0.0100567797319231,0.000993314428878866,0.0018309382519295,17.148160361155977,0.0084,0.7,10
0.0040861125674571,0.000971434035881476,0.0,0.0,19.703480591448788,0.0084,0.7,10
0.0041024810224232,0.0009753254790308036,0.00014039190235706284,-0.0006099330947810061,19.700760051495717,0.0084,0.7,10
0.0036897520406052,0.0099935778413182,0.0,0.0,17.087399248591943,0.0084,0.7,10
0.0037047053694759,0.0099854464843937,0.0011759747443482,0.0020811418635509,17.112451441397145,0.0084,0.7,10
0.0036506422998121,0.0099232692040559,0.0,0.0,17.059296256210587,0.0084,0.7,10
0.0036654400687569,0.0099148512380424,0.001372615356513,0.0023321229662668,17.084967760022014,0.0084,0.7,10
0.0040668078805762,0.0010493205718381,0.0,0.0,19.68263268433105,0.0084,0.7,10
0.0040831783894927,0.0010535445016973,0.00014507305922431443,-0.0005773895913290277,19.68045947674428,0.0084,0.7,10
0.003610192941613,0.0098537225425572,0.0,0.0,17.040824174493732,0.0084,0.7,10
0.0036248308805195,0.0098450202158826,0.0015843032631496,0.0025842818873026,17.067292195129085,0.0084,0.7,10
0.0035684188407931,0.0097849634367187,0.0,0.0,17.03143984605415,0.0084,0.7,10
0.0035828917453316,0.0097759796223499,0.0018116961807394,0.0028381180097812,17.05864819849431,0.0084,0.7,10
0.0040460187546432,0.0011268239601087,0.0,0.0,19.65391678894928,0.0084,0.7,10
0.0040623550117307,0.0011313736385808,0.00014999717822243602,-0.0005496071802630965,19.652292594187266,0.0084,0.7,10
0.0035253353654277,0.0097170171789379,0.0,0.0,17.032358684744988,0.0084,0.7,10
0.0035396371974515,0.0097077554114707,0.0020535424409767,0.0030914203801499,17.059996398828396,0.0084,0.7,10
0.0040237528486255,0.0012039157001957,0.0,0.0,19.61843787073377,0.0084,0.7,10
0.0040400280251463,0.0012087852682656,0.00015591964431727002,-0.000527940283835322,19.61745872538081,0.0084,0.7,10
0.0034809583472525,0.0096499087284336,0.0,0.0,17.04315246539901,0.0084,0.7,10
0.0034950826496318,0.0096403730212501,0.0023088085316661,0.0033411012047155,17.071249400797804,0.0084,0.7,10
0.0040000183567345,0.0012805675092655,0.0,0.0,19.574989885047827,0.0084,0.7,10
0.0040162133569492,0.0012857521826565,0.00016405348014521617,-0.0005146358712940014,19.57486002458781,0.0084,0.7,10
0.0034353040477697,0.0095836626685463,0.0,0.0,17.06314518328797,0.0084,0.7,10
0.0034492444659946,0.0095738572036887,0.0025787598185037,0.0035877743910819,17.091914376382785,0.0084,0.7,10
0.0039748239854613,0.0013567513716968,0.0,0.0,19.52704690783444,0.0084,0.7,10
0.0039909252270219,0.0013622473080552,0.00017481971837108603,-0.0005102701625712746,19.527879049631604,0.0084,0.7,10
0.0033883891714334,0.0095183032371152,0.0,0.0,17.094169306072757,0.0084,0.7,10
0.0034021399132967,0.0095082320293254,0.0028637792192871,0.0038320334061903,17.123548076366205,0.0084,0.7,10
0.0039481789259467,0.0014324395864083,0.0,0.0,19.47082128796741,0.0084,0.7,10
0.0039641760587226,0.0014382435091868,0.00018954359785035052,-0.0005161597621351876,19.47254939600643,0.0084,0.7,10
0.003340230973514,0.0094538544732129,0.0,0.0,17.131508206805528,0.0084,0.7,10
0.0033537870670494,0.009443521119767,0.0031643767906731,0.0040734207054228,17.161284229495543,0.0084,0.7,10
0.0039200928218665,0.0015076048115969,0.0,0.0,19.41032129637776,0.0084,0.7,10
0.0039359772102263,0.0015137136929424,0.00020880594927021764,-0.0005327329755362801,19.413115690599767,0.0084,0.7,10
0.0032908470576075,0.009390339937188,0.0,0.0,17.18698653929528,0.0084,0.7,10
0.0033042042629105,0.009379747598787,0.0034783331523261,0.0043098127998797,17.217177759896163,0.0084,0.7,10
0.0038905757340271,0.001582220104094,0.0,0.0,19.34385466427984,0.0084,0.7,10
0.003906339898794,0.0015886310775462,0.0002339578647372524,-0.0005607427566199027,19.347906137902843,0.0084,0.7,10
0.0032402555254943,0.0093277829187164,0.0,0.0,17.250106129856356,0.0084,0.7,10
0.0032534099490231,0.0093169345534574,0.0038041862148257,0.0045375461507775,17.280745560300772,0.0084,0.7,10
0.0031884749682498,0.0092662064129045,0.0,0.0,17.3221327967672,0.0084,0.7,10
0.0032014225595343,0.0092551051678681,0.00414346787623,0.0047575187830013,17.353526534208864,0.0084,0.7,10
0.0038596386263533,0.0016562577317437,0.0,0.0,19.2737287121836,0.0084,0.7,10
0.0038752760833709,0.0016629681157476,0.0002659634092035737,-0.0006011900461817464,19.279065220936364,0.0084,0.7,10
0.0031355244359394,0.0092056330749833,0.0,0.0,17.395916825791776,0.0084,0.7,10
0.003148260540939,0.0091942827089088,0.0045016486125097,0.0049751697165695,17.427429430351758,0.0084,0.7,10
0.0038272929075762,0.0017296904346201,0.0,0.0,19.19730340519686,0.0084,0.7,10
0.0038427979377349,0.0017366977120206,0.0003064295539212606,-0.0006549620421684362,19.20401488577504,0.0084,0.7,10
0.0030814234031648,0.0091460851781407,0.0,0.0,17.49132881990407,0.0084,0.7,10
0.0030939426774681,0.0091344902308042,0.0048746485862955,0.0051885016786334,17.523102523778167,0.0084,0.7,10
0.003793550150396,0.0018024919573829,0.0,0.0,19.119348371010272,0.0084,0.7,10
0.003808917407826,0.0018097936560655,0.0003562165214134172,-0.000722784150385705,19.127403545649543,0.0084,0.7,10
0.0030261917307296,0.0090875845748136,0.0,0.0,17.59481731616384,0.0084,0.7,10
0.0030384885487846,0.0090757500825687,0.0052572255192855,0.0053887470134866,17.627187868229154,0.0084,0.7,10
0.0037584225077882,0.0018746360321275,0.0,0.0,19.03931994262742,0.0084,0.7,10
0.0037736466618724,0.0018822295771691,0.00041593956682560895,-0.0008033638303771431,19.048764172034776,0.0084,0.7,10
0.0029698496237101,0.0090301526617436,0.0,0.0,17.707082729975994,0.0084,0.7,10
0.0029819185843582,0.0090180837103831,0.0056544954583314,0.0055801143628736,17.74044446734177,0.0084,0.7,10
0.0029124177539958,0.0089738105105248,0.0,0.0,17.82941331825243,0.0084,0.7,10
0.0029242537802482,0.0089615121174772,0.00606866884789,0.0057659267916846,17.862953736273717,0.0084,0.7,10
0.00372192271136,0.0019460964340603,0.0,0.0,18.95641806472709,0.0084,0.7,10
0.0037369984965863,0.0019539791701656,0.0004874714586622185,-0.0008975141066920977,18.96770632119214,0.0084,0.7,10
0.0028539171931743,0.0089185787930723,0.0,0.0,17.95991871125079,0.0084,0.7,10
0.0028655152804407,0.0089060561478604,0.0064987172007253,0.0059442178563801,17.99372646789992,0.0084,0.7,10
0.0036840640645514,0.0020168470364112,0.0,0.0,18.87267919393173,0.0084,0.7,10
0.00369898652767,0.0020250163643619,0.0005721796979589255,-0.0010063786056128,18.88568516470317,0.0084,0.7,10
0.0027943693379685,0.0088644777144754,0.0,0.0,18.111617867831917,0.0084,0.7,10
0.0028057242971965,0.0088517364752956,0.0069413981917847,0.0061119648213191,18.14614179749776,0.0084,0.7,10
0.003644860430774,0.0020868618641821,0.0,0.0,18.78712629356396,0.0084,0.7,10
0.0036596247011119,0.0020953151353921,0.0006714451152020632,-0.001129973850558,18.80175420683896,0.0084,0.7,10
0.0027337960407975,0.0088115271355522,0.0,0.0,18.26852106318898,0.0084,0.7,10
0.0027449025094997,0.0087985734719814,0.0073992292904138,0.0062689868442809,18.30402321071755,0.0084,0.7,10
0.0026722195748331,0.0087597465309209,0.0,0.0,18.438406355484112,0.0084,0.7,10
0.0026830725185525,0.0087465865763114,0.0078746996350838,0.0064185477383956,18.474476297783237,0.0084,0.7,10
0.0036043262166116,0.0021561151463328,0.0,0.0,18.705367804664256,0.0084,0.7,10
0.003618927156108,0.0021648494574837,0.0007857269669334302,-0.0012673730351983,18.72164291302531,0.0084,0.7,10
0.0026096625952917,0.0087091549506646,0.0,0.0,18.62038601523752,0.0084,0.7,10
0.0026202579095734,0.0086957940138206,0.0083658606232037,0.0065583529016612,18.65699872565624,0.0084,0.7,10
0.0035624763502317,0.002224581366019,0.0,0.0,18.624022413313263,0.0084,0.7,10
0.0035769088385339,0.0022335937046609,0.0009162820497140902,-0.001417625781806,18.64215901572781,0.0084,0.7,10
0.002546148097267,0.0086597709858778,0.0,0.0,18.821616390430854,0.0084,0.7,10
0.0025564826561517,0.0086462133325946,0.0088714641971953,0.0066863407036184,18.859205003506847,0.0084,0.7,10
0.0035193262551845,0.0022922353085076,0.0,0.0,18.54512412739708,0.0084,0.7,10
0.0035335856309748,0.002301522836884,0.0010647876218357,-0.0015812899111536,18.56521918076092,0.0084,0.7,10
0.002481699370424,0.008611612738361,0.0,0.0,19.032502641776592,0.0084,0.7,10
0.0024917705765065,0.0085978620210272,0.0093968010060366,0.006804947640408,19.07109914036931,0.0084,0.7,10
0.0034748918197907,0.0023590521064087,0.0,0.0,18.467586000012805,0.0084,0.7,10
0.003488973722052,0.0023686120985361,0.0012330236504333,-0.0017592182393857,18.48931423077692,0.0084,0.7,10
0.0024163399750972,0.0085646978117279,0.0,0.0,19.26127895575884,0.0084,0.7,10
0.0024261452010031,0.0085507577560174,0.0099415954914649,0.0069148390022814,19.30049443231988,0.0084,0.7,10
0.002350093950343,0.0085190434612651,0.0,0.0,19.50249964337943,0.0084,0.7,10
0.0023596301067917,0.0085049185168725,0.0105038068960762,0.0070127739784639,19.54235284823313,0.0084,0.7,10
0.0034291893623466,0.0024250072818794,0.0,0.0,18.401829575788224,0.0084,0.7,10
0.0034430891222002,0.0024348367233504,0.0014191761217052,-0.0019473828295758,18.425466094682317,0.0084,0.7,10
0.0022829855339922,0.0084746663914485,0.0,0.0,19.770495968494014,0.0084,0.7,10
0.0022922490417276,0.0084603618962653,0.0110809315628741,0.0070969974530276,19.811499413160483,0.0084,0.7,10
0.0033822355923938,0.0024900767854714,0.0,0.0,18.33664241205896,0.0084,0.7,10
0.0033959478889145,0.0025001720814217,0.001626159704216,-0.0021455160615788,18.362453028603397,0.0084,0.7,10
0.0022150393093695,0.0084315828637969,0.0,0.0,20.049356549987984,0.0084,0.7,10
0.0022240265817538,0.0084171044132691,0.0116757816381335,0.007167161040826,20.0913004380766,0.0084,0.7,10
0.0033340475683263,0.0025542370313142,0.0,0.0,18.277910293955404,0.0084,0.7,10
0.0033475669475049,0.002564594321654,0.0018561174960904,-0.0023562957792009,18.305499413824823,0.0084,0.7,10
0.0021462802356795,0.0083898087100637,0.0,0.0,20.34529634445452,0.0084,0.7,10
0.0021549882291197,0.0083751612649119,0.0122921912491947,0.0072263189758472,20.38794419565701,0.0084,0.7,10
0.0020767336053072,0.0083493592983439,0.0,0.0,20.673051573810188,0.0084,0.7,10
0.00208515996024,0.0083345468092132,0.0129228404937283,0.0072699315093967,20.716549516553915,0.0084,0.7,10
0.0032846426516264,0.0026174649283449,0.0,0.0,18.22963612708478,0.0084,0.7,10
0.0032979642556481,0.002628080644379,0.0021070572719049,-0.0025754858327046,18.258709989901885,0.0084,0.7,10
0.0020064249981384,0.0083102495034426,0.0,0.0,21.014393469208983,0.0084,0.7,10
0.0020145678402302,0.0082952750811412,0.013571990327143,0.0072975569869812,21.05889004335109,0.0084,0.7,10
0.0019353802332552,0.0082724936817323,0.0,0.0,21.38927165835072,0.0084,0.7,10
0.0019432378719784,0.0082573600158118,0.0142385740030086,0.0073096991691326,21.43478686738097,0.0084,0.7,10
0.0032340384863482,0.0026797378731544,0.0,0.0,18.193694460517627,0.0084,0.7,10
0.0032471576767087,0.0026906084889976,0.0023785394210175,-0.0027997761325328,18.224665808530943,0.0084,0.7,10
0.0018636253183714,0.0082361056506956,0.0,0.0,21.76583597152865,0.0084,0.7,10
0.001871195901273,0.0082208156275218,0.0149308894820316,0.0073072359310597,21.811619893810438,0.0084,0.7,10
0.0031822540725129,0.002741032472988,0.0,0.0,18.16391463424103,0.0084,0.7,10
0.0031951654523439,0.0027521536811265,0.0026732133317429,-0.0030296583814836,18.19713690936387,0.0084,0.7,10
0.0017911865396596,0.0082010987404063,0.0,0.0,22.203745610143915,0.0084,0.7,10
0.0017984678606414,0.0081856558935582,0.0156360837182016,0.0072884610969491,22.250220494090676,0.0084,0.7,10
0.0031293083607841,0.0028013263257119,0.0,0.0,18.14005641316904,0.0084,0.7,10
0.0031420056033862,0.002812692773773,0.0029936983527419,-0.0032674135910971,18.174985955960626,0.0084,0.7,10
0.0017180905076658,0.0081674858111849,0.0,0.0,22.657434929684246,0.0084,0.7,10
0.001725080055601,0.008151894349694,0.0163428981225372,0.0072430237236887,22.70435801318508,0.0084,0.7,10
0.0030752202945805,0.0028605978640486,0.0,0.0,18.133079604017592,0.0084,0.7,10
0.0030876967908967,0.0028722036150837,0.003336761500111,-0.0035087256945923,18.169448771425625,0.0084,0.7,10
0.0016443639598578,0.008135279160467,0.0,0.0,23.13495131598897,0.0084,0.7,10
0.0016510588443862,0.0081195442862371,0.0170579038287243,0.0071738798902727,23.18269762081656,0.0084,0.7,10
0.0030200093748193,0.0029188256844154,0.0,0.0,18.13968934757599,0.0084,0.7,10
0.0030322590223115,0.0029306649154327,0.0037018543163882,-0.0037500357795926,18.177710357067493,0.0084,0.7,10
0.0015700339504175,0.0081044906116739,0.0,0.0,23.62356425692481,0.0084,0.7,10
0.0015764306095357,0.0080886194607777,0.0177912298128028,0.0070846227712758,23.67078065317512,0.0084,0.7,10
0.0014951278073545,0.0080751314875941,0.0,0.0,24.173218311003957,0.0084,0.7,10
0.0015012219710133,0.0080591336640489,0.0185273014699209,0.0069744768234127,24.21957568694669,0.0084,0.7,10
0.0014196730835473,0.0080472125865598,0.0,0.0,24.754916725527497,0.0084,0.7,10
0.0014254602877148,0.0080310993083195,0.0192388642919081,0.006829108772271,24.80111915894571,0.0084,0.7,10
0.0013436975057558,0.0080207441634112,0.0,0.0,25.349979591769724,0.0084,0.7,10
0.0013491738058622,0.0080045265260141,0.0199429445306255,0.0066533976290307,25.39631442761014,0.0084,0.7,10
0.0029636956415084,0.0029759885995251,0.0,0.0,18.1608971848797,0.0084,0.7,10
0.0029757133241097,0.0029880561305765,0.0040898619867318,-0.0039910081967403,18.20090617422848,0.0084,0.7,10
0.0012672289219956,0.0079957359153949,0.0,0.0,25.983586692801264,0.0084,0.7,10
0.0012723913215904,0.007979423463546,0.0206406314933,0.0064534263352079,26.0281175873599,0.0084,0.7,10
0.0011902954544788,0.0079721970342323,0.0,0.0,26.64224805952068,0.0084,0.7,10
0.0011951419912333,0.0079557969947265,0.0213254252777549,0.0062253989348478,26.68496894890572,0.0084,0.7,10
0.0029062996506561,0.0030320656887006,0.0,0.0,18.18985214177517,0.0084,0.7,10
0.0029180812273931,0.0030443570973469,0.0045035198263366,-0.0042321636399536,18.231792106483795,0.0084,0.7,10
0.0011129258135087,0.0079501362820922,0.0,0.0,27.357786927650924,0.0084,0.7,10
0.0011174553877365,0.0079336534600988,0.0219919723907067,0.0059706494401205,27.39962950699885,0.0084,0.7,10
0.001035147856772,0.0079295615820135,0.0,0.0,28.08459247190148,0.0084,0.7,10
0.0010393598854593,0.0079129989191004,0.0226409380986969,0.0056868233007463,28.124836920288477,0.0084,0.7,10
0.000956989696792962,0.0079104803802607,0.0,0.0,28.84132577750176,0.0084,0.7,10
0.0009608837995065744,0.0078938396452064,0.0232846496864339,0.0053798904858002,28.87972737804484,0.0084,0.7,10
0.0008784797981319813,0.0078928996549543,0.0,0.0,29.657619111644447,0.0084,0.7,10
0.0008820554716480252,0.0078761825344873,0.0238988838518455,0.0050497805920722,29.69318798110238,0.0084,0.7,10
0.0028478424467087,0.0030870363455463,0.0,0.0,18.23341907626379,0.0084,0.7,10
0.0028593844362631,0.0030995477618052,0.0049443617478072,-0.0044749528424107,18.27664162654186,0.0084,0.7,10
0.0007996469308942102,0.0078768258845991,0.0,0.0,30.488118937698147,0.0084,0.7,10
0.0008029029969673205,0.0078600368130055,0.0244623546518893,0.0046863993434411,30.521716008124816,0.0084,0.7,10
0.0007205201217788872,0.0078622650212813,0.0,0.0,31.321955499061723,0.0084,0.7,10
0.000723454041149893,0.0078454163840426,0.0250024139133459,0.0042967495089068,31.35285679855375,0.0084,0.7,10
0.0027883455307498,0.0031408803226399,0.0,0.0,18.30189427065669,0.0084,0.7,10
0.0027996448669843,0.0031536082511868,0.0054064478865485,-0.0047126716671903,18.346631917621767,0.0084,0.7,10
0.0006411286030486268,0.007849222468699,0.0,0.0,32.21623190714962,0.0084,0.7,10
0.0006437368849830719,0.0078323359996711,0.0254847105818707,0.0038870721498816,32.242660691921586,0.0084,0.7,10
0.0005615017598099881,0.0078377030651657,0.0,0.0,33.12720386531653,0.0084,0.7,10
0.0005637804585381607,0.0078208115422467,0.0258621110630327,0.0034439454967088,33.15158395794106,0.0084,0.7,10
0.0004816690760073776,0.0078277110716995,0.0,0.0,34.05172595596835,0.0084,0.7,10
0.0004836116866429384,0.007810883894318,0.0261153178469176,0.0029736190790225,34.073481909003725,0.0084,0.7,10
0.000401660079541046,0.0078192501652809,0.0,0.0,35.040302106758425,0.0084,0.7,10
0.0004032571405898917,0.0078026268796465,0.0260952393658895,0.0024723951623086,35.05709539599926,0.0084,0.7,10
0.0027278308247208,0.0031935777729221,0.0,0.0,18.3814714323436,0.0084,0.7,10
0.0027388847474214,0.0032065190301995,0.0058931828226203,-0.0049447001364134,18.428190745315035,0.0084,0.7,10
0.0003215042869266216,0.0078123234373357,0.0,0.0,35.98770067446241,0.0084,0.7,10
0.0003227476135149578,0.0077961287946213,0.0256753215225451,0.0019472971570832,35.9980636867433,0.0084,0.7,10
0.0002412311479182532,0.0078069333974674,0.0,0.0,37.05638509888901,0.0084,0.7,10
0.000242128245894408,0.0077913400976582,0.0248649202802136,0.0014063224649252,37.06294379537678,0.0084,0.7,10
0.0026663206319409,0.0032451092874795,0.0,0.0,18.477914338965917,0.0084,0.7,10
0.002677126378025,0.0032582606782999,0.0064072444437245,-0.0051735545893079,18.526352667259207,0.0084,0.7,10
0.000160869990519916,0.0078030819824363,0.0,0.0,37.842583787186285,0.0084,0.7,10
0.00016144874916687498,0.0077879828208661,0.0243087981183818,0.0009255238143674524,37.85256422648164,0.0084,0.7,10
8.044996680970128e-05,0.0078007705703498,0.0,0.0,39.34119733441517,0.0084,0.7,10
8.073452624990787e-05,0.007785917463567,0.0238003029426678,0.0004370645828408528,39.31279270255124,0.0084,0.7,10
0.0026038375942296,0.0032954559294392,0.0,0.0,18.59003913164263,0.0084,0.7,10
0.0026143918700066,0.0033088135781265,0.0069488668768638,-0.0053975953549761,18.639603874007637,0.0084,0.7,10
0.0,0.0078,0.0,0.0,39.05491239147622,0.0084,0.7,10
0.0,0.0077851441676341,0.0242219444442789,3.338419069805466e-05,39.188307871845694,0.0084,0.7,10
0.0025404046459504,0.0033445992637135,0.0,0.0,18.732985156448404,0.0084,0.7,10
0.0025507033642883,0.0033581581599126,0.0075134612440907,-0.0056139941625225,18.78369366047121,0.0084,0.7,10
0.0024760449653146,0.0033925213823555,0.0,0.0,18.89878482144496,0.0084,0.7,10
0.0024860835060529,0.0034062755598661,0.0080909982021411,-0.0058122283706989,18.951578862862224,0.0084,0.7,10
0.0024107819232984,0.003439204925313,0.0,0.0,19.061067451923154,0.0084,0.7,10
0.0024205556547155,0.0034531480632037,0.0086982017263379,-0.0060000201194411,19.11587888791461,0.0084,0.7,10
0.002344639030541,0.0034846330963909,0.0,0.0,19.27139214408952,0.0084,0.7,10
0.0023541436915722,0.0034987590485187,0.0093318643836815,-0.0061826679652804,19.326348862380968,0.0084,0.7,10
0.0022776398897457,0.0035287896696514,0.0,0.0,19.5022243889591,0.0084,0.7,10
0.0022868716969838,0.0035430926794636,0.0099730970870686,-0.0063412575325065,19.558404179566374,0.0084,0.7,10
0.002209809463494,0.0035716581772409,0.0,0.0,19.747306981983524,0.0084,0.7,10
0.0022187650932178,0.0035861329304318,0.0106382754866299,-0.0064838211434638,19.80560813226184,0.0084,0.7,10
0.002141172761161,0.003613222828288,0.0,0.0,20.01630365078386,0.0084,0.7,10
0.0021498493115244,0.003627864482265,0.0113291835417608,-0.006614385243179,20.07539868283841,0.0084,0.7,10
0.0020717543589985,0.0036534687457224,0.0,0.0,20.319868785323838,0.0084,0.7,10
0.0020801493255865,0.0036682729864351,0.0120374212147701,-0.0067272167540034,20.379289780628305,0.0084,0.7,10
0.0020015793108638,0.0036923813809412,0.0,0.0,20.654674993889245,0.0084,0.7,10
0.002009690508809,0.0037073443847934,0.0127589392458722,-0.0068176601476473,20.71549076672404,0.0084,0.7,10
0.0019306731144309,0.0037299465579567,0.0,0.0,21.01140150048721,0.0084,0.7,10
0.0019384983694717,0.0037450644903348,0.0135001081069103,-0.006887467503521,21.07392753973646,0.0084,0.7,10
0.0018590616736669,0.0037661505139203,0.0,0.0,21.397067470941696,0.0084,0.7,10
0.0018665985720285,0.0037814190205239,0.0142633762187038,-0.0069403541161489,21.45946655331677,0.0084,0.7,10
0.0017867712578787,0.0038009799357558,0.0,0.0,21.830629203096542,0.0084,0.7,10
0.0017940172434081,0.0038163942459524,0.0150267335479801,-0.0069666065378865,21.89184916780598,0.0084,0.7,10
0.0017138284576586,0.0038344219926501,0.0,0.0,22.27428236972894,0.0084,0.7,10
0.0017207808806547,0.0038499769469394,0.0157944003683219,-0.0069613429115198,22.33694027505891,0.0084,0.7,10
0.0016402601380676,0.003866464364179,0.0,0.0,22.763211864926436,0.0084,0.7,10
0.00164691612737,0.003882154036477,0.0165731545317654,-0.0069338304449324,22.82621139086737,0.0084,0.7,10
0.0015660933894191,0.0038970952638622,0.0,0.0,23.28233493041925,0.0084,0.7,10
0.0015724499268889,0.0039129129858424,0.0173470443135082,-0.0068754772119941,23.34525886132671,0.0084,0.7,10
0.001491355476033,0.0039263034579749,0.0,0.0,23.823355108214542,0.0084,0.7,10
0.0014974097045005,0.0039422424717675,0.0181280697378003,-0.0067903097847665,23.88506009368768,0.0084,0.7,10
0.0014160737833477,0.0039540782794622,0.0,0.0,24.41641058267658,0.0084,0.7,10
0.0014218232849219,0.0039701325112877,0.0189034569400866,-0.0066777730678451,24.47740696175359,0.0084,0.7,10
0.001340275763784,0.0039804096368355,0.0,0.0,25.03802841736137,0.0084,0.7,10
0.0013457186868316,0.0039965742668299,0.0196630505701196,-0.0065308871085015,25.098936297323142,0.0084,0.7,10
0.0012639888817672,0.0040052880179543,0.0,0.0,25.67781748116539,0.0084,0.7,10
0.0012691238998246,0.0040215597011685,0.0204222474551212,-0.0063561808416303,25.73754455279441,0.0084,0.7,10
0.0011872405583169,0.0040287044886274,0.0,0.0,26.363268198564587,0.0084,0.7,10
0.0011920666424059,0.0040450810087622,0.0211691337635866,-0.0061535827896684,26.421117182600195,0.0084,0.7,10
0.0011100583753068,0.0040506506148285,0.0,0.0,27.07080173921028,0.0084,0.7,10
0.0011145742910461,0.0040671293837071,0.02190318132215,-0.0059191761679254,27.12780155529888,0.0084,0.7,10
0.0010324713441096,0.0040711181416893,0.0,0.0,27.83804686193673,0.0084,0.7,10
0.0010366747774394,0.0040876926196413,0.0226162962398543,-0.0056567497682007,27.89406141491104,0.0084,0.7,10
0.0009545074927461202,0.0040900996865958,0.0,0.0,28.60622697460411,0.0084,0.7,10
0.000958394519643226,0.0041067557411663,0.0232936020311444,-0.0053585644922529,28.659779551250868,0.0084,0.7,10
0.0008761949241256909,0.0041075883989192,0.0,0.0,29.432367442004693,0.0084,0.7,10
0.0008797605407238572,0.0041243039573477,0.0239312602024948,-0.0050323795620301,29.48274759605723,0.0084,0.7,10
0.0007975620618710415,0.0041235779072868,0.0,0.0,30.308725187553907,0.0084,0.7,10
0.0008008016933797772,0.0041403275442414,0.0244800492297634,-0.0046705122916314,30.355532498076396,0.0084,0.7,10
0.0007186376030949594,0.0041380623479374,0.0,0.0,31.17011610794088,0.0084,0.7,10
0.0007215487359736034,0.0041548252488202,0.0249660744854457,-0.0042738331753147,31.214504760108323,0.0084,0.7,10
0.0006394504689841335,0.0041510363883873,0.0,0.0,32.08876695517736,0.0084,0.7,10
0.00064203208007898,0.0041677950942485,0.025392053751777,-0.003858533791449,32.12842949340634,0.0084,0.7,10
0.0005600297535686984,0.0041624952462576,0.0,0.0,33.01891705284519,0.0084,0.7,10
0.0005622796282820315,0.0041792177373493,0.0257045642388808,-0.0034099482006458,33.05573886973058,0.0084,0.7,10
0.0004804046710677472,0.0041724347031459,0.0,0.0,33.93405733220026,0.0084,0.7,10
0.00048232265518460967,0.0041890928724579,0.0259737997885549,-0.0029438048490426,33.9682477505481,0.0084,0.7,10
0.00040060450221018125,0.0041808511134467,0.0,0.0,34.97642853852959,0.0084,0.7,10
0.0004022080227946291,0.0041975860202041,0.026394204086455,-0.0024954615955283,35.004944353484966,0.0084,0.7,10
0.0003206585399375969,0.0041877414080581,0.0,0.0,35.920410792168106,0.0084,0.7,10
0.0003219407891754068,0.0042044873400988,0.0266447268429006,-0.0020135559367089,35.94304005007289,0.0084,0.7,10
0.00024059603490127464,0.004193103092936,0.0,0.0,36.95233164421512,0.0084,0.7,10
0.0002415373435632587,0.0042095081949237,0.0262846656885872,-0.0014764027301632,36.966284362527695,0.0084,0.7,10
0.00016044614116860942,0.0041969342424898,0.0,0.0,37.86042269796751,0.0084,0.7,10
0.0001610601675786785,0.0042129958799288,0.0259680501402611,-0.0009901513383805945,37.87288173294049,0.0084,0.7,10
0.0,0.004215894012383,0.0260200618819879,-3.179508495608782e-05,39.26723940302109,0.0084,0.7,10
8.054150550818353e-05,0.0042151245995243,0.0255670853528208,-0.0004642071158358791,39.23652813114727,0.0084,0.7,10
8.023786255546585e-05,0.0041992334878418,0.0,0.0,39.25754386333928,0.0084,0.7,10
0.0,0.0042,0.0,0.0,39.1270193681464,0.0084,0.7,10
