x,y,u,v,p,d,F,N
0.012,0.0122309570539492,0.3088158887582162,0.125523053726889,38.4144717896004,0.0054,0.45,4
0.0119999999999999,0.0122630051104125,0.2031876460433631,0.0586170745002113,60.07864317444224,0.0054,0.45,4
0.0119509761436426,0.0122384395652536,0.2109885396999019,0.0469312764604181,31.96204574171687,0.0054,0.45,4
0.0119418691643476,0.0122050653517104,0.3048149856775339,0.0690653874111088,25.86989396920318,0.0054,0.45,4
0.012,0.0121762932983775,0.4506629454786974,0.1986584934540136,24.733220101078576,0.0054,0.45,4
0.012,0.0121216295428058,0.5791130444108807,0.2490014730095483,16.78569941107859,0.0054,0.45,4
0.0119317309651803,0.0121455032761596,0.4630455213948635,0.1085259739044195,19.813935348313127,0.0054,0.45,4
0.011924669518051,0.0120644471705829,0.6535616812693671,0.157069308925158,14.196807908104494,0.0054,0.45,4
0.012,0.0120224665203345,0.7887955727270913,0.3116268902661768,11.165838584001394,0.0054,0.45,4
0.0093110942595678,0.0143277735648919,0.0103082755522245,-0.036933184344282,29.411123449522616,0.0054,0.45,4
0.0093431441226613,0.0142730540354247,0.0085986791691554,-0.029299273433087,29.52502207724917,0.0054,0.45,4
0.0093480970438124,0.0143370242609531,0.0046653877881691,-0.0177418294289245,29.54570535152782,0.0054,0.45,4
0.0119181140023144,0.0119578623350572,0.877430650806242,0.2041385139632792,9.515415623980244,0.0054,0.45,4
0.012,0.0119002629745002,1.0174608572692343,0.3574893609903513,6.734497124213796,0.0054,0.45,4
0.009266558543349,0.0143166396358372,0.0175139252766094,-0.05898449396484,29.265252626259,0.0054,0.45,4
0.0093148279462366,0.0142490004143329,0.0146759488611774,-0.0470117998170772,29.33374300268406,0.0054,0.45,4
0.0119129421566152,0.0118181189861914,1.1358144453131358,0.2454229551928481,5.941248024718195,0.0054,0.45,4
0.012,0.0117622862050001,1.2489758090080556,0.3862623626014618,3.7827405377753913,0.0054,0.45,4
0.0092069569631819,0.0143017392407954,0.0279864054966796,-0.086516747862755,28.93038290756607,0.0054,0.45,4
0.0092510389768115,0.0142390187816078,0.0260608484859253,-0.0780837906218311,29.08392022765088,0.0054,0.45,4
0.0119085887502717,0.0116907565561622,1.344418186430575,0.2673229277168577,3.7004861033947214,0.0054,0.45,4
0.012,0.0116369423528218,1.4368491086253066,0.398109385743172,1.828445795662116,0.0054,0.45,4
0.0091705143548139,0.0142140006031205,0.0427394008297441,-0.1158363726528075,28.71390390861184,0.0054,0.45,4
0.0091000443512452,0.0142750110878113,0.0485278946138005,-0.1317485195977626,28.55383866470084,0.0054,0.45,4
0.0119039219556777,0.0115788140149297,1.5095315781873555,0.2771267665618138,2.3415038432607527,0.0054,0.45,4
0.0119999999999999,0.0115222262493001,1.5934403183615784,0.4016925244566768,0.6626747577146087,0.0054,0.45,4
0.0090589917495344,0.0141790017945383,0.067946288611333,-0.163143694525526,28.304911080548013,0.0054,0.45,4
0.0089822986304158,0.0142455746576039,0.0735996588332072,-0.1751084433438542,28.122945615811307,0.0054,0.45,4
0.0118990961720244,0.0114611195609604,1.6680413386788866,0.2815247026405325,1.338141308337011,0.0054,0.45,4
0.012,0.0114017077219817,1.7447636744104014,0.4001009401971889,-0.157933995871252,0.0054,0.45,4
0.008927730199498,0.0141410239542646,0.0995478941678031,-0.2111220031939132,27.78809985187939,0.0054,0.45,4
0.0088544557920835,0.0142136139480208,0.1031326571962958,-0.2162859430455724,27.63898613184094,0.0054,0.45,4
0.0118942652087119,0.0113373866259117,1.8204594931086977,0.2814785598446335,0.5540554468077455,0.0054,0.45,4
0.012,0.0112750969362542,1.8905317474644392,0.3939308487451358,-0.7968786296624871,0.0054,0.45,4
0.0088056761308658,0.0141055063514636,0.1305354767243151,-0.2497439974244093,27.356191090864154,0.0054,0.45,4
0.0087301569542516,0.0141825392385629,0.1333265624647504,-0.2508429926303424,27.234441970519047,0.0054,0.45,4
0.0118898593857147,0.0112074973736812,1.966410967673068,0.2782553176791233,-0.0560937491242221,0.0054,0.45,4
0.012,0.0111420877775344,2.0304308819963466,0.3839315170006869,-1.2829427966983729,0.0054,0.45,4
0.0086966744233578,0.0140730448036947,0.1590108859660709,-0.2800220106331246,26.98592582450382,0.0054,0.45,4
0.0086173611093634,0.0141543402773408,0.1613975047832343,-0.2781154228598536,26.883389447034173,0.0054,0.45,4
0.0118866693669119,0.0110719473788671,2.1048914168384165,0.2731220164330215,-0.5320374861750824,0.0054,0.45,4
0.012,0.0110023599559798,2.164142465474565,0.3706054002647025,-1.6396335029183804,0.0054,0.45,4
0.0118819198880357,0.0109294143907661,2.23679248461308,0.264042418441188,-0.886333595855403,0.0054,0.45,4
0.012,0.0108564719303438,2.290484108165296,0.3546325098829341,-1.9050720328513528,0.0054,0.45,4
0.0118785714651475,0.0107813585240405,2.360226918740675,0.2540236395727972,-1.1626329042395689,0.0054,0.45,4
0.012,0.0107065081057484,2.4074418215610094,0.3366487775436007,-2.10250348739988,0.0054,0.45,4
0.0085821552245904,0.0140393638358413,0.189184519128082,-0.3078772206059926,26.608976560079444,0.0054,0.45,4
0.0084988117839924,0.0141247029459981,0.1912868827465549,-0.3033430472148894,26.518638585601792,0.0054,0.45,4
0.0118763649580107,0.0106293663604205,2.473761414192844,0.2430981275605791,-1.377866285082929,0.0054,0.45,4
0.012,0.0105533601102168,2.514393959669364,0.3171467887728026,-2.246744103992276,0.0054,0.45,4
0.0084615097594733,0.014004128316,0.2209081778012614,-0.3334284315244626,26.239994934349003,0.0054,0.45,4
0.0083741960137095,0.0140935490034273,0.2227043482002754,-0.3264778560262589,26.159783727584472,0.0054,0.45,4
0.0118750717270965,0.0104754316217665,2.5761792673430683,0.2313963720559886,-1.5452702516628951,0.0054,0.45,4
0.012,0.0103980306596272,2.610854687792984,0.2965533854912359,-2.3550219824248613,0.0054,0.45,4
0.0083343255201994,0.0139675059942939,0.2538237956480806,-0.3566005768891702,25.87559003505157,0.0054,0.45,4
0.0082432205341754,0.0140608051335438,0.255320916587775,-0.3475321874934904,25.80477800855404,0.0054,0.45,4
0.0082007518693507,0.0139298634459642,0.2873727064170848,-0.377227110915522,25.51878229117887,0.0054,0.45,4
0.0081055607807044,0.0140263901951761,0.2887616288601001,-0.3665252806863071,25.45413377570097,0.0054,0.45,4
0.0118745723335692,0.0103204608599644,2.667392935421964,0.2190663758159166,-1.6764377163746642,0.0054,0.45,4
0.012,0.0102426939196686,2.695946645324321,0.2753649462893787,-2.438483677746913,0.0054,0.45,4
0.0118741999982578,0.0101651615305098,2.74760416317768,0.2059364964789637,-1.780647355515535,0.0054,0.45,4
0.012,0.01008735717971,2.7702693065295683,0.253743916772553,-2.503530580301516,0.0054,0.45,4
0.0118740096852937,0.0100097788141894,2.817234044908954,0.1921911135942793,-1.867074842224668,0.0054,0.45,4
0.012,0.0099320204397515,2.834310275222298,0.2317592452438662,-2.5596660227790937,0.0054,0.45,4
0.0118739358755802,0.0098543911212626,2.876718284615737,0.1778895873106201,-1.9425953033481984,0.0054,0.45,4
0.012,0.0097766836997929,2.88845117457099,0.2094332952796052,-2.6124876340966767,0.0054,0.45,4
0.0118739055722037,0.0096990241959511,2.9264206707261367,0.1630571092980009,-2.012029000891628,0.0054,0.45,4
0.012,0.0096213469598343,2.932984225632038,0.1867554748911148,-2.6659696985777006,0.0054,0.45,4
0.0080612939150156,0.0138914023185454,0.3209378968122353,-0.3952212915461042,25.1719575341333,0.0054,0.45,4
0.0079608756253341,0.0139902189063335,0.3225961401415565,-0.3834763632449141,25.111562977753536,0.0054,0.45,4
0.011873887938844,0.0095436790944054,2.966621622898979,0.1477101154734599,-2.079030043692566,0.0054,0.45,4
0.012,0.0094660102198757,2.9681237456667966,0.1636918540974417,-2.7229059769249297,0.0054,0.45,4
0.0118738825782764,0.0093883418396416,2.9975213659420863,0.1318517698370533,-2.146278696681964,0.0054,0.45,4
0.012,0.0093106734799171,2.9940145044558784,0.1401921460337088,-2.7851492266248257,0.0054,0.45,4
0.0118738826484789,0.0092330049924866,3.0192448016603923,0.1154690486390686,-2.2154938263159294,0.0054,0.45,4
0.012,0.0091553367399585,3.0107375383094226,0.1161962050299082,-2.853760624196893,0.0054,0.45,4
0.0079160684165298,0.0138520958236535,0.3540115112702695,-0.4106453156566823,24.83780357228144,0.0054,0.45,4
0.0078119790791296,0.0139529947697824,0.3556592280992122,-0.3981469675216436,24.7842288993326,0.0054,0.45,4
0.012,0.0057674649681363,0.2934201470849621,-0.1163487323731577,39.409370744264166,0.0054,0.45,4
0.0119373685262696,0.0057528132532512,0.1618561494651689,-0.0257149829958916,30.17947536708555,0.0054,0.45,4
0.012,0.0057333492213341,0.1850784282459849,-0.0510111849725833,61.313176993632304,0.0054,0.45,4
0.0118738828314193,0.0090776679768858,3.031848483794392,0.0985415690377961,-2.287593349611285,0.0054,0.45,4
0.012,0.0089999999999999,3.018314216237053,0.0916390086129861,-2.92916891810822,0.0054,0.45,4
0.0118738834166683,0.0089223303780103,3.0353260427468824,0.0810458819292611,-2.362819747755552,0.0054,0.45,4
0.012,0.0088446632600414,3.016708698228522,0.0664548130762014,-3.0112344123553894,0.0054,0.45,4
0.0077673339628248,0.0138132301734519,0.3855100003087215,-0.4233152059859502,24.520995407099544,0.0054,0.45,4
0.0076621430996368,0.0139155357749092,0.3868366649932031,-0.4104603089436725,24.476588305972825,0.0054,0.45,4
0.0076172393620136,0.0137749747222796,0.4147322432418385,-0.4334146625837607,24.223983894313832,0.0054,0.45,4
0.0075114331298014,0.0138778582824503,0.4158325555938719,-0.4207067799184411,24.18792415497514,0.0054,0.45,4
0.0074664869781221,0.0137367929510402,0.4414421421456609,-0.4413395370288255,23.945551663006324,0.0054,0.45,4
0.0073602899589032,0.0138400724897258,0.4423379754541217,-0.4291246257139884,23.915959925003364,0.0054,0.45,4
0.012,0.00582141719154,0.4325118564805167,-0.1836881080124586,25.213188475840685,0.0054,0.45,4
0.0119163328690962,0.0057896947618636,0.2590002792187982,-0.0348697824855681,24.23727796103879,0.0054,0.45,4
0.0118738851573009,0.0087669911844335,3.0296106399016587,0.0629590325377161,-2.4407684345039224,0.0054,0.45,4
0.012,0.0086893265200828,3.0058289028484872,0.04058120195158,-3.099254415385513,0.0054,0.45,4
0.0073154156692549,0.0136988739240151,0.4654070778250697,-0.4473588929678023,23.68332891171241,0.0054,0.45,4
0.0072091466301362,0.013802286657534,0.4661198250850772,-0.4359318953220524,23.65934683558285,0.0054,0.45,4
0.0118738899076929,0.0086116481299671,3.014574784764466,0.0442630578239923,-2.5203737946442537,0.0054,0.45,4
0.012,0.0085339897801242,2.985526009052854,0.0139631453030288,-3.1919323361144745,0.0054,0.45,4
0.012,0.0058753694149437,0.55941269463085,-0.2362503100355166,16.96173807289525,0.0054,0.45,4
0.0119266645551484,0.005856231005373,0.4547169942732673,-0.0992947473615117,18.236706941375584,0.0054,0.45,4
0.0071642575708164,0.0136609940102358,0.4865195611887287,-0.4517581934710249,23.43543608500391,0.0054,0.45,4
0.0070580033013692,0.0137645008253423,0.4870665223554578,-0.4413388585578602,23.41586310801524,0.0054,0.45,4
0.0118739016854211,0.0084562970604389,2.9900280246866573,0.0249493922474219,-2.599856812987888,0.0054,0.45,4
0.012,0.0083786530401656,2.9555924279826016,-0.0134424885472308,-3.2872895046288164,0.0054,0.45,4
0.0119241654639859,0.0059428758974716,0.6600492609989047,-0.1509982551237625,12.673816356040438,0.0054,0.45,4
0.012,0.0059862495216911,0.7942992672083599,-0.3037279771998845,10.15032996021253,0.0054,0.45,4
0.0118739281806666,0.0083009321828743,2.95571257351328,0.0050235127855038,-2.6766148257772886,0.0054,0.45,4
0.012,0.008223316300207,2.915758171321135,-0.0416615403258251,-3.382515646006279,0.0054,0.45,4
0.0070130872906237,0.0136231584234461,0.504691148660204,-0.4547549529282574,23.19976143072404,0.0054,0.45,4
0.0069068599726021,0.0137267149931505,0.5050955712518631,-0.4455202211971884,23.18349975265216,0.0054,0.45,4
0.0119194141979709,0.0060542986862017,0.8971046225031011,-0.1941579280255098,7.858007321692741,0.0054,0.45,4
0.012,0.0061065602816605,1.0227226283726452,-0.3417898740623026,5.397365914627784,0.0054,0.45,4
0.0118739821582707,0.0081455479439203,2.911297353169016,-0.0154896101848668,-2.7470469047394825,0.0054,0.45,4
0.012,0.0080679795602484,2.8656854632541013,-0.0706957916002949,-3.473722597453658,0.0054,0.45,4
0.0118740814280694,0.007990143978115,2.8563715770598104,-0.0365380792349064,-2.8062679663868946,0.0054,0.45,4
0.012,0.0079126428202898,2.804960685690036,-0.1005141714045864,-3.55547954996036,0.0054,0.45,4
0.0068619254583261,0.0135853499053619,0.5198677946969394,-0.4565328413869993,22.974345812850075,0.0054,0.45,4
0.0067557166438351,0.0136889291609587,0.5201480970816728,-0.4486202441648848,22.960330015892783,0.0054,0.45,4
0.0067107727794847,0.0135475548165832,0.532015732791474,-0.4572420977318769,22.757270419452368,0.0054,0.45,4
0.0066045733150681,0.013651143328767,0.5321845194281188,-0.4507561191439392,22.744513523396943,0.0054,0.45,4
0.0119128369164994,0.0061916497193645,1.15648977226528,-0.2215209430324561,4.389228903926761,0.0054,0.45,4
0.012,0.0062388249265667,1.2512745513845558,-0.3605952373135107,2.366329786114894,0.0054,0.45,4
0.0119086621716962,0.0063094365305681,1.3557967554659298,-0.2322961855728146,2.1677975007640904,0.0054,0.45,4
0.012,0.0063630518015833,1.4439438880904598,-0.3631705791656496,0.3006696168481529,0.0054,0.45,4
0.0118742287799934,0.0078347389044002,2.790444823057934,-0.0580239601483598,-2.847824997787136,0.0054,0.45,4
0.012,0.0077573060803313,2.73308657980517,-0.1310374195576841,-3.620691232898948,0.0054,0.45,4
0.0118746196166667,0.0076793519300113,2.712902104037193,-0.0798932694468549,-2.864285413664114,0.0054,0.45,4
0.012,0.0076019693403727,2.649468154165691,-0.1621313219508455,-3.659063436418565,0.0054,0.45,4
0.0119040480628728,0.0064212455769267,1.5273603282829298,-0.2334003736775069,0.780863267255154,0.0054,0.45,4
0.012,0.00647777068757,1.6065614997169568,-0.3576838880989503,-0.9452786221649644,0.0054,0.45,4
0.0118991879955148,0.0065389130121001,1.6924588094498585,-0.228112730842138,-0.264992496103101,0.0054,0.45,4
0.012,0.0065982818062024,1.7637284561084303,-0.3460595887062787,-1.818936399597705,0.0054,0.45,4
0.01189425550824,0.0066626286341993,1.851036025645871,-0.2176998498425984,-1.0705942069616636,0.0054,0.45,4
0.012,0.0067248970080914,1.9149162999992384,-0.3290901245815952,-2.481398821620219,0.0054,0.45,4
0.0118894143372081,0.0067924954852706,2.0024932355697884,-0.2032838850385284,-1.6724390471071346,0.0054,0.45,4
0.012,0.00685790871064,2.059623873237563,-0.3076635783244938,-2.956990779180544,0.0054,0.45,4
0.0118849499824998,0.0069288148075928,2.1464108890537044,-0.1858681912400402,-2.1133631583550216,0.0054,0.45,4
0.012,0.0069976400440201,2.1973463880985538,-0.2825027783710093,-3.2807463557231187,0.0054,0.45,4
0.0118804719720984,0.0070713021048953,2.28184555315405,-0.1657521086269343,-2.4240699610514143,0.0054,0.45,4
0.012,0.0071435280696561,2.326756284553796,-0.2544796742307975,-3.4921353666010915,0.0054,0.45,4
0.0118753556849671,0.0075244457475817,2.6233019933200272,-0.1019552341645946,-2.8451304406741733,0.0054,0.45,4
0.012,0.0074466398897831,2.5533989199126883,-0.1935644935145374,-3.6617176564069016,0.0054,0.45,4
0.0118765763694031,0.0073707383705114,2.5214080684691176,-0.1239489559286871,-2.776468602697557,0.0054,0.45,4
0.012,0.0072934918942515,2.445672940735836,-0.2245687048470422,-3.6137897497893374,0.0054,0.45,4
0.0118782978617207,0.0072193183121522,2.4074129327986333,-0.1454159169612896,-2.641358992366929,0.0054,0.45,4
0.0065596255024305,0.0135097655346155,0.5411161255540194,-0.4570033404881743,22.546707255468167,0.0054,0.45,4
0.006453429986301,0.0136133574965752,0.5411811547118158,-0.4520206933840713,22.5342832384616,0.0054,0.45,4
0.0064084807012316,0.0134719785103535,0.5471626182184365,-0.4559111975124738,22.340894976184497,0.0054,0.45,4
0.006302286657534,0.0135755716643835,0.5471276807214582,-0.452484503275684,22.32791524840069,0.0054,0.45,4
0.0062573368721766,0.0134341922917668,0.5501598890097723,-0.4540370090853804,22.138120213038235,0.0054,0.45,4
0.006151143328767,0.0135377858321917,0.5500252028403699,-0.4521974358166947,22.12372153755526,0.0054,0.45,4
0.0061061933854922,0.0133964063410123,0.5501225652960992,-0.4514308253383589,21.93670514433684,0.0054,0.45,4
0.006,0.0135,0.5498849282652156,-0.4511897957383132,21.920036374166063,0.0054,0.45,4
0.0059550500099362,0.0133586204741529,0.5470745010837829,-0.4481228388140252,21.73499109227977,0.0054,0.45,4
0.0058488566712329,0.0134622141678082,0.5467273569283894,-0.4494731181240186,21.71520455932522,0.0054,0.45,4
0.0058039066682479,0.0133208346322709,0.5410484535289356,-0.4441244376516246,21.531327224994964,0.0054,0.45,4
0.0056977133424659,0.0134244283356164,0.5405819565959786,-0.4470406307144307,21.50757045153944,0.0054,0.45,4
0.0056527633366075,0.0132830487975367,0.5320861946671025,-0.4394289219856932,21.32405958481813,0.0054,0.45,4
0.0055465700136989,0.0133866425034247,0.5314873130451824,-0.4438674202384824,21.295467629034786,0.0054,0.45,4
0.0055016200082962,0.0132452629648311,0.5202390886315253,-0.4340119133182582,21.11151788199105,0.0054,0.45,4
0.0053954266849319,0.0133488566712329,0.5194917565058652,-0.4399102929974232,21.07720748323616,0.0054,0.45,4
0.0053504712154201,0.0132074800115762,0.5055688439852629,-0.4278316061418223,20.892001803815543,0.0054,0.45,4
0.0052442833561648,0.0133110708390412,0.5046544708519911,-0.4351072935141923,20.85107581051053,0.0054,0.45,4
0.0026826575546283,0.012670664388657,0.0077994023835391,-0.0282319448823749,14.245259125301065,0.0054,0.45,4
0.0026498959470007,0.0126624739867501,0.0036178181984852,-0.0138385284129969,14.128421981918146,0.0054,0.45,4
0.0026821380976513,0.012620043302211,0.0056202224391278,-0.022135420016817,14.256058844903604,0.0054,0.45,4
0.0051992999178179,0.0131697071872427,0.4881483230736069,-0.42082875740706,20.66377670552361,0.0054,0.45,4
0.0050931400273978,0.0132732850068494,0.4870471061026196,-0.4293768855381059,20.61532816568297,0.0054,0.45,4
0.0027240351183955,0.0126043421050942,0.0095568939752401,-0.0362653879871931,14.322130135668646,0.0054,0.45,4
0.0027325243960847,0.0126831310990211,0.0147308512364944,-0.0489577567498399,14.42999652363742,0.0054,0.45,4
0.00504808869546,0.0131319543123277,0.468064306523728,-0.4129263495838162,20.42506133013224,0.0054,0.45,4
0.0049419966986308,0.0132354991746577,0.4667560183153306,-0.4226167556689019,20.36815186385469,0.0054,0.45,4
0.0048968192849468,0.0130942522889039,0.4454223661807677,-0.404031127873094,20.17402689518496,0.0054,0.45,4
0.0047908533698637,0.0131977133424659,0.4438852184634276,-0.4147019806465231,20.10768842833064,0.0054,0.45,4
0.0027823912375412,0.0126955978093853,0.0221667379096237,-0.0688423009259745,14.598085047325426,0.0054,0.45,4
0.0027840251690123,0.0126200615525585,0.0174335132313572,-0.0593581552219846,14.53150745406436,0.0054,0.45,4
0.0047454707308527,0.0130566526016696,0.4203510799196199,-0.3940334003803485,19.90894539658128,0.0054,0.45,4
0.0046397100410967,0.0131599275102741,0.4185604005681998,-0.4054826876485072,19.83196718122016,0.0054,0.45,4
0.0028745877744926,0.0127186469436231,0.0376819305154256,-0.102263967977153,14.882515493946327,0.0054,0.45,4
0.0028697343515488,0.0126396045101744,0.0297759951264018,-0.0895379269845313,14.758877770948589,0.0054,0.45,4
0.0045942415634877,0.0130191716314528,0.3930363388711588,-0.3828059158951138,19.62810296108999,0.0054,0.45,4
0.0044885668701985,0.0131221417175496,0.3909332365767621,-0.394782074176937,19.5391580858439,0.0054,0.45,4
0.0029845941111687,0.0126629123904327,0.0482689347292545,-0.1265896563257916,15.306818764900868,0.0054,0.45,4
0.0030186849289138,0.0127546712322284,0.06395700775672,-0.1509634630122206,15.58117153256314,0.0054,0.45,4
0.0044431452460877,0.0129820427833397,0.3637016417716456,-0.3702302294991271,19.33009999918924,0.0054,0.45,4
0.0043378569003631,0.0130844642250907,0.3612751271768245,-0.3824280363111898,19.22832174674687,0.0054,0.45,4
0.0042926404413157,0.0129453581030359,0.3326745018564231,-0.3561698220154743,19.013977270045896,0.0054,0.45,4
0.0041880209208703,0.0130470052302175,0.3299224232121922,-0.3682387881985475,18.89833909688584,0.0054,0.45,4
0.0041434601141465,0.0129093028074222,0.3004072318651529,-0.3405139585820482,18.68013219956088,0.0054,0.45,4
0.0040391243746658,0.0130097810936664,0.2971838001165962,-0.3519819691242248,18.550838009172885,0.0054,0.45,4
0.0039967567940274,0.0128737140395807,0.2674446193547161,-0.3231374712628795,18.330526091563296,0.0054,0.45,4
0.0038944392192955,0.0129736098048238,0.2641623934070854,-0.3338438211677269,18.190641841167903,0.0054,0.45,4
0.0031179692284002,0.0126904867546528,0.0731706569926281,-0.1645107672048853,15.780072657454552,0.0054,0.45,4
0.0031462764085263,0.0127865691021316,0.0905406816631255,-0.1880383740424438,15.955363184503874,0.0054,0.45,4
0.0032389913735037,0.0127158899416046,0.0976642433153819,-0.1947689773567487,16.177421609026965,0.0054,0.45,4
0.0032698386690779,0.0128174596672694,0.1177581183817276,-0.2198131014880847,16.373051947063633,0.0054,0.45,4
0.0038543267096253,0.0128441562678181,0.2353695693271708,-0.3051365249652184,17.973978238219612,0.0054,0.45,4
0.0037567810249241,0.012939195256231,0.2319543501376548,-0.3141239027447278,17.828298565350995,0.0054,0.45,4
0.0037192736843342,0.0128144947041707,0.2043189175943403,-0.2855656758047406,17.61464946991857,0.0054,0.45,4
0.003625808507857,0.0129064521269642,0.200924823376756,-0.2928410037204966,17.463175998427403,0.0054,0.45,4
0.0033501206514265,0.0127386051011242,0.1213138066156804,-0.2195059099847736,16.537536470434333,0.0054,0.45,4
0.0033826366578887,0.0128456591644721,0.1435853104541856,-0.2456373057813064,16.735797975092893,0.0054,0.45,4
0.0034669438325582,0.0127625865526384,0.147069757782603,-0.2428624713343105,16.893172647856634,0.0054,0.45,4
0.0035011959624331,0.0128752989906082,0.1713808909714581,-0.2700058640776758,17.098260765145728,0.0054,0.45,4
0.0035899132918133,0.0127877901882159,0.1748005926672236,-0.2648707139777004,17.25368417196961,0.0054,0.45,4
0.0093168947392542,0.0023292236848135,0.0094145873138727,-0.0339727373897326,29.75285348686721,0.0054,0.45,4
0.0093499125537031,0.0023374781384257,0.0043967414795792,-0.016787437875605,29.959786402941763,0.0054,0.45,4
0.0093173803619409,0.0023796515803275,0.0068100132454282,-0.0268776064098778,29.85077508478654,0.0054,0.45,4
0.0092753965446172,0.0023188491361543,0.0160535351513266,-0.0546846095025502,29.57884216927472,0.0054,0.45,4
0.0092733076850111,0.0023949353486275,0.0117665393202331,-0.0448315959065262,29.752599810781085,0.0054,0.45,4
0.0092169375896038,0.0023042343974009,0.0261327209626873,-0.0821743795614579,29.414169495036685,0.0054,0.45,4
0.0092159095182612,0.002376944607423,0.0207729343975802,-0.0713836143850691,29.530194428863947,0.0054,0.45,4
0.0091287616337735,0.0023563327146297,0.0354757506508936,-0.1075994526735159,29.1693994970385,0.0054,0.45,4
0.0091003660459674,0.0022750915114918,0.0484467515844213,-0.1316605339727449,28.91000092249824,0.0054,0.45,4
0.0090151677057811,0.0023340567299286,0.0568539102287805,-0.1487586525024995,28.694456158173512,0.0054,0.45,4
0.008981303633547,0.0022453259083867,0.0738256742293076,-0.1754560661555924,28.45592546765453,0.0054,0.45,4
0.0088868581880467,0.0023108028692388,0.0833848050082304,-0.1887082993858634,28.21581165252549,0.0054,0.45,4
0.0088537075586912,0.0022134268896728,0.1033115316253038,-0.2165098412344112,27.9633243066048,0.0054,0.45,4
0.0087606730714549,0.0022839141902335,0.1119865201026051,-0.223308116771962,27.75775125157408,0.0054,0.45,4
0.0087301618344518,0.0021825404586129,0.1333253997160448,-0.2508396211472246,27.51494804797432,0.0054,0.45,4
0.0086495455464114,0.0022617965976914,0.1380996181456197,-0.2495749274835401,27.37794289930989,0.0054,0.45,4
0.0086173636703332,0.0021543409175833,0.1613971303068284,-0.2781167628068985,27.12686843055361,0.0054,0.45,4
0.0085327778175531,0.0022379510733403,0.1663031996866548,-0.2739549991928153,27.0100489639561,0.0054,0.45,4
0.0084988042363335,0.0021247010590833,0.1912887443752983,-0.3033450542700799,26.753737792546804,0.0054,0.45,4
0.0084097130849657,0.0022126865568815,0.1964115730077576,-0.2965183223159231,26.64039255082631,0.0054,0.45,4
0.0083741916065156,0.0020935479016289,0.2227052339375691,-0.3264791647407115,26.38175311240146,0.0054,0.45,4
0.0082803495367007,0.0021856040055957,0.2281370229764916,-0.3173300580043923,26.27391088321748,0.0054,0.45,4
0.0082432190127454,0.0020608047531863,0.2553208840195106,-0.3475325980560343,26.01419669866044,0.0054,0.45,4
0.0081448301603817,0.0021564389707324,0.2610719132615368,-0.336440697366844,25.91249318485995,0.0054,0.45,4
0.0081055607807045,0.0020263901951761,0.2887610616755599,-0.3665252082250573,25.6521840016382,0.0054,0.45,4
0.0080033853146613,0.0021252121137172,0.2947010481865157,-0.3538593093683589,25.55768930324243,0.0054,0.45,4
0.0079608756253341,0.0019902189063335,0.3225954883253667,-0.3834761494349507,25.296710161250545,0.0054,0.45,4
0.0078564886159608,0.0020909256646616,0.328548968235118,-0.36981982062276,25.21234839430485,0.0054,0.45,4
0.0078119790791296,0.0019529947697824,0.3556586292836142,-0.3981467804778621,24.95486422734943,0.0054,0.45,4
0.0077071644320898,0.0020548157036609,0.3613626969433507,-0.3840081584778982,24.88233426817009,0.0054,0.45,4
0.0076621430996368,0.0019155357749092,0.3868361268184555,-0.4104600267112335,24.632562536407253,0.0054,0.45,4
0.0075567289971153,0.0020180610554877,0.3923723967452577,-0.3963406911695987,24.57169227750258,0.0054,0.45,4
0.0075114331298014,0.0018778582824503,0.4158320588596698,-0.4207065121408184,24.330480941685337,0.0054,0.45,4
0.0074056853081034,0.0019808908377084,0.4211791007986754,-0.4069800561384995,24.27949423598591,0.0054,0.45,4
0.0073602899589032,0.0018400724897258,0.4423375637478702,-0.4291243794857478,24.04666733476691,0.0054,0.45,4
0.0072544214942332,0.0019434446750638,0.4474896311351916,-0.4161015243087132,24.00437980996733,0.0054,0.45,4
0.0072091466301362,0.001802286657534,0.4661194625417683,-0.4359316589521936,23.779674651618123,0.0054,0.45,4
0.007103149829889,0.0019058245952698,0.471104304531345,-0.4238698417794118,23.74455363729822,0.0054,0.45,4
0.0070580033013691,0.0017645008253422,0.4870662163535177,-0.4413386277174471,23.527420350920703,0.0054,0.45,4
0.0069519187144942,0.001868099931266,0.4918963996459806,-0.4304333869746534,23.498016816310194,0.0054,0.45,4
0.0069068599726021,0.0017267149931505,0.5050953185511685,-0.4455200051142561,23.28768195374157,0.0054,0.45,4
0.0068007200982548,0.0018303259607722,0.5097800133099201,-0.4359194554305037,23.262801763224584,0.0054,0.45,4
0.0067557166438351,0.0016889291609587,0.520147897805185,-0.4486200521413725,23.058410551781467,0.0054,0.45,4
0.0066495444104191,0.0017925358473026,0.5246951436043298,-0.4404354136962716,23.03697728519397,0.0054,0.45,4
0.0066045733150681,0.001651143328767,0.5321843722779144,-0.4507559581028457,22.837650272928432,0.0054,0.45,4
0.0064983851453307,0.0017547395628948,0.5366016607285626,-0.4440693714730264,22.81867299002332,0.0054,0.45,4
0.006453429986301,0.0016133574965752,0.5411810581223975,-0.4520205692772896,22.623556281160244,0.0054,0.45,4
0.0063472381181581,0.0017169516179099,0.5454749230808531,-0.4468887893107848,22.60608674030026,0.0054,0.45,4
0.006302286657534,0.0015755716643835,0.5471276336940327,-0.4524844190140007,22.414329897127136,0.0054,0.45,4
0.0061960936611363,0.0016791654392877,0.5513034213494451,-0.4489431088770341,22.397463503373192,0.0054,0.45,4
0.006151143328767,0.0015377858321917,0.5500252039791645,-0.4521973924918719,22.20824777525694,0.0054,0.45,4
0.0060449499952511,0.0016413795307344,0.5540856866933933,-0.4502623118498143,22.191084331057706,0.0054,0.45,4
0.006,0.0015,0.5498849766565422,-0.451189793411987,22.00361052429633,0.0054,0.45,4
0.0058938066324011,0.0016035936760257,0.5538298797454129,-0.4508579680130182,21.985268895372062,0.0054,0.45,4
0.0058488566712329,0.0014622141678082,0.5467274518379635,-0.4494731562284083,21.79874148129775,0.0054,0.45,4
0.0057426631867199,0.0015658077649644,0.5505531262521769,-0.4507235222577446,21.778349510784523,0.0054,0.45,4
0.0056977133424659,0.0014244283356164,0.5405820975499993,-0.4470407080101072,21.591973543349088,0.0054,0.45,4
0.0055915194824467,0.0015280216688579,0.5442812578703932,-0.4498342207229216,21.568661094766004,0.0054,0.45,4
0.0055465700136989,0.0013866425034247,0.531487499876918,-0.4438675348211121,21.381639282198307,0.0054,0.45,4
0.0054403750365774,0.0014902349987599,0.5350489740899483,-0.4481467151995849,21.35453022640688,0.0054,0.45,4
0.0053954266849319,0.0013488566712329,0.5194919892368832,-0.4399104417838201,21.16606187867604,0.0054,0.45,4
0.0052892286974211,0.0014524466675317,0.5229003837693879,-0.4455983046676114,21.13426531096275,0.0054,0.45,4
0.0052442833561648,0.0013110708390412,0.5046547487787129,-0.4351074708614189,20.943547551359988,0.0054,0.45,4
0.0,0.0092305844715169,0.1948267680347496,-2.8400936498168675e-05,39.065522529118105,0.0054,0.45,4
6.352762616845433e-05,0.0092474452424582,0.1497354015653536,0.003232109710894,39.07965724716114,0.0054,0.45,4
0.0,0.0092673470668372,0.0937035707665136,1.641559763052411e-05,38.76707443681765,0.0054,0.45,4
0.0051380782804029,0.0014146539191383,0.5078898763706857,-0.4421057338827304,20.90614705067232,0.0054,0.45,4
0.0050931400273978,0.0012732850068494,0.4870474267706761,-0.4293770830818036,20.71237879164596,0.0054,0.45,4
0.0,0.0091899795849462,0.3021992783817422,1.3618504286248038e-05,39.13966342349609,0.0054,0.45,4
8.337724779377885e-05,0.0092093565811434,0.2532130415910723,0.0070089011569973,38.77670461766751,0.0054,0.45,4
0.0049869212947958,0.0013768506017385,0.4900833836003131,-0.437563427272282,20.66841805634005,0.0054,0.45,4
0.0049419966986308,0.0012354991746577,0.4667563809103427,-0.4226169603867927,20.47079835580394,0.0054,0.45,4
0.0,0.0091263209508739,0.4627066585222707,-1.6305107122054236e-05,39.02387626269863,0.0054,0.45,4
7.262736854992481e-05,0.0091459029215438,0.4150129878221747,0.0092977615651252,38.98585636930057,0.0054,0.45,4
0.004835759944271,0.0013390256413734,0.4695605977240011,-0.4318410453883414,20.41928472677636,0.0054,0.45,4
0.0047908533698638,0.0011977133424659,0.4438856118233578,-0.4147021847263821,20.217030611516144,0.0054,0.45,4
7.466750539774734e-05,0.0090590496239047,0.620631471641516,0.0136092649994842,38.86900753358768,0.0054,0.45,4
0.0,0.0090154681388059,0.7186745312996762,5.8800482013163744e-08,39.0507167349941,0.0054,0.45,4
0.0046846189509837,0.001301172134987,0.4464218190678042,-0.424782224954855,20.156860389587724,0.0054,0.45,4
0.0046397100410967,0.0011599275102741,0.4185608335340638,-0.4054828777547742,19.949075026445428,0.0054,0.45,4
0.0027936702671685,0.0006984175667921,0.023918784270397,-0.0731741427521694,14.886602792022956,0.0054,0.45,4
0.0027521809746591,0.0007644987275621,0.0228404154978435,-0.0674759412558174,14.77886646642287,0.0054,0.45,4
0.0027254684554707,0.0006813671138676,0.0136907122771934,-0.0461367092996392,14.660671105453403,0.0054,0.45,4
8.109886568431721e-05,0.0089472092938276,0.8633829717943496,0.0190879475160191,38.925899254875766,0.0054,0.45,4
0.0,0.0088943050339581,0.9704818073385988,-3.307999793999705e-06,39.16959355925236,0.0054,0.45,4
0.004533553447932,0.0012631314812449,0.4207666861328574,-0.4161817361697297,19.879311689701264,0.0054,0.45,4
0.0044885668701985,0.0011221417175496,0.390933715688582,-0.3947822790314815,19.665375787932284,0.0054,0.45,4
0.0028295574521084,0.0007869186234502,0.0366541134113195,-0.0982639536013216,15.138671327520507,0.0054,0.45,4
0.0029018928421704,0.0007254732105426,0.0425427927434798,-0.1116792367575101,15.442475946328312,0.0054,0.45,4
0.0026870855661662,0.0007569960093299,0.0129952253053469,-0.0410222019425547,14.540425169559612,0.0054,0.45,4
0.0026809263671368,0.0006702315917842,0.0075717475401754,-0.0274515646386541,14.549624695957457,0.0054,0.45,4
0.0026568686973067,0.0007284696884827,0.0073394190028688,-0.0247131595877426,14.352376836711418,0.0054,0.45,4
0.0026519001269347,0.0006629750317336,0.0038711793763472,-0.0147102807962944,14.463400110794993,0.0054,0.45,4
8.650521413045001e-05,0.0088091752587004,1.1332751239676042,0.0241352360211924,38.92901204846647,0.0054,0.45,4
0.0,0.0087610637630733,1.2216478546424543,1.4753149768599506e-06,39.19495741598962,0.0054,0.45,4
0.00438281323273,0.0012249850077826,0.3927906559851747,-0.4058377856629473,19.585167615262588,0.0054,0.45,4
0.0043378569003631,0.0010844642250907,0.3612756311589003,-0.3824282241351886,19.364407165127137,0.0054,0.45,4
0.0042327907766837,0.0011866926356393,0.3627338438069967,-0.393511992085355,19.27296728048317,0.0054,0.45,4
0.0041880209208703,0.0010470052302175,0.3299228917762758,-0.3682389249304325,19.045337437665182,0.0054,0.45,4
0.0039385976984722,0.0011092766787355,0.2979636507864959,-0.362015865076118,18.59589681772009,0.0054,0.45,4
0.0038944392192954,0.0009736098048238,0.2641626117153813,-0.3338436385360499,18.356227025107387,0.0054,0.45,4
0.0040391243746658,0.0010097810936664,0.297184331012824,-0.351982133561348,18.707505706077328,0.0054,0.45,4
0.0040840383382165,0.0011483183327677,0.3309429867229724,-0.3789741493275229,18.94235981887614,0.0054,0.45,4
0.0029467445077092,0.0008221997388628,0.0602492550811488,-0.1412792203282546,15.607006774908546,0.0054,0.45,4
0.0030192883495388,0.0007548220873847,0.0641054495563073,-0.151091129603754,15.781453633237144,0.0054,0.45,4
0.0037991724655492,0.0010704089727399,0.2648574041438764,-0.3428480747859799,18.23923983115193,0.0054,0.45,4
0.0037567794658245,0.0009391948664561,0.2319540418948761,-0.3141232740717046,18.00048686327892,0.0054,0.45,4
0.0036657654718942,0.001032676875451,0.2322753298876684,-0.3216355064468237,17.87714948792507,0.0054,0.45,4
0.0036258039862904,0.0009064509965726,0.2009234879657317,-0.2928398029464791,17.643204225072783,0.0054,0.45,4
0.0035387287051983,0.0009959837178833,0.2006969804066534,-0.2984513406993591,17.512016625061964,0.0054,0.45,4
0.0035011882160075,0.0008752970540018,0.1713791309321211,-0.2700026454414349,17.285703989489654,0.0054,0.45,4
0.0030789390705224,0.0008627759654278,0.0893609292181146,-0.1852710644797095,16.012927825804187,0.0054,0.45,4
0.0031482528378711,0.0007870632094677,0.0909543552321479,-0.1885907218202558,16.18653730532522,0.0054,0.45,4
0.0031942742838568,0.0008946334806,0.1158591706090625,-0.2183942779468518,16.41729587641426,0.0054,0.45,4
0.0032698431070716,0.0008174607767679,0.1177647285780403,-0.2197995670813256,16.5791883176272,0.0054,0.45,4
0.0033034791784797,0.0009269158981163,0.1422695649314802,-0.2467939263083134,16.77998797207023,0.0054,0.45,4
0.0033826389083867,0.0008456597270966,0.1435836670863862,-0.2456401361463783,16.928096730661537,0.0054,0.45,4
0.0034181131347596,0.0009606688808032,0.1705969779557355,-0.2734696709612227,17.146434148497125,0.0054,0.45,4
9.055787860331264e-05,0.0086905142424855,1.3419357248335937,0.0273684417213674,38.981151912646745,0.0054,0.45,4
0.0,0.0086369475187465,1.4307892199437149,1.2348339208369111e-06,39.31631640446173,0.0054,0.45,4
9.566052941677924e-05,0.0085793852711833,1.5195841863232735,0.0300863881379981,39.00184854867728,0.0054,0.45,4
0.0,0.0085222288894882,1.6059777198934455,-1.2909961438464583e-06,39.38692233466624,0.0054,0.45,4
0.0001007178951663,0.008461412170817,1.691557106352425,0.03233055498382,38.99664635349581,0.0054,0.45,4
0.0,0.0084017181937975,1.7740160133086722,-6.787295765057922e-07,39.40902772195327,0.0054,0.45,4
0.0001057872365624,0.0083375859542962,1.85580172596426,0.0340940787772007,39.009455250546296,0.0054,0.45,4
0.0,0.0082751029919085,1.9344063703991587,-9.55826632545179e-07,39.44012644459526,0.0054,0.45,4
0.0001105730824709,0.00820750024521,2.012200525889791,0.0352381064522482,39.02643721768359,0.0054,0.45,4
0.0,0.0081420912893599,2.086807244657639,-1.1344452656455305e-06,39.46832043864343,0.0054,0.45,4
0.0001148877600789,0.0080712322148516,2.1599897137093502,0.0357113935533702,39.04839769695133,0.0054,0.45,4
0.0,0.0080023599559798,2.230816910199942,-1.3447429335631893e-06,39.49450061105855,0.0054,0.45,4
0.0001186417899086,0.0079288416075812,2.298518284370108,0.0355089170473587,39.07418083217562,0.0054,0.45,4
0.0,0.0078564719303438,2.3651724755980017,-1.3969339805607355e-06,39.522395445364765,0.0054,0.45,4
0.0001215254070309,0.0077810187223184,2.42668217246427,0.0345917706697914,39.10530571443878,0.0054,0.45,4
0.0,0.0077065081057484,2.4877491010531005,-1.5003741375023242e-06,39.55120920290664,0.0054,0.45,4
0.0001235663920582,0.00762955643918,2.542856948715773,0.0330624596999116,39.13963862533464,0.0054,0.45,4
0.0,0.0075533601102168,2.598023257491236,-1.6209819552550936e-06,39.57845418611288,0.0054,0.45,4
0.0001249609684062,0.0074760247862776,2.646218503443024,0.0310794458295743,39.17401222205632,0.0054,0.45,4
0.0,0.0073980306596272,2.6956488664015894,-1.6850870002825094e-06,39.60610176056966,0.0054,0.45,4
0.000125354002152,0.0073207277206177,2.73712450673272,0.0286431692429476,39.20897287771104,0.0054,0.45,4
0.0,0.0072426939196686,2.780006378182428,-1.649605605400497e-06,39.63142695106025,0.0054,0.45,4
0.0001257116089673,0.0071653705686295,2.8152374976986767,0.0260839299997593,39.24051234754467,0.0054,0.45,4
0.0,0.00708735717971,2.85194779636732,-1.6307361847309218e-06,39.653081226735374,0.0054,0.45,4
0.0001259317100571,0.0070099427692993,2.8813427818706274,0.0234136020244985,39.26810467782598,0.0054,0.45,4
0.0,0.0069320204397515,2.9122038182636416,-1.5310890027393416e-06,39.67105337086252,0.0054,0.45,4
0.0001260553433741,0.0068545066517587,2.9360668978022333,0.0206699260880599,39.29200843765231,0.0054,0.45,4
0.0,0.0067766836997929,2.9613790020168373,-1.3969178041069954e-06,39.68598544187502,0.0054,0.45,4
0.0001261018149603,0.0066990962103095,2.9799498704716085,0.0178769009837344,39.31232221866423,0.0054,0.45,4
0.0,0.0066213469598343,2.9999739345358294,-1.2339758013946652e-06,39.69819013180479,0.0054,0.45,4
0.0001261151844565,0.0065437161604276,3.013448326801654,0.0150535652040111,39.32891562905352,0.0054,0.45,4
0.0,0.0064660102198757,3.028397389838483,-1.0500536275508394e-06,39.707913735176014,0.0054,0.45,4
0.0001261179473338,0.0063883576062418,3.03693483530471,0.0122092716560981,39.3418546402064,0.0054,0.45,4
0.0,0.0063106734799171,3.0469749477857024,-8.505815700766761e-07,39.7153403304293,0.0054,0.45,4
0.0001261180264542,0.0062330111545728,3.050700054727274,0.0093477435473172,39.35123513051511,0.0054,0.45,4
0.0,0.0061553367399585,3.055955284875717,-6.402731494978358e-07,39.72059721968699,0.0054,0.45,4
0.0001261177400924,0.0060776705167989,3.0549578632991508,0.0064700405991055,39.357129692468455,0.0054,0.45,4
0.0,0.0059999999999999,3.0555144114298813,-4.235448569404553e-07,39.72375837597179,0.0054,0.45,4
0.0001261175535676,0.0059223323441272,3.0498496567482145,0.0035760079411776,39.359573473622966,0.0054,0.45,4
0.0,0.0058446632600414,3.0457580966437123,-2.047959142318343e-07,39.72484672392854,0.0054,0.45,4
0.0001261174708294,0.005766995115766,3.035446688382933,0.0006651089906894,39.35855954482059,0.0054,0.45,4
0.0,0.0056893265200828,3.0267226034735804,1.1653086243024345e-08,39.723837865925454,0.0054,0.45,4
0.0001261174391195,0.0056116582160583,3.0117503207995604,-0.0022629270354469,39.35402872595197,0.0054,0.45,4
0.0,0.0055339897801242,2.99837379779232,2.198253056238534e-07,39.72063746535069,0.0054,0.45,4
0.0001261174272238,0.0054563214227315,2.97869050211507,-0.0052075660284064,39.3458808564527,0.0054,0.45,4
0.0,0.0053786530401656,2.9606041115133563,4.1784909809787043e-07,39.715129444854334,0.0054,0.45,4
0.0001261049933828,0.0053009484561273,2.9361115012000565,-0.0081664875096408,39.33405155136882,0.0054,0.45,4
0.0,0.005223316300207,2.91322925804556,6.004537132210999e-07,39.70711614058415,0.0054,0.45,4
0.0001260507686339,0.0051455502608525,2.883786038898114,-0.011131542894174,39.31848530771533,0.0054,0.45,4
0.0,0.0050679795602484,2.8559806886385046,7.572668118184456e-07,39.6963467387836,0.0054,0.45,4
0.0001259347150553,0.0049901272574488,2.8213968170278867,-0.0140898054026321,39.29907079471108,0.0054,0.45,4
0.0,0.0049126428202899,2.7884972122187914,8.92904656472524e-07,39.68250058584665,0.0054,0.45,4
0.0001257338109938,0.0048347104690352,2.748543576635832,-0.0170208592559469,39.27582372049485,0.0054,0.45,4
0.0,0.0047573060803313,2.7103134647440883,9.487432264575212e-07,39.66512241056258,0.0054,0.45,4
0.000125279089935,0.0046793924741931,2.664761526929743,-0.019871247012099,39.24908821913173,0.0054,0.45,4
0.0,0.0046019693403727,2.6208417899312253,1.0108183352884673e-06,39.64394832710945,0.0054,0.45,4
0.0001247367326369,0.0045243429633496,2.5695276666447247,-0.0226233778162002,39.21878122014244,0.0054,0.45,4
0.0,0.0044466398897831,2.519363792963653,9.25023816291702e-07,39.62039242375763,0.0054,0.45,4
0.0001232278954511,0.0043707278825922,2.462999568851659,-0.0250370997436191,39.1876794351374,0.0054,0.45,4
0.0,0.0042934918942515,2.406677180352345,8.928747925475093e-07,39.59626993370542,0.0054,0.45,4
0.0001215089274999,0.0042192952344332,2.3451831240901444,-0.0271657075457183,39.15456092460671,0.0054,0.45,4
0.0,0.0041435280696561,2.2831905489560462,7.641851676038378e-07,39.5697901785161,0.0054,0.45,4
0.0001187684062315,0.0040715561388664,2.2169525945366257,-0.0287270966911552,39.12323993251525,0.0054,0.45,4
0.0,0.0039976400440201,2.1494367515891533,7.315969467625296e-07,39.543272702083605,0.0054,0.45,4
0.0001152355391135,0.0039290689590802,2.079674838306987,-0.0296566958754744,39.096525988918735,0.0054,0.45,4
0.0,0.0038579120557832,2.0074808197007235,5.959705283126611e-07,39.51749298667801,0.0054,0.45,4
0.0001109395333514,0.0037926287074577,1.9344224136624173,-0.0298883573196196,39.07456669321704,0.0054,0.45,4
0.0,0.0037249027820863,1.858455644464912,4.677124779863092e-07,39.48918686288934,0.0054,0.45,4
0.0001060749883226,0.0036627045665092,1.7821967955202485,-0.0294280155509832,39.05718441276509,0.0054,0.45,4
0.0,0.0035982917988872,1.7026182510496322,3.577377714114371e-07,39.45926482714982,0.0054,0.45,4
0.0001011641113831,0.0035390666650858,1.6233140110575923,-0.0284187484013051,39.043160134303385,0.0054,0.45,4
0.0,0.0034777729237951,1.5402004608323565,7.296628635545191e-07,39.43418387183849,0.0054,0.45,4
9.638012001271086e-05,0.003421364885279,1.4579018416115612,-0.0269580607235393,39.03721526924812,0.0054,0.45,4
0.0,0.0033630561813477,1.371557151783474,-2.239437724573069e-06,39.34214444448542,0.0054,0.45,4
9.175371987890184e-05,0.0033092806946522,1.2856658320388277,-0.0250387299200178,38.989211423212176,0.0054,0.45,4
0.0,0.0032368466054156,1.1669388112695112,-1.979176396893431e-06,39.229712842675504,0.0054,0.45,4
8.628064682330993e-05,0.0031813761018521,1.0688229392170656,-0.0219030769071706,38.93332977351088,0.0054,0.45,4
0.0,0.0030969335303741,0.9135414960461784,6.364847531362522e-07,39.11946844460316,0.0054,0.45,4
7.894996377278241e-05,0.0030383592119184,0.7987845543463422,-0.0169357896362783,38.86244006380729,0.0054,0.45,4
0.0,0.0029732915223233,0.664663329077341,3.0319713745603064e-06,39.07051884509296,0.0054,0.45,4
7.405325611630842e-05,0.0029185662489096,0.5456672765058083,-0.0118909356567304,38.90167566253256,0.0054,0.45,4
0.0,0.0028734165083087,0.4431444794311214,7.94475779362466e-06,39.08340446878776,0.0054,0.45,4
0.0,0.0028131806151089,0.2979911408083253,4.983956118086179e-06,39.27881660541509,0.0054,0.45,4
6.817071212959636e-05,0.002842486040488,0.3701016085307975,-0.0079201755229143,39.00307759606165,0.0054,0.45,4
0.0,0.0027691265358842,0.1864449136952159,8.922702244098369e-06,39.24960489736544,0.0054,0.45,4
6.125100511884396e-05,0.0027891727786305,0.2383070011103418,-0.0048067262873079,39.14196770030844,0.0054,0.45,4
0.0,0.0027346346628285,0.0952819405868953,-1.850616631137632e-05,39.02126840981317,0.0054,0.45,4
5.21122044769e-05,0.0027568555743783,0.1547521693935249,-0.0026899881182316,39.23891520077186,0.0054,0.45,4
0.01191937199466,0.0122641997814343,0.0966647921002608,0.0054269955356156,29.02963439266022,0.0054,0.45,4
0.0118148791605349,0.0122444375864031,0.1414356044279882,-0.007418747567639,24.83322953353549,0.0054,0.45,4
0.0118388158404444,0.0122677839056256,0.0845344122775429,-0.005461225314568,32.13377683823799,0.0054,0.45,4
0.0117584013340292,0.0122737394449914,0.0778169136548028,-0.0057710272555313,20.37512364364157,0.0054,0.45,4
0.011886335781516,0.0122290405565536,0.1961613677830411,0.0101773830081616,29.93157389154039,0.0054,0.45,4
0.0117395751117209,0.0122499784212346,0.1348492677234035,-0.0104974210350777,20.067495552191843,0.0054,0.45,4
0.0116781979647751,0.012282056965274,0.0773995027186903,-0.0095916959572255,19.746186669012964,0.0054,0.45,4
0.0117459618644884,0.0122181660962804,0.2079782141547085,-0.0138277289759463,20.93890456601372,0.0054,0.45,4
0.011817219514658,0.0122107161148163,0.2287249810462306,-0.0033381325040896,23.41308847255452,0.0054,0.45,4
0.0118688911211455,0.0121803928376489,0.3263614612409779,0.0252096577676957,24.26623343286528,0.0054,0.45,4
0.0110320393435776,0.0124105595280939,0.1224629484337055,-0.0449786057912894,16.678072066904445,0.0054,0.45,4
0.0110523255891514,0.0124321749718417,0.0714239394770245,-0.026137249170563,16.959642003935638,0.0054,0.45,4
0.0109770880687992,0.0124611981435276,0.0695563314652899,-0.0277497163453919,17.586591339364052,0.0054,0.45,4
0.0109549489004184,0.0124406075303711,0.1192453740006816,-0.0477181396427584,17.320448329335974,0.0054,0.45,4
0.0109027400205448,0.0124924292566447,0.0674718959183925,-0.0291923283366354,18.251797471387675,0.0054,0.45,4
0.0116633209697791,0.01225688769824,0.1347819244556921,-0.0166436318875371,18.193309280801973,0.0054,0.45,4
0.0115982715250572,0.0122927077561405,0.076535255050813,-0.011375883712243,16.57677938860743,0.0054,0.45,4
0.0115816043922106,0.0122677013374382,0.1338821730652623,-0.0203703310153354,16.20716673894839,0.0054,0.45,4
0.0115186899392323,0.0123056915702816,0.0766729577480066,-0.0138972481417042,16.137985471235123,0.0054,0.45,4
0.0115009716957483,0.012281245955099,0.1330286698194203,-0.0245843446629424,15.595231800996856,0.0054,0.45,4
0.0114395231167508,0.0123210082944499,0.076374158189698,-0.0160554602519666,15.36257453858135,0.0054,0.45,4
0.0111078318469171,0.0123834859900195,0.1253159251743459,-0.0421114666023508,16.11090883462197,0.0054,0.45,4
0.0111283878083437,0.0124053900275145,0.0730043207859106,-0.024363636815462,16.367909899112256,0.0054,0.45,4
0.0114219417024611,0.0122966212325702,0.1327272119593481,-0.0284030364387272,15.059145731849354,0.0054,0.45,4
0.0113608408329203,0.0123386512360812,0.0760304621424913,-0.0183078220090383,15.413550304355509,0.0054,0.45,4
0.0113433175060773,0.0123145363435245,0.1317479354784538,-0.0321145116892273,15.091983227154854,0.0054,0.45,4
0.0112827120856469,0.0123586080318597,0.0752903476634158,-0.0204231222224544,15.506691924573854,0.0054,0.45,4
0.0112621701035028,0.0123356672918661,0.1301167291800258,-0.0357475559219515,15.25524946554214,0.0054,0.45,4
0.0112052059164184,0.0123808620758475,0.0743042003331684,-0.0224603166691331,15.89199614874723,0.0054,0.45,4
0.0111837175556015,0.0123587874255968,0.1278135884521322,-0.0390560091051974,15.647166587759164,0.0054,0.45,4
0.0116700943648092,0.0122230802746813,0.2078170412397555,-0.0229278808744058,18.03220764781798,0.0054,0.45,4
0.0117071729077437,0.0121810754193692,0.2993263966247464,-0.022982985606741,18.061270519469343,0.0054,0.45,4
0.0117808555770137,0.0121560078819336,0.3622135250662168,-0.0045891604254483,19.05723773771715,0.0054,0.45,4
0.0118556482295145,0.0121202104305837,0.4788718983899691,0.0469813256948236,18.589616214139337,0.0054,0.45,4
0.0093687683467502,0.0142592260076138,0.0053922856395864,-0.0184078195830896,29.640844609047928,0.0054,0.45,4
0.0110317419502189,0.0123739687731678,0.186532858445264,-0.0668367120552775,16.648600091343123,0.0054,0.45,4
0.0108785496661597,0.0124731332981364,0.1155290075856753,-0.0501345114697622,17.99289092047681,0.0054,0.45,4
0.0108293464396113,0.0125258400641793,0.0651753349847258,-0.0304353257683068,18.95658552440293,0.0054,0.45,4
0.0108060912754551,0.0125065662102665,0.1115887422682919,-0.0521415464994121,18.66222621417108,0.0054,0.45,4
0.0107569697707446,0.0125613976995169,0.0626917006220061,-0.031514997634024,19.63853970055337,0.0054,0.45,4
0.0109536584926954,0.0124039981872514,0.1816540119422121,-0.0708715663304576,17.24755695342505,0.0054,0.45,4
0.0108778840042652,0.0124351694796489,0.1772548521871209,-0.074807578055015,17.87811566324577,0.0054,0.45,4
0.0107329652045813,0.0125427530937323,0.1075412302536834,-0.0540208967858569,19.339156850610298,0.0054,0.45,4
0.0106856695968317,0.012599066294039,0.0600957982848027,-0.0324173894888585,20.312213867233588,0.0054,0.45,4
0.010659905815197,0.0125817366585981,0.1030862536631396,-0.0555721516372334,20.02423533069653,0.0054,0.45,4
0.0106155048465662,0.0126388108370309,0.0574210510741642,-0.0331501951487786,20.965383743194792,0.0054,0.45,4
0.0105890755660167,0.0126224813999626,0.098269255202503,-0.0566730746192647,20.67189082622474,0.0054,0.45,4
0.0105465366940554,0.0126805985629831,0.0546957603352281,-0.0337165121835269,21.60794988073584,0.0054,0.45,4
0.0115930051559112,0.0122318165222744,0.2062636086698082,-0.0295185862578497,16.67763917101465,0.0054,0.45,4
0.0115143282821288,0.0122407916486618,0.2113227798271568,-0.0368586812408471,15.728242831050798,0.0054,0.45,4
0.0114301055066271,0.0122578309496928,0.2069986136930384,-0.0427574677609332,15.225294289613656,0.0054,0.45,4
0.0111096214994986,0.0123465187037093,0.1910011648607054,-0.0625442601392828,16.110058756728368,0.0054,0.45,4
0.0113477419756412,0.0122770955400674,0.202908261793125,-0.0481042283732644,15.18206297545345,0.0054,0.45,4
0.0112663205182047,0.0122991152040789,0.1977878480356007,-0.0528879709925863,15.327820686508588,0.0054,0.45,4
0.0111872259813657,0.0123215931395629,0.1950359244907772,-0.0579911080813763,15.66496305075506,0.0054,0.45,4
0.0116359631023043,0.0121696681370676,0.3322056762561045,-0.036996350609683,16.651220989809215,0.0054,0.45,4
0.0117028715896223,0.0121136826437398,0.4564507612000358,-0.0245575652886829,16.528606870662568,0.0054,0.45,4
0.0116359031790904,0.0120970735157199,0.4943271365353238,-0.0433695959141894,15.620982218431616,0.0054,0.45,4
0.0117682238119236,0.0120678116310967,0.5747676131051404,0.0110717889486686,15.557151108662124,0.0054,0.45,4
0.011842523911297,0.0120190109185567,0.7138140294409138,0.0844772406745846,13.485396223229024,0.0054,0.45,4
0.0093632496254176,0.01419415580387,0.0105082980724643,-0.0321832614187944,29.17491340614785,0.0054,0.45,4
0.0093909994270113,0.0141818374995855,0.006448156463879,-0.0197697472538404,29.25538544747157,0.0054,0.45,4
0.0093852073506417,0.0141168877253352,0.0125582113941753,-0.0350739158106308,28.9332446191431,0.0054,0.45,4
0.0094155384881032,0.0141050967665258,0.0074947288425964,-0.0209871871377236,29.04003167576213,0.0054,0.45,4
0.0094123952701304,0.0140354899140614,0.0147428916670066,-0.0374754205692913,28.65600111796108,0.0054,0.45,4
0.0094424523626435,0.0140291238467701,0.008665065257029,-0.0221568014412076,28.79246376091195,0.0054,0.45,4
0.011052065710692,0.0123055288815234,0.2937009905753018,-0.099002727719796,16.08585408887465,0.0054,0.45,4
0.0109714983246597,0.0123351619271224,0.2861530502618798,-0.1052382218232979,16.64959746753522,0.0054,0.45,4
0.0108027342578268,0.0124692736926373,0.1713772394032785,-0.0780131926373423,18.53741977169361,0.0054,0.45,4
0.0107280436124007,0.012506934459295,0.1635210272926559,-0.0800912612124397,19.210068225658,0.0054,0.45,4
0.0108918541336576,0.0123670179162565,0.2781545657674468,-0.1109934376927092,17.25594603484693,0.0054,0.45,4
0.0108146350000005,0.0124006000236901,0.2695830079858093,-0.1160453009938,17.892876892572044,0.0054,0.45,4
0.0106550963833168,0.012545514077736,0.1568569616216325,-0.0823217678123294,19.864516809633216,0.0054,0.45,4
0.0105838123566288,0.0125848271426414,0.1514374710084541,-0.0848702996350997,20.487013417728267,0.0054,0.45,4
0.0105208318162897,0.0126643372878393,0.093598622633153,-0.0575348591157958,21.28446197870976,0.0054,0.45,4
0.0104788265699307,0.0127243985835826,0.0519118335597564,-0.0341109737774254,22.21835618502121,0.0054,0.45,4
0.0105136780541842,0.0126262229029035,0.145693752783617,-0.0870366194812762,21.095268333781096,0.0054,0.45,4
0.0104535290184378,0.0127082539983575,0.0889488664134075,-0.05819388285704,21.87588683122896,0.0054,0.45,4
0.0104124361578398,0.0127701777385958,0.0490994445642736,-0.0343602048580606,22.76668753561964,0.0054,0.45,4
0.0103848180465074,0.0127560070657404,0.0841237198312995,-0.0586554393548446,22.451773998772627,0.0054,0.45,4
0.0103474258033474,0.0128178987795703,0.0463173457124144,-0.0344550463642906,23.297049111495824,0.0054,0.45,4
0.0115457285159942,0.0121846877066702,0.318972980138222,-0.0487962358854916,15.530885412678916,0.0054,0.45,4
0.0114592728834308,0.0121953447689672,0.3222356130424906,-0.0603699675757542,15.00671766608591,0.0054,0.45,4
0.0113747603415661,0.0122116261413112,0.319507676647036,-0.0698830446827248,14.885849913469444,0.0054,0.45,4
0.0111320310876834,0.0122785934710776,0.3006828940628285,-0.0924182017089327,15.599588405472756,0.0054,0.45,4
0.0112916480081166,0.0122318187547025,0.3138093866377143,-0.0781597321900657,14.96169255457582,0.0054,0.45,4
0.0112098408133313,0.0122545827033171,0.3073099386021287,-0.0856539004665872,15.22409805890086,0.0054,0.45,4
0.0115686050630899,0.0121133067687071,0.4660094653841819,-0.0590543385670884,15.114053619730212,0.0054,0.45,4
0.0115974558005151,0.0120439414416539,0.6116688246448384,-0.0573428326964249,13.733953931614248,0.0054,0.45,4
0.0116724353929644,0.012020296561578,0.665051010324022,-0.0284853101371745,13.639507575920518,0.0054,0.45,4
0.0117518764005413,0.0119500258862772,0.8310779023970545,0.0321085623451645,11.674482989125856,0.0054,0.45,4
0.0118317607367408,0.0118967439221211,0.9651311280394576,0.1212112975183132,9.425613241694942,0.0054,0.45,4
0.0110674984016295,0.0122185682429097,0.4349936001883188,-0.1365716597291568,15.451814078374165,0.0054,0.45,4
0.0093393584300441,0.0141638150867758,0.0172722194529089,-0.0497594410050792,29.060075102486746,0.0054,0.45,4
0.0093597804329645,0.0140907573516378,0.0201934202916395,-0.0536439833392409,28.777825428830592,0.0054,0.45,4
0.0092885319031043,0.0141850966228555,0.0245740163514826,-0.0704659051557272,28.97736753351344,0.0054,0.45,4
0.0094417745864835,0.0139577232748798,0.0168667856023783,-0.0393823205186992,28.407960350708084,0.0054,0.45,4
0.0094717340567897,0.0139540119606285,0.0098751716641497,-0.0232263771454215,28.57052922480156,0.0054,0.45,4
0.0094733880327664,0.0138817894314357,0.0190653209031676,-0.0410992293644662,28.18088937568541,0.0054,0.45,4
0.0095033408563189,0.0138798373013141,0.0111566237673538,-0.0242225201336435,28.35527538827744,0.0054,0.45,4
0.0095064562570396,0.0138085727231961,0.0213455474870808,-0.0427460012907293,27.944666908387045,0.0054,0.45,4
0.0095372168782997,0.0138066653895273,0.0124765005529541,-0.0251335883759805,28.125113913197072,0.0054,0.45,4
0.00938611379808,0.0140111060629107,0.023433191691011,-0.0570544780991182,28.545580787406944,0.0054,0.45,4
0.0095426396682278,0.01373472578289,0.0238077195479442,-0.0443078232659173,27.72709964023772,0.0054,0.45,4
0.0095733042375294,0.0137345557524886,0.0138710862581129,-0.0259853183263178,27.920542914910698,0.0054,0.45,4
0.0095815118301972,0.0136615413806633,0.0263605072927312,-0.0457252928916511,27.48908018890475,0.0054,0.45,4
0.0096115477039134,0.0136635645396156,0.0153349904626584,-0.0267964028246024,27.70361581962222,0.0054,0.45,4
0.0096638600107914,0.0135224285640552,0.0316870441550711,-0.0482070224000629,27.04624609315968,0.0054,0.45,4
0.0096942822702872,0.0135251476822143,0.0185263974983524,-0.0283515089707604,27.27815075189226,0.0054,0.45,4
0.0096518949752376,0.0135937473032257,0.0168877735007662,-0.0275781686068426,27.500120719918577,0.0054,0.45,4
0.0096220339462416,0.0135908046078277,0.0289643481754847,-0.046971432355671,27.274116728264875,0.0054,0.45,4
0.0109868722885533,0.0122465842941752,0.4246683155864804,-0.1454030648139037,15.984801201335824,0.0054,0.45,4
0.0109041892689006,0.0122779173053742,0.4133418932708401,-0.153832581993325,16.538859795821157,0.0054,0.45,4
0.0107384186645114,0.0124365159692455,0.2602836240085432,-0.1204541194146994,18.535589446027632,0.0054,0.45,4
0.0106632975205273,0.0124747797782079,0.2503130876070005,-0.1241745726180606,19.17743527261596,0.0054,0.45,4
0.0108231760347813,0.0123114372438594,0.4011464972481415,-0.1613556614834872,17.153611579641282,0.0054,0.45,4
0.0107439863806688,0.0123474115595899,0.3876247119077043,-0.1677904179776144,17.781730808741575,0.0054,0.45,4
0.009756367187126,0.0133852636005442,0.0378983367971403,-0.0507022061089512,26.57626614276376,0.0054,0.45,4
0.0097850905624055,0.0133918816784986,0.0221155265055102,-0.0298168045095454,26.848674915015216,0.0054,0.45,4
0.0097387043089036,0.0134578457270321,0.0202535667623937,-0.0290822580918341,27.060711760721468,0.0054,0.45,4
0.0097084482988889,0.0134538602184827,0.0347278615784589,-0.0495406489743614,26.818330105595496,0.0054,0.45,4
0.010589344759663,0.0125153107675518,0.2398396380733793,-0.1272325762548866,19.81223422958508,0.0054,0.45,4
0.0105166128884617,0.0125580018757343,0.2290617460104502,-0.1296843875444591,20.432816092229107,0.0054,0.45,4
0.0103191470633782,0.0128048893637325,0.0791721827854518,-0.0586895694434698,22.981680094967825,0.0054,0.45,4
0.0102838537763961,0.0128675206082004,0.043550879582024,-0.034399292322016,23.802787531626777,0.0054,0.45,4
0.0098040041772267,0.0133208997925338,0.0412127907832251,-0.0519291549451891,26.32517092161537,0.0054,0.45,4
0.0098334014234243,0.0133273126339259,0.0240793589839139,-0.0305424577749122,26.600760584160827,0.0054,0.45,4
0.0102561627444918,0.0128545559593442,0.074526792307224,-0.0585866290127689,23.474655531228123,0.0054,0.45,4
0.0102217759093027,0.0129189989546857,0.0408079274634783,-0.0342184175254539,24.255739167132457,0.0054,0.45,4
0.01019369852089,0.0129067515487046,0.0699575051533927,-0.0583486432526706,23.929782607480263,0.0054,0.45,4
0.0101612464634489,0.0129722881748739,0.0381350376310241,-0.0339248355806001,24.68102666265032,0.0054,0.45,4
0.0098533529587002,0.0132581387102007,0.0446891577698384,-0.0530856813909083,26.06653284972231,0.0054,0.45,4
0.00988359570679,0.0132641957066608,0.0261462037292583,-0.0312316157381058,26.338626391941794,0.0054,0.45,4
0.0099057106114187,0.0131953009117745,0.0485069631858598,-0.0542729462316465,25.77842789642736,0.0054,0.45,4
0.009935630383983,0.0132025869250651,0.0283301643405351,-0.0318845987407439,26.06361617283398,0.0054,0.45,4
0.0101319898289292,0.0129617206977483,0.0652731979736443,-0.0577835958957082,24.371093043723253,0.0054,0.45,4
0.0101023178221056,0.0130273412569746,0.0355442488156638,-0.0335358988436923,25.06355551517224,0.0054,0.45,4
0.0099605296761811,0.0131335195308971,0.0524879464466851,-0.055310701099497,25.463278955091766,0.0054,0.45,4
0.0099894607006009,0.0131425407623125,0.0306351727222845,-0.0324947828419721,25.76550148685434,0.0054,0.45,4
0.0100164318759657,0.0130743187921213,0.0565070387336936,-0.0561684639471707,25.1262678186358,0.0054,0.45,4
0.0100450404308481,0.0130841099425603,0.0330515476571829,-0.0330537275609765,25.43811387103512,0.0054,0.45,4
0.0100726697982957,0.0130179026648067,0.0607278200093262,-0.0570256018539109,24.761944442702383,0.0054,0.45,4
0.0104439029919413,0.0126724747621782,0.1370396576364925,-0.0873219779682533,21.698672106353644,0.0054,0.45,4
0.0104451547197582,0.0126027880607205,0.2181116425407521,-0.131563946908491,21.027577254081866,0.0054,0.45,4
0.0103754962515478,0.0127207766725357,0.128544319437139,-0.0872174348787406,22.269378572378205,0.0054,0.45,4
0.0103091384078366,0.0127689333675099,0.121972478915016,-0.0878832014951094,22.79275658758542,0.0054,0.45,4
0.0114900933714291,0.0121146735769685,0.4779567539246931,-0.0766124291596125,14.484272122805978,0.0054,0.45,4
0.0114020524025995,0.0121274023198042,0.4749062786065332,-0.0925196632416904,14.425622644759414,0.0054,0.45,4
0.0113159580561976,0.0121456513365002,0.467113965765704,-0.1057633445309764,14.431951566510866,0.0054,0.45,4
0.0111523299947689,0.012192048961784,0.4446144632422704,-0.1264151027358563,15.030213219832603,0.0054,0.45,4
0.0112314508603209,0.0121683565898073,0.4556145067272719,-0.1168705705179977,14.670182424330651,0.0054,0.45,4
0.0115291298087449,0.0120256257941994,0.6536578333248749,-0.0805522723063628,13.432160523923097,0.0054,0.45,4
0.0115897624369144,0.0119459738391725,0.814139978923229,-0.0592773812523244,12.267384823960317,0.0054,0.45,4
0.0116573929253405,0.0118853194521936,0.9436030315244138,-0.0172565879656426,10.615469446791138,0.0054,0.45,4
0.011738248318355,0.0118262785944879,1.0730543638397638,0.0529136297475496,8.880410203204654,0.0054,0.45,4
0.0118206843618027,0.0117594669396705,1.2136575559485971,0.1486270946523238,6.533586373652802,0.0054,0.45,4
0.0109987137149705,0.0121475919105132,0.5808913487428294,-0.1839880124213825,15.224279750006827,0.0054,0.45,4
0.0110848812267944,0.0121201016747315,0.5942147925415222,-0.1714096119540314,14.724773508953794,0.0054,0.45,4
0.0093010254351295,0.0141158203805461,0.0293005787342203,-0.0776568653710763,28.72512766321898,0.0054,0.45,4
0.0093193323870494,0.014035037805381,0.035187537077813,-0.0856486019514866,28.427099063574683,0.0054,0.45,4
0.0092286127626524,0.0141542613012173,0.0388112569123903,-0.1030436711261881,28.634286265890548,0.0054,0.45,4
0.009416051724559,0.0139340028285655,0.0264385189779237,-0.0593927252875413,28.30810386457065,0.0054,0.45,4
0.0094476036110407,0.0138556121112354,0.0301780496336377,-0.0626454532838268,28.072125635057866,0.0054,0.45,4
0.0094822307524699,0.0137812484107191,0.0334817021485738,-0.0646278690274707,27.839342141776395,0.0054,0.45,4
0.009349864369343,0.0139529160221342,0.0397538147084731,-0.0891776641488874,28.221309143940232,0.0054,0.45,4
0.0095191073331034,0.0137069210608665,0.0371727144553209,-0.0668273824142546,27.618337388628586,0.0054,0.45,4
0.0095582930799055,0.0136340437368351,0.0409873143160458,-0.0688269284312288,27.383512183147264,0.0054,0.45,4
0.0096428619284908,0.0134908535299339,0.0497944270833553,-0.0732451208136044,26.922519541486675,0.0054,0.45,4
0.0095987251613396,0.01356038161014,0.0459329334344882,-0.0720383617497139,27.15224211250604,0.0054,0.45,4
0.0109147717007601,0.012179154245257,0.5636740836484759,-0.1944721584437238,15.792032650536283,0.0054,0.45,4
0.0108294614465726,0.0122087329567732,0.5532999209170298,-0.2063525507526626,16.368061735991166,0.0054,0.45,4
0.0106663150161857,0.0123853424982418,0.3737001780764497,-0.173441509459349,18.40947751752636,0.0054,0.45,4
0.0105894141898334,0.0124258629621972,0.3589585081376366,-0.1782213085251689,19.034759642245604,0.0054,0.45,4
0.0107450441916537,0.0122449082780776,0.5357464348879971,-0.2156308221474242,16.98373780544263,0.0054,0.45,4
0.0106640049848864,0.0122829753199804,0.5171859867210359,-0.223433048640841,17.607713756679377,0.0054,0.45,4
0.0097356826300796,0.013355452393825,0.0588992119166585,-0.0765222939818909,26.453754032105365,0.0054,0.45,4
0.0096884413592296,0.0134235802787089,0.0537690105802496,-0.0743424922671865,26.69741110741452,0.0054,0.45,4
0.0105138783538018,0.012468565529297,0.343767882356403,-0.1821679850027517,19.64597075629447,0.0054,0.45,4
0.0104397152576483,0.0125133707794908,0.3282864287480187,-0.1853117780946484,20.261001132422404,0.0054,0.45,4
0.0102442261528397,0.0128190705640229,0.1153373241646145,-0.0881755589676016,23.289588943789408,0.0054,0.45,4
0.0097848697765545,0.0132887880806745,0.0643904165088373,-0.0786865880543167,26.19193193731028,0.0054,0.45,4
0.0101804596032647,0.0128732849885447,0.1071075426019733,-0.0869716591374829,23.7591289859178,0.0054,0.45,4
0.0101186391245668,0.0129279546542484,0.1001301412411044,-0.0862059428091002,24.19777946999972,0.0054,0.45,4
0.0098360509869339,0.0132250707344972,0.0694871065750235,-0.0800352176857225,25.91962249088839,0.0054,0.45,4
0.0098891541346042,0.0131628418513682,0.0747883888470489,-0.0812512652419183,25.62787585626005,0.0054,0.45,4
0.0100584731704034,0.0129843680452416,0.0933819633417786,-0.0852382144076885,24.5917720682915,0.0054,0.45,4
0.0099441417196436,0.0131014462654775,0.0807140730237733,-0.0826925717652692,25.316025787897782,0.0054,0.45,4
0.010000901969739,0.0130416752206101,0.0869323182559767,-0.0840257847495635,24.971404932341187,0.0054,0.45,4
0.0103750468219312,0.0126496435959878,0.2071158646908889,-0.1328734158259412,21.60072637990915,0.0054,0.45,4
0.0103646150526029,0.0125619206151425,0.3120935616679552,-0.1877731700866554,20.83150354124592,0.0054,0.45,4
0.0103063621825541,0.0126985449418238,0.1960891768812971,-0.1336481509813305,22.134230845224447,0.0054,0.45,4
0.0102391401340043,0.0127494703969481,0.1850957023420767,-0.1339008265577899,22.650201229333,0.0054,0.45,4
0.0114356005779448,0.0120172506123838,0.6824142441077654,-0.1092003284285005,13.296030646352635,0.0054,0.45,4
0.0113395167987491,0.0120487586572303,0.6421818821970328,-0.1283601790646406,13.57139611264794,0.0054,0.45,4
0.0112514741240354,0.0120672792802602,0.6316345261024789,-0.145862961084085,13.891584257483542,0.0054,0.45,4
0.0111701736865404,0.0120910629342583,0.614535103383329,-0.1592707311910679,14.29755708341739,0.0054,0.45,4
0.0114933870274378,0.0119300605393236,0.8454769541383594,-0.0989895015495364,12.123190413640344,0.0054,0.45,4
0.0114220631195036,0.0119132352720366,0.8813689862556726,-0.1251237955767862,12.18442593068296,0.0054,0.45,4
0.0115590779617886,0.0118328872964381,1.0313355450181476,-0.0668225427185482,10.415759675258784,0.0054,0.45,4
0.0116374910365484,0.0117639118510647,1.1667283231419163,-0.0110265416302432,8.711756792669275,0.0054,0.45,4
0.0117231119116754,0.0117000864657337,1.2924994391280913,0.0670200321418362,6.800709467021371,0.0054,0.45,4
0.0118113329149934,0.0116382105941432,1.4084922805707203,0.1636942367030534,4.700464870603526,0.0054,0.45,4
0.0109216358031557,0.0120672151283685,0.7340374191971324,-0.2326656033016204,14.937657293288874,0.0054,0.45,4
0.0110097227314085,0.012037973672041,0.7526541881510026,-0.2180870162017001,14.36549770258753,0.0054,0.45,4
0.0110978148021021,0.0120095475945398,0.7736881489889732,-0.2025500169197532,13.795238518323911,0.0054,0.45,4
0.0092683535497822,0.0139667453662587,0.0565542459046689,-0.1245456992501998,28.06779514264828,0.0054,0.45,4
0.0092187325869105,0.0140533939737096,0.0540046317955546,-0.1275239146177761,28.270002718840708,0.0054,0.45,4
0.0091354955838434,0.0141164694535633,0.0618440927962713,-0.1480159046164151,28.27015833196575,0.0054,0.45,4
0.0093811226685761,0.0138738370933721,0.0447398551694394,-0.0930316592503952,27.96156422604381,0.0054,0.45,4
0.0094138938026298,0.0137950670258136,0.0505125045052843,-0.0974523803412836,27.72159723640517,0.0054,0.45,4
0.0094499190782856,0.0137178322008587,0.0563254857541994,-0.1012195536019194,27.47556750014217,0.0054,0.45,4
0.0092988411952284,0.0138831954498679,0.0638109266084709,-0.130570149619838,27.783177283900823,0.0054,0.45,4
0.0094880123273802,0.0136423733324081,0.0624803214929576,-0.104820231708543,27.24060617478076,0.0054,0.45,4
0.0095286620519347,0.0135683929743452,0.0688723163503534,-0.1081177331470133,26.99942416056549,0.0054,0.45,4
0.0096173436947796,0.0134248596993761,0.082368822167774,-0.1137580478596221,26.521938341224004,0.0054,0.45,4
0.0095710440827586,0.0134972449098665,0.0753266745393645,-0.1110063659078518,26.75585579704821,0.0054,0.45,4
0.0108345291147975,0.0120989638272472,0.7145975978821412,-0.2459055810453329,15.537873769898328,0.0054,0.45,4
0.010747837261839,0.012132070189853,0.6960158645954487,-0.2583711342915213,16.134103574154196,0.0054,0.45,4
0.0105841098189284,0.0123234272060423,0.4978696852917562,-0.2301682181578232,18.226714017008216,0.0054,0.45,4
0.0105055562105077,0.012366250427319,0.4778477882879337,-0.2358151931034739,18.83869011891409,0.0054,0.45,4
0.0106627034064524,0.01217014440923,0.6728473268684462,-0.2686454955400287,16.741983935428753,0.0054,0.45,4
0.0105792386292163,0.0122105500499694,0.6488969538165819,-0.2775559423143661,17.36425800287694,0.0054,0.45,4
0.0097139511281381,0.0132875303486207,0.0974064166540251,-0.1190307347653769,26.004905274041985,0.0054,0.45,4
0.009664732845803,0.0133554177912354,0.0896655854058569,-0.1164160511552865,26.26355822386529,0.0054,0.45,4
0.0104280542195352,0.0124113602566235,0.4574593795167234,-0.2405453405841137,19.4448170266256,0.0054,0.45,4
0.010352596706319,0.0124630659166585,0.4313957957518567,-0.2420430172434813,20.038926269904696,0.0054,0.45,4
0.0101734423132201,0.0128024122498745,0.1741728753445989,-0.1336427782193315,23.13378731966648,0.0054,0.45,4
0.0097650736363264,0.0132211559700353,0.1055823045023208,-0.1215615631508582,25.725255766088647,0.0054,0.45,4
0.0101093854897396,0.0128573463759856,0.1633785283454955,-0.132901400681721,23.587068769762585,0.0054,0.45,4
0.0100470773948213,0.0129141739707349,0.1527790171869526,-0.1317140944593594,24.0105566806334,0.0054,0.45,4
0.0098181688480299,0.013156202808258,0.1142131017829763,-0.1239657238352535,25.42874913773917,0.0054,0.45,4
0.0098732214888507,0.0130927004472206,0.123327687745483,-0.1262490885024829,25.10323949152072,0.0054,0.45,4
0.0099866049129837,0.0129727978568569,0.142447797593174,-0.1301367857352542,24.399067015311605,0.0054,0.45,4
0.0099301171251483,0.0130307538030507,0.1329041855445476,-0.1283621102528023,24.77439745939453,0.0054,0.45,4
0.0102947597511986,0.0126108916818547,0.295744644150516,-0.1888812932339683,21.395207854704022,0.0054,0.45,4
0.010278688688677,0.0125093638204903,0.4139296235863045,-0.2460225267835564,20.57914415033752,0.0054,0.45,4
0.0102248155820986,0.0126621174356771,0.280019722106599,-0.1897722054923841,21.91699638178912,0.0054,0.45,4
0.0101563470139694,0.0127154378267537,0.2644165047218449,-0.1899993858490903,22.42173854905207,0.0054,0.45,4
0.0108408068031378,0.0119831059933467,0.8816822186838155,-0.2778625886004437,14.652099327906573,0.0054,0.45,4
0.0113519525080118,0.0119351094598711,0.8487400818706022,-0.14607953298382,12.546512188199786,0.0054,0.45,4
0.0112709699551089,0.0119533778562968,0.8293119235373972,-0.1674847129672676,12.8761900255237,0.0054,0.45,4
0.0111879299312967,0.0119741894536735,0.8104130648708697,-0.1866292889476797,13.288478578856555,0.0054,0.45,4
0.011372618952334,0.0118503833860371,0.9983796314888131,-0.1471941477018209,11.310267013423834,0.0054,0.45,4
0.0114502741506521,0.0118124972845845,1.0641003234779196,-0.1175197488609539,10.546312359194925,0.0054,0.45,4
0.0115306413242898,0.0117298312790846,1.2121608254620748,-0.0729301665793922,9.056530927248351,0.0054,0.45,4
0.0116187839961865,0.0116570945096981,1.344651515506125,-0.0075055649626289,7.256251935560889,0.0054,0.45,4
0.0118016301917068,0.0115235398635514,1.5747451356580096,0.1712568245554038,3.433188084850055,0.0054,0.45,4
0.0117086666324274,0.0115888055745279,1.4659597711464756,0.0743303508906814,5.392259068055771,0.0054,0.45,4
0.0109297747473676,0.0119529045557628,0.9044040193016306,-0.2616692962764121,14.050616887121633,0.0054,0.45,4
0.0110226600842796,0.0119242591629988,0.9274294716110244,-0.2430734823998272,13.439353712861902,0.0054,0.45,4
0.0111142427978765,0.0119047409820945,0.9400007181192356,-0.2215014809589981,12.869760290831024,0.0054,0.45,4
0.0092010119477242,0.0138879799900559,0.0864891110612898,-0.1718225170850225,27.49495820719846,0.0054,0.45,4
0.009176805043605,0.0139672732277328,0.0770530398185674,-0.1631540777761116,27.86098331557576,0.0054,0.45,4
0.0090067480134505,0.0140736433506159,0.0946006333391426,-0.2012781499419144,27.75679640552344,0.0054,0.45,4
0.0091015033463118,0.0140181502812678,0.0842298194408077,-0.1808258842619991,27.746426178784805,0.0054,0.45,4
0.0093316180877268,0.0138022824718322,0.0715019130041478,-0.1360614677396866,27.555691866806683,0.0054,0.45,4
0.0093661088569042,0.0137229942993196,0.0797632203957899,-0.1416459814492493,27.30123976019157,0.0054,0.45,4
0.009402712947975,0.0136446762987657,0.0887305408665311,-0.147268114807571,27.03685603808597,0.0054,0.45,4
0.0092371895289997,0.0138050875415464,0.095355758585287,-0.1771309204188043,27.339304403865658,0.0054,0.45,4
0.0094410197790838,0.0135672610643932,0.0986588209112073,-0.1531202080007989,26.799575957439192,0.0054,0.45,4
0.0095735743526614,0.0133447741592676,0.1305037490033662,-0.1674598149863848,26.00331652503846,0.0054,0.45,4
0.009481814335173,0.0134941871472076,0.1082318250207376,-0.1577940226443963,26.53005750594986,0.0054,0.45,4
0.0095281892856251,0.0134187901000696,0.1184033450665754,-0.1619169433010735,26.27495962388329,0.0054,0.45,4
0.0107521801801832,0.0120176238326464,0.8556295787436098,-0.292005629899574,15.27323186631386,0.0054,0.45,4
0.0106643323101369,0.0120550779640466,0.8282949217872769,-0.3045950938581697,15.889770933634642,0.0054,0.45,4
0.0104973296625682,0.0122534937062529,0.6239650941919933,-0.2850758402311557,17.97388686344375,0.0054,0.45,4
0.0104165577073692,0.0122983821538968,0.5990299605337128,-0.2915947399525515,18.57539807216003,0.0054,0.45,4
0.0104912762665753,0.0121384408197809,0.7704330037555832,-0.3253830200136851,17.133454686017668,0.0054,0.45,4
0.0105768976052495,0.0120954634734922,0.799810229467497,-0.3157977632183908,16.511498040377237,0.0054,0.45,4
0.0096756064042487,0.0132056939312615,0.1528367703777681,-0.1739825878197054,25.450341386258028,0.0054,0.45,4
0.0096242093032822,0.0132743103997712,0.1412178916015538,-0.1705430853713679,25.74200357219985,0.0054,0.45,4
0.0103367618687692,0.0123453582167295,0.574053485053109,-0.2971833768410173,19.144790895881343,0.0054,0.45,4
0.0102578599947204,0.012395008852046,0.5485744507996176,-0.3017280766902352,19.7214202732397,0.0054,0.45,4
0.0100894192467511,0.0127708670119488,0.2489341477184302,-0.1895980157654967,22.892116011652124,0.0054,0.45,4
0.0097290341480754,0.0131384371924806,0.1650918076136998,-0.1772537855193784,25.14163216779453,0.0054,0.45,4
0.0100242501785855,0.0128283674904436,0.2336345914348421,-0.1885501171356781,23.333364469899,0.0054,0.45,4
0.0099611237491326,0.0128878236428489,0.2185244917774875,-0.1868023764891687,23.75509429925089,0.0054,0.45,4
0.0097858913545346,0.0130703647364831,0.1786639824082247,-0.1806354186730794,24.82683026940452,0.0054,0.45,4
0.0098442881659101,0.0130086764008217,0.1901192379655663,-0.1818323166948104,24.498486236453264,0.0054,0.45,4
0.0099000295442176,0.0129489807126841,0.2038650236870562,-0.1845682394557967,24.142701549337573,0.0054,0.45,4
0.0102053410780643,0.0125583015761849,0.3960191710960224,-0.2492360409295293,21.10552218805472,0.0054,0.45,4
0.0101807183271578,0.0124475981296918,0.5221104118867205,-0.3048682901617078,20.26963884007901,0.0054,0.45,4
0.0101311438282794,0.0126137100906405,0.3747541858730772,-0.2504699564718866,21.614801288002777,0.0054,0.45,4
0.0100616480840549,0.0126697213303819,0.3537501297481124,-0.2504689907680917,22.11818106089493,0.0054,0.45,4
0.0107660776579922,0.011917856262211,0.990218403077434,-0.3116564386373443,14.572278078135758,0.0054,0.45,4
0.0108560180710194,0.0118820664824245,1.0226756617066626,-0.2959016687038258,13.806023226033236,0.0054,0.45,4
0.0112939295730168,0.0118523443579927,1.0010867477232812,-0.1746121640089004,11.735411643179113,0.0054,0.45,4
0.0112075362066927,0.0118723421021523,0.9776852715628253,-0.1994610954355615,12.397005063530338,0.0054,0.45,4
0.0111396428787954,0.0118210942967782,1.069005207253263,-0.2265694551690447,12.07646512392428,0.0054,0.45,4
0.0113501969368341,0.0117679248727469,1.1401382409472236,-0.1585046820973059,10.645559004482264,0.0054,0.45,4
0.011793113169211,0.0114029639981944,1.7342984312871252,0.1762304823070415,2.484312806593812,0.0054,0.45,4
0.0114224916401888,0.0116956493959946,1.2612524682545454,-0.1257803167438607,9.343461902194411,0.0054,0.45,4
0.0115061040475413,0.0116171133395181,1.3934032391994362,-0.0749653862941913,7.852397728323017,0.0054,0.45,4
0.011598593193164,0.011542631649552,1.5181142310704836,-0.0052051883070232,6.1474342253393495,0.0054,0.45,4
0.0116936495877133,0.011471315398047,1.632638953818376,0.0788158804313808,4.347772058111722,0.0054,0.45,4
0.0109523113499266,0.0118479965624472,1.0548900622263913,-0.2761274303544176,13.25358961727614,0.0054,0.45,4
0.0110508524484554,0.0118251174582336,1.074385692971657,-0.252432448636147,12.53869593287689,0.0054,0.45,4
0.0091299968223371,0.0137964438739903,0.1237794888752825,-0.220766116221256,27.050285145792373,0.0054,0.45,4
0.009071541092126,0.0138856395352425,0.1168776019263628,-0.2206269975391533,27.225963092965483,0.0054,0.45,4
0.0088830703157333,0.0140322746206436,0.127871903743631,-0.245684785055687,27.29177310757419,0.0054,0.45,4
0.0089756700059392,0.0139643945460947,0.1216615269555112,-0.2339310896123142,27.269919654241125,0.0054,0.45,4
0.0092690220511634,0.0137230900138266,0.1065479824276782,-0.1851306809076324,27.072182325693017,0.0054,0.45,4
0.0093423696651879,0.0135638799357622,0.1304202762404475,-0.1991318817125739,26.533784532866,0.0054,0.45,4
0.0093016734867156,0.0136426345100642,0.1189585461528315,-0.1935141753187571,26.790791238158217,0.0054,0.45,4
0.0091665667525144,0.013727935595479,0.131871834835493,-0.2242482402745354,26.837455606632883,0.0054,0.45,4
0.0093805532233305,0.0134826290104265,0.1454732414160188,-0.2077696557186461,26.289199078638543,0.0054,0.45,4
0.0095280616783903,0.0132557735790456,0.1865900039788888,-0.2215810567111315,25.45702751691645,0.0054,0.45,4
0.0094746620023633,0.0133302800329467,0.1726593960075554,-0.2179403263499017,25.720127047475213,0.0054,0.45,4
0.0094235790783337,0.013407446552411,0.1589983242732611,-0.2137268143507868,25.97598604019713,0.0054,0.45,4
0.0106737097496679,0.0119540331872644,0.9608556436058232,-0.3271883590004503,15.132675013277987,0.0054,0.45,4
0.0105859860478773,0.011994394749526,0.9276632630919436,-0.3395313677241047,15.85552759711611,0.0054,0.45,4
0.0104077515332784,0.0121839746418522,0.7399924891056405,-0.3332496711875919,17.755164488362762,0.0054,0.45,4
0.0103247275360864,0.0122311539271614,0.7102549503944982,-0.3403460367653438,18.33950097017592,0.0054,0.45,4
0.0104095338011014,0.0120824731366379,0.8610257337921593,-0.3608907615120156,17.10407570765757,0.0054,0.45,4
0.0104915159272433,0.0120371907853051,0.8960026550321124,-0.3525679097878828,16.376188606706823,0.0054,0.45,4
0.009632311660093,0.013115054553679,0.2181996139106395,-0.2305765393854876,24.85474220489808,0.0054,0.45,4
0.0095784483150424,0.0131842656686918,0.2024914497859382,-0.2266670630272728,25.156974798043507,0.0054,0.45,4
0.0102419007309063,0.0122808117499529,0.6803219992768796,-0.3464532546364378,18.932305430693912,0.0054,0.45,4
0.0101595005971608,0.0123329462858542,0.6503968407366064,-0.3517470881306758,19.45392170143533,0.0054,0.45,4
0.0099929575148874,0.0127285898993631,0.3327534876323347,-0.2497065543305232,22.56543415795545,0.0054,0.45,4
0.0096887970899935,0.0130485407601372,0.2336573825612659,-0.2334744020818258,24.534768343477264,0.0054,0.45,4
0.0099265088009321,0.0127889414444911,0.312441667272782,-0.2482725465471873,23.016600297337494,0.0054,0.45,4
0.0098629124945376,0.0128515238134225,0.2919863529947058,-0.2457061525041266,23.431030230167924,0.0054,0.45,4
0.0097465916616276,0.0129790777262927,0.2529216082550202,-0.2381366490362486,24.19896987148097,0.0054,0.45,4
0.0098050211078808,0.0129132355368973,0.2724509839791507,-0.2421905791219596,23.821896324810712,0.0054,0.45,4
0.010105343445124,0.0125020715369764,0.4959386544260358,-0.3069598602048642,20.802623124952053,0.0054,0.45,4
0.0100796500681035,0.0123874306695704,0.6200877788839874,-0.3554577940383136,20.007959439573764,0.0054,0.45,4
0.0100311607765923,0.0125579140734216,0.4708856932069152,-0.3085285048557127,21.300081140807027,0.0054,0.45,4
0.0099591513699764,0.0126180970476101,0.4438453168693602,-0.3082010441561086,21.78924154369452,0.0054,0.45,4
0.0106894108418228,0.0118625873281314,1.0778403929139655,-0.3402632572557583,14.47997877398672,0.0054,0.45,4
0.0108761739361443,0.0117887270635325,1.1500176797005128,-0.304827454105974,13.03816816079922,0.0054,0.45,4
0.0107710710995705,0.0118005744510506,1.147556798435625,-0.3301050848740692,13.638919901926512,0.0054,0.45,4
0.0112266604997927,0.0117641022347771,1.1515649882741454,-0.2041849805310947,11.149311675714245,0.0054,0.45,4
0.0111082388819713,0.01172908083744,1.2126950428893604,-0.2446363374092361,11.534322661741376,0.0054,0.45,4
0.0113070543831489,0.0116658497640359,1.3040512007613208,-0.1757422597591451,9.802671288567248,0.0054,0.45,4
0.0117831893792284,0.0112758795199708,1.887262088376108,0.1768009321388017,1.7364062926988824,0.0054,0.45,4
0.0116786628488386,0.0113471153840767,1.7928411140352198,0.0813454147458423,3.4860686398551137,0.0054,0.45,4
0.0113907799539787,0.0115806084708076,1.438225771319504,-0.1335078612376867,8.371274761414556,0.0054,0.45,4
0.0114814793176184,0.0114992405535067,1.5658547217954464,-0.0760548154019665,6.849912922920823,0.0054,0.45,4
0.0115782079434843,0.0114218566662405,1.6844951456984685,-0.0036043725212101,5.20698140551788,0.0054,0.45,4
0.0109680140672263,0.0117235175261098,1.2318762406500807,-0.2870701243379825,12.107291684827018,0.0054,0.45,4
0.009081527774269,0.0137309267668259,0.1520724385482972,-0.2531649151937472,26.64033790649584,0.0054,0.45,4
0.0090230485160394,0.013785351018536,0.1516111146896645,-0.2592781535363609,26.763566047336607,0.0054,0.45,4
0.0089456443565257,0.0138552374342755,0.1520284690288076,-0.2665857667290314,26.84277642784729,0.0054,0.45,4
0.008777609507907,0.0139965596177912,0.157004681382122,-0.278873760573634,26.918395853258883,0.0054,0.45,4
0.0088605243184335,0.013924203362001,0.154839442413581,-0.2743738569041985,26.86737640567262,0.0054,0.45,4
0.0092707790936607,0.0134768587045153,0.1805634411901053,-0.2534301297964582,26.0015105283665,0.0054,0.45,4
0.0091928524270322,0.0136449241614765,0.1479907920885461,-0.2359486161552453,26.56422821944338,0.0054,0.45,4
0.0092298168535447,0.0135603365014781,0.1639084470706284,-0.2450959859756263,26.294416677422124,0.0054,0.45,4
0.0090954744466878,0.0136567034720011,0.169405858754314,-0.2667761174998396,26.36732125994496,0.0054,0.45,4
0.0094700091402891,0.0131590218889136,0.2541771191421449,-0.2787704795468637,24.84438430510406,0.0054,0.45,4
0.0093018670231658,0.0133886071687407,0.204492480197807,-0.2677836925263289,25.67513324120653,0.0054,0.45,4
0.0094176211364491,0.0132345940819883,0.2345862717051414,-0.2730336886108877,25.15031459537916,0.0054,0.45,4
0.0093594118940752,0.0133119158652126,0.21848471248921,-0.2699753142421278,25.401002775096163,0.0054,0.45,4
0.0105842230965593,0.011873215096357,1.081341308496482,-0.3635117690934489,14.937174309827023,0.0054,0.45,4
0.0105041012997755,0.0119461017376396,1.005052339459275,-0.3687453339197982,15.740913124556837,0.0054,0.45,4
0.0102390955047137,0.012177341517043,0.7954860021951483,-0.377023062374941,18.290207443328743,0.0054,0.45,4
0.0103225758925767,0.0121316348439878,0.8254521787076278,-0.3692157593896448,17.646503959521464,0.0054,0.45,4
0.0103275663021091,0.0120400432654553,0.9290061209793176,-0.3890105471633696,17.056641933030896,0.0054,0.45,4
0.0103982886545525,0.0119665568524587,1.0001047474253209,-0.3884708835862142,16.276463764053187,0.0054,0.45,4
0.0095805520198047,0.0130184821574482,0.2930739043519184,-0.2873222828693174,24.2251451624719,0.0054,0.45,4
0.0095245582740991,0.0130877917921618,0.2732147053709787,-0.283163704237386,24.54840362041645,0.0054,0.45,4
0.0101504412596273,0.0122327679693974,0.759063616969004,-0.3834782549098796,18.80758890571268,0.0054,0.45,4
0.0100640793425067,0.0122837392335729,0.729359656013457,-0.3901027876883081,19.353326229091262,0.0054,0.45,4
0.0098842816084958,0.0126796184060382,0.4197820116008331,-0.3088917150349738,22.243572162606583,0.0054,0.45,4
0.0096405090160923,0.0129504106196787,0.3131441021561489,-0.290415178299964,23.87268240612428,0.0054,0.45,4
0.0098171385067914,0.0127441857223664,0.3932017378450918,-0.3065336445335541,22.684937318089894,0.0054,0.45,4
0.0097562101996445,0.0128066712546678,0.3688009775823908,-0.303553461438035,23.08211347670425,0.0054,0.45,4
0.009698495195947,0.0128756237078557,0.341303547348553,-0.2976200906310309,23.513416966884208,0.0054,0.45,4
0.0100024822323791,0.0124452079171879,0.5884867799086378,-0.357418836626257,20.54127557757524,0.0054,0.45,4
0.0099837591756155,0.012342295171642,0.6932588724826186,-0.393031425887093,19.906400240860965,0.0054,0.45,4
0.0099268436334983,0.0125053467546097,0.5571120207330936,-0.3583462962877931,21.04105570260487,0.0054,0.45,4
0.0098503459241254,0.0125682783616518,0.5265354740169507,-0.3589241304694169,21.51223361411712,0.0054,0.45,4
0.0106519701665722,0.0117672517746979,1.2045493984720177,-0.3618911510548348,14.04877920093533,0.0054,0.45,4
0.010834847817071,0.0116890798402977,1.2885572965647036,-0.3252479882612314,12.552526556575629,0.0054,0.45,4
0.0107274162657041,0.0117001011077436,1.282233779592132,-0.3505454653393069,13.185015056135388,0.0054,0.45,4
0.0117736633698245,0.0111420597954572,2.0335686598517344,0.1752811505263538,1.1448448187461695,0.0054,0.45,4
0.0111837413858926,0.0116397624796861,1.342816722754432,-0.2226666751803436,10.31349888807363,0.0054,0.45,4
0.0110527237251992,0.0116163309772838,1.3774267738319557,-0.2669336643722691,10.926008151799875,0.0054,0.45,4
0.0112685324708736,0.0115469990466874,1.4791601568089126,-0.1872401193422627,8.993869750217975,0.0054,0.45,4
0.0116649297363274,0.0112164088214545,1.945952854996715,0.0833053792470513,2.7852913419238168,0.0054,0.45,4
0.0115584006262426,0.0112932792220437,1.845318354816001,-0.0017800247120599,4.43096180275692,0.0054,0.45,4
0.0113594070926652,0.0114585809300907,1.6095089604809154,-0.1384068358706278,7.546962818735051,0.0054,0.45,4
0.0114562294720293,0.0113743700546532,1.7318781782350492,-0.0763704753303894,6.028736186805474,0.0054,0.45,4
0.0109042505850546,0.0115898916064812,1.4159330964839796,-0.3110692437543694,11.54795526907783,0.0054,0.45,4
0.0090139450588638,0.0136919010131536,0.1788207091376679,-0.2837216423966024,26.342197847714747,0.0054,0.45,4
0.0089286753954335,0.0137431680640736,0.1840638331791955,-0.2961125559078927,26.404809211434355,0.0054,0.45,4
0.0088400845370881,0.0138100364318655,0.186057927445751,-0.3038676240578962,26.4514752612098,0.0054,0.45,4
0.0086672077169629,0.013959314997253,0.187761198419776,-0.3093982164679896,26.547716336571494,0.0054,0.45,4
0.0087540082798584,0.0138823264034556,0.1868481476753777,-0.3079796653783463,26.49608681478526,0.0054,0.45,4
0.0091935899009849,0.0133824539813913,0.2376661188491609,-0.3063168973940223,25.42156299041964,0.0054,0.45,4
0.009149061449729,0.0134702985697552,0.2163775780494814,-0.2971316262290775,25.74162828330841,0.0054,0.45,4
0.0091156758613932,0.0135645868229917,0.1927452691123492,-0.283385455764812,26.081113767211125,0.0054,0.45,4
0.0090200764916573,0.0135892360720113,0.2082895048607161,-0.3062026420638374,25.97496133261413,0.0054,0.45,4
0.0094136603414011,0.0130601650111918,0.3247884146815326,-0.3299665759941099,24.24233176209128,0.0054,0.45,4
0.0093598820328992,0.0131330196327205,0.3025234661837719,-0.3247205775166178,24.600956884308264,0.0054,0.45,4
0.0092413151815403,0.0132930059669257,0.2615430620364654,-0.3159341541173365,25.171188140803725,0.0054,0.45,4
0.00930100971831,0.0132157415311502,0.2794138339720889,-0.3191375504026062,24.845923510596894,0.0054,0.45,4
0.0091405678589533,0.0132915727065949,0.2890623630391174,-0.3458841801889282,24.992137133220595,0.0054,0.45,4
0.0105411991045682,0.0117420905031416,1.2461712917174077,-0.3887586256186571,14.32944301954976,0.0054,0.45,4
0.0104503831954124,0.0118393030944595,1.1410269875938155,-0.3971227786496877,15.27774177357168,0.0054,0.45,4
0.010156452709218,0.0121358803963462,0.8601400445588684,-0.4053838367876376,18.15730900595088,0.0054,0.45,4
0.0102302121303312,0.0120639618839162,0.9222666198045772,-0.4053116970737772,17.48701006959477,0.0054,0.45,4
0.0102792024797392,0.0119559234271399,1.0322879383400083,-0.4143442459623653,16.727161807708487,0.0054,0.45,4
0.0103362010567747,0.0118764355521527,1.1129358884982976,-0.4145434435429099,15.92095258551068,0.0054,0.45,4
0.0095264529380767,0.0129226283106789,0.3700764224920163,-0.338077278204668,23.60280876325324,0.0054,0.45,4
0.0094701695580329,0.0129898938511847,0.3471415442743821,-0.3340679808568353,23.997705411137503,0.0054,0.45,4
0.0100538961054864,0.0121587361286274,0.8584723528031584,-0.4222387815057855,18.57819113401402,0.0054,0.45,4
0.009963091798627,0.0122332641086483,0.8039582540171853,-0.4243921727837687,19.19955989316902,0.0054,0.45,4
0.0097783491885582,0.0126358039032067,0.49365724722102,-0.3569312354103128,21.99367518937869,0.0054,0.45,4
0.009595283600017,0.0128468013097859,0.3971262800159299,-0.3414141366412049,23.2807969609826,0.0054,0.45,4
0.0097121238082161,0.0127038783040463,0.4616850851031087,-0.3536525398001486,22.40879801041831,0.0054,0.45,4
0.0096493530039695,0.0127688031836968,0.4339503909211752,-0.3508311045742687,22.78343587220759,0.0054,0.45,4
0.0099063707348427,0.0124037631638664,0.6564982235441131,-0.3943494557366985,20.42044008143441,0.0054,0.45,4
0.0098857519862107,0.0122995440302984,0.7583493965285145,-0.425242799228243,19.79840189708244,0.0054,0.45,4
0.0098282120733219,0.012466349450392,0.6219073873484701,-0.3955516194596357,20.9281186141248,0.0054,0.45,4
0.0097409924674425,0.0125319681592062,0.590277082381638,-0.3982456578741891,21.41847903347247,0.0054,0.45,4
0.0093842026279017,0.0129785995539908,0.3795436987928271,-0.3626317983524173,23.84631277105832,0.0054,0.45,4
0.0106354681167933,0.0116435968716487,1.3576498176373148,-0.3752117673799349,13.223921809161098,0.0054,0.45,4
0.0107558541428832,0.0115753711354347,1.43689376389849,-0.3499131048064634,12.188188838784518,0.0054,0.45,4
0.0117657049436235,0.011002189531335,2.1720072031141133,0.1729688368098541,0.6677773776960204,0.0054,0.45,4
0.0116516272583396,0.011078434280546,2.0921578259057534,0.084381916441519,2.2159953715224496,0.0054,0.45,4
0.011139236351525,0.0115162031724999,1.5158373173344175,-0.2364284193174068,9.598913277920088,0.0054,0.45,4
0.0110017954071268,0.0114869423190179,1.5493865195978564,-0.2817940043274669,10.301163317505816,0.0054,0.45,4
0.011231300536785,0.0114208084570607,1.648292741755771,-0.1941887600726193,8.25322907990059,0.0054,0.45,4
0.0115402183352999,0.0111582056295505,1.998289705851345,0.0009709790526927,3.7775668016036055,0.0054,0.45,4
0.0114320256968344,0.0112415465307127,1.8919700492628488,-0.0747247332180563,5.325445537796981,0.0054,0.45,4
0.0113287956728778,0.0113290694139652,1.774600518930287,-0.1401762694063175,6.822133095754935,0.0054,0.45,4
0.0108558065772142,0.0114568578071456,1.5817589007196944,-0.3230387067186139,10.960611136331082,0.0054,0.45,4
0.0117590242167124,0.0108564858593806,2.3019778396129773,0.1698743452683322,0.2855564235534507,0.0054,0.45,4
0.0117543915717135,0.0107061627415024,2.4222664549970223,0.1665703113693676,-0.0268006425339159,0.0054,0.45,4
0.0089244659196246,0.0136322756390565,0.216935414296467,-0.3220780250934118,25.95749681875151,0.0054,0.45,4
0.0088298007252934,0.0136926554523399,0.2198384053787209,-0.3315354372184547,26.01948386448419,0.0054,0.45,4
0.0087359588052485,0.0137640180917313,0.220010249058203,-0.336453738779797,26.073991890663603,0.0054,0.45,4
0.0085511504505013,0.0139200260269414,0.2200942091863933,-0.3374422701779007,26.178724929320225,0.0054,0.45,4
0.0086423948936936,0.0138392184116409,0.2202077668174633,-0.3386563180681746,26.12695705545462,0.0054,0.45,4
0.0090830605288427,0.0133916540945445,0.2626891717683378,-0.3366095503947974,25.29550893705399,0.0054,0.45,4
0.0090349404037041,0.0134822393250656,0.2407256283655519,-0.3276894948233193,25.607242297266385,0.0054,0.45,4
0.0089303760163054,0.0135094667101149,0.2554381165927628,-0.3482192398811837,25.49207152751185,0.0054,0.45,4
0.0092694612876747,0.0131252435792978,0.3323594787907921,-0.3538296913718095,24.39276471959973,0.0054,0.45,4
0.0093058923300355,0.0130341931826967,0.3700126581902818,-0.3688205017807635,23.998767454318426,0.0054,0.45,4
0.0091844806589546,0.0131855561367391,0.3253133475493959,-0.3613631519679341,24.570116887443195,0.0054,0.45,4
0.0090431972867141,0.0133026785565946,0.3082529548895303,-0.3681443912481228,24.94896129270914,0.0054,0.45,4
0.0090605913991404,0.0132122428671694,0.3433119402644036,-0.3852097013720388,24.550759172283648,0.0054,0.45,4
0.0105208775443849,0.0116144825708046,1.3957670332207115,-0.3997934251644624,13.626658347401053,0.0054,0.45,4
0.0104296611714075,0.0117016204123513,1.301073000962666,-0.4134466753540967,14.524787901126215,0.0054,0.45,4
0.0103362428121596,0.0117744010275934,1.2264569589557035,-0.4253902478113959,15.383218588359826,0.0054,0.45,4
0.0101086151992041,0.012046589288561,0.9628843488594708,-0.4323863267770587,17.7667669158681,0.0054,0.45,4
0.010174411998149,0.0119491859830497,1.0550603826283294,-0.4352813089123895,16.96319129466903,0.0054,0.45,4
0.0102470003282651,0.0118470626264726,1.1554173647847203,-0.4344641521625391,16.094011792861266,0.0054,0.45,4
0.0095015696491281,0.0128407428241399,0.4301715184682594,-0.3702451524133802,23.188178142000528,0.0054,0.45,4
0.0094233846882844,0.0128941280056802,0.4186887905948405,-0.3761466088731048,23.38709796718285,0.0054,0.45,4
0.0099990005211114,0.0120338247723775,0.992870175949002,-0.4537271882834991,17.95072610956294,0.0054,0.45,4
0.0099308919730654,0.0121206542347567,0.918638504445005,-0.4518167312587465,18.659276539256314,0.0054,0.45,4
0.0098597750995945,0.0121943246485312,0.8612594047884263,-0.4514398131163384,19.215556990396863,0.0054,0.45,4
0.0096794245030516,0.0126137262417263,0.5416268456436107,-0.3901214411202243,21.896292921422603,0.0054,0.45,4
0.0095343801382123,0.0127523550586053,0.4805208542777556,-0.387237486154377,22.688476376960068,0.0054,0.45,4
0.0096117747077457,0.0126778580487636,0.5120583143676288,-0.3888150865096951,22.30176990263577,0.0054,0.45,4
0.009809762109608,0.0123632035438704,0.7179041056242522,-0.4261260362181685,20.29940493376698,0.0054,0.45,4
0.0097913754505223,0.0122601940040038,0.8137976788574705,-0.4513082880290817,19.774134097670267,0.0054,0.45,4
0.0096494311871025,0.01254074853784,0.6075487345255023,-0.4167077614477978,21.51464790052086,0.0054,0.45,4
0.0097339966152553,0.0124252729850408,0.6816598735514566,-0.4272760087038074,20.72034246476824,0.0054,0.45,4
0.0096671759451387,0.0124735845851891,0.6573961943817829,-0.429361305692059,21.08268620186677,0.0054,0.45,4
0.0093073867514473,0.0129142126697882,0.4374909486945906,-0.3995237527590125,23.484530080344825,0.0054,0.45,4
0.0117516391811814,0.0105529993213045,2.531598586237852,0.1629754614152508,-0.280569584854686,0.0054,0.45,4
0.0106160783479521,0.0115184727243113,1.5043454215851169,-0.3814721076425899,12.623001321491158,0.0054,0.45,4
0.0104933799438008,0.011501437913628,1.5211152731292747,-0.4051198561647378,13.165187276969746,0.0054,0.45,4
0.0107130394716948,0.0114227972517504,1.6159017372730398,-0.3573491356627689,11.54423558262812,0.0054,0.45,4
0.0116406120625539,0.0109344389933121,2.229754300807771,0.0860179920794029,1.7373387275146115,0.0054,0.45,4
0.0115236973930225,0.0110158176599146,2.143782976438214,0.0048647093643408,3.225836176843305,0.0054,0.45,4
0.0110974476661266,0.0113863029510388,1.681486200510962,-0.2440286575732045,8.953983977221926,0.0054,0.45,4
0.010961306759179,0.0113560644954158,1.7075659770020877,-0.2871830174847584,9.722420146164,0.0054,0.45,4
0.0111948813313405,0.0112874188294259,1.8105027661917648,-0.1967528338490236,7.618982798951476,0.0054,0.45,4
0.0114102342305938,0.0111005266475094,2.045508180381347,-0.0702858630760692,4.712735227030707,0.0054,0.45,4
0.0112996067992242,0.0111912497329985,1.9336095278698016,-0.1384048001067253,6.191819739624116,0.0054,0.45,4
0.0108215955104189,0.0113072704170795,1.752667454434055,-0.3233445931665377,10.346048341240424,0.0054,0.45,4
0.011633711872665,0.0107845197024089,2.358444059973984,0.0892651294642329,1.32762046957909,0.0054,0.45,4
0.0116289882683818,0.010631664573544,2.4756066181740426,0.0925422593424315,0.9870634395182316,0.0054,0.45,4
0.0088252973858769,0.013569757660123,0.2582595082119618,-0.358755057221348,25.56130635333168,0.0054,0.45,4
0.008427938948291,0.0138789845773247,0.2538485209097944,-0.3630439589235935,25.81167829079219,0.0054,0.45,4
0.0087228139380391,0.0136394173947493,0.2578486463634099,-0.3646805464670697,25.632079839840824,0.0054,0.45,4
0.0086218025922358,0.0137144565378879,0.2566155856805089,-0.3673187965748936,25.694927047116327,0.0054,0.45,4
0.008523358752997,0.0137941908219668,0.2551407318569357,-0.3667729365605092,25.75501101882969,0.0054,0.45,4
0.0089579680979786,0.0133820943236139,0.2956701338776946,-0.3704148545080704,25.07752039025244,0.0054,0.45,4
0.0088306566511627,0.0134369834752799,0.3025213142283912,-0.3854562014856044,25.10345460697549,0.0054,0.45,4
0.0091863304663432,0.0130574084157441,0.3882275403927111,-0.392800387921854,24.01648123466548,0.0054,0.45,4
0.0092053916011807,0.0129425010882825,0.4458445636944922,-0.4157481976063827,23.485836344165467,0.0054,0.45,4
0.009088069135774,0.013103554522922,0.3879561840190481,-0.4039436484748559,24.145024222522697,0.0054,0.45,4
0.008950953152039,0.0132504722930933,0.3508418306286769,-0.4005014814216848,24.582624515852185,0.0054,0.45,4
0.0089734112058578,0.0131429939789757,0.3940374981150553,-0.418666624612206,24.13093137469881,0.0054,0.45,4
0.0104072607406204,0.011580715331267,1.4349158210288762,-0.4210547191212994,13.979375506046296,0.0054,0.45,4
0.0104008142508112,0.0114880493477153,1.5332379781816867,-0.420796123464524,13.505013803360182,0.0054,0.45,4
0.0103144844258835,0.0116438827557622,1.368693854854844,-0.435720091835961,14.73529553500778,0.0054,0.45,4
0.01022293133973,0.0117304448685731,1.2807421811086075,-0.4471744080801669,15.54631794912409,0.0054,0.45,4
0.0100629679968893,0.0119204155017765,1.0981872400987305,-0.4574840572680895,17.13419245834726,0.0054,0.45,4
0.0101356924764086,0.011821863413289,1.1917933830895215,-0.4549327101324987,16.33346207901369,0.0054,0.45,4
0.0099493596269901,0.0119157436446324,1.113340692610952,-0.4742681164952241,17.43745930855323,0.0054,0.45,4
0.0094268511017903,0.012787556680042,0.4857255683395599,-0.4039497879822259,22.85790044918577,0.0054,0.45,4
0.0093469576871194,0.0128251969860849,0.4816462943889682,-0.4126672869031968,22.97107144676413,0.0054,0.45,4
0.0098847435907098,0.0120127007606443,1.0275952997873077,-0.473698238734032,18.140322959313817,0.0054,0.45,4
0.0098235261923702,0.0120870534224442,0.9657707097720362,-0.4735409914717639,18.72040142458404,0.0054,0.45,4
0.0097640104441232,0.0121652344265789,0.9030468635787888,-0.4715996769781963,19.149893863865064,0.0054,0.45,4
0.0094453627963053,0.0127024949301357,0.5384722210645128,-0.4210414974649751,22.414294966046604,0.0054,0.45,4
0.0095848939637329,0.0125861536417173,0.5882489299285969,-0.4196716665982705,21.75816199726457,0.0054,0.45,4
0.0095104528515175,0.0126422161701088,0.5650054178542431,-0.4218837613619332,22.071993367374592,0.0054,0.45,4
0.0097128606715012,0.012324091442662,0.772810303109185,-0.4530393687836246,20.18643182349716,0.0054,0.45,4
0.0097127221068229,0.0122284001921603,0.85539459242357,-0.469506455756657,19.708246477327208,0.0054,0.45,4
0.0095741622159228,0.0124825213739797,0.6709771748203909,-0.4458404502709657,21.195384855189683,0.0054,0.45,4
0.0096349540703888,0.012387954707898,0.7342502829359129,-0.4541655186546972,20.66191013412496,0.0054,0.45,4
0.0092351418411472,0.0128105187510306,0.516302296803287,-0.4391012957256129,22.88961699817128,0.0054,0.45,4
0.0117497416278093,0.0103983892906748,2.62947967326282,0.1585779167363343,-0.4847088005382965,0.0054,0.45,4
0.0116257746272646,0.010477034926766,2.5809140557773933,0.0954138698564991,0.7077406419171958,0.0054,0.45,4
0.0104412414155401,0.0114278533301679,1.5975301875584682,-0.4117215869895337,12.852739694871428,0.0054,0.45,4
0.0105515860877051,0.0113825532692435,1.651423353340183,-0.389544654692079,12.15202917096686,0.0054,0.45,4
0.0106769926392788,0.0112957671993809,1.752577371662248,-0.3569400885665414,11.084932085656291,0.0054,0.45,4
0.0115135932227624,0.0108658821686897,2.281726732715663,0.0126413427810408,2.726406700093792,0.0054,0.45,4
0.0107507282439534,0.0112091798654303,1.850060766668136,-0.3313443261057223,10.218019927480109,0.0054,0.45,4
0.0113932622994896,0.0109517888970776,2.191357672642207,-0.0618987961312454,4.1612542893043845,0.0054,0.45,4
0.0110563546122831,0.0112502740006384,1.8388224990705493,-0.2461838187627665,8.349085150834162,0.0054,0.45,4
0.0109373980325707,0.011243189362646,1.8339568790203973,-0.2842268782484082,9.20584322088121,0.0054,0.45,4
0.0111588372694264,0.0111445577406183,1.967343561357161,-0.1948667789819952,7.087149735758259,0.0054,0.45,4
0.0112741015417268,0.0110435553098327,2.087213430206465,-0.1318698689986731,5.614384293928459,0.0054,0.45,4
0.010855896284939,0.0111670350873746,1.9060729570273007,-0.2994244142357035,9.219709957226591,0.0054,0.45,4
0.0115067829331832,0.0107125965685206,2.4078348804124734,0.0215702349191468,2.297535407488524,0.0054,0.45,4
0.0115021067716561,0.0105571936990255,2.521604087751724,0.0307295989339916,1.9396901678117884,0.0054,0.45,4
0.0082977203041064,0.0138371182297234,0.2883050218958545,-0.3858084193625608,25.45181489354948,0.0054,0.45,4
0.008713260463899,0.0135078808848239,0.3014786702777039,-0.3926946557528679,25.169613909336416,0.0054,0.45,4
0.0083966836967579,0.0137479016541353,0.2910153753762649,-0.3919387528169506,25.38776909636567,0.0054,0.45,4
0.0086037601562381,0.0135829162983225,0.2984557163150423,-0.3957133582493479,25.24437845215306,0.0054,0.45,4
0.0084985917479505,0.0136630252240322,0.2946490459476245,-0.3953203996708547,25.31733143362992,0.0054,0.45,4
0.0088314946151668,0.0133051573243024,0.3526732176902965,-0.4121543912161511,24.6107730284287,0.0054,0.45,4
0.0087077015978063,0.0133721457503463,0.350541579967655,-0.4196184104590612,24.69280809492725,0.0054,0.45,4
0.009114997604835,0.0128457746586404,0.520034426006842,-0.4532729234979485,23.0816243705518,0.0054,0.45,4
0.0091339449609431,0.0127498183096828,0.5730217388192238,-0.4680312293533631,22.636758456013176,0.0054,0.45,4
0.009074270989065,0.0129707055751074,0.4589748919059824,-0.4357056389449588,23.52902695836792,0.0054,0.45,4
0.0089971624648184,0.0130472561168445,0.4354121047455661,-0.4338023768976479,23.789501519394666,0.0054,0.45,4
0.0088390519616031,0.0131576643076843,0.4136676386839376,-0.4392811741435606,24.10938515760409,0.0054,0.45,4
0.008909435395554,0.0130632244984504,0.4444053020655317,-0.4455266531531697,23.74772867841595,0.0054,0.45,4
0.0103598001554552,0.0114152771215067,1.6058773814019045,-0.4242921648407977,13.27907582604588,0.0054,0.45,4
0.0103023887119477,0.0115149623812198,1.5027747063262,-0.4374327528780198,14.1282351773919,0.0054,0.45,4
0.0101991570095653,0.0116035623024603,1.411330778704308,-0.4534995628873011,14.922348676543974,0.0054,0.45,4
0.0101050102178369,0.0116918956890471,1.3239876223004272,-0.4654358409933476,15.798506096010554,0.0054,0.45,4
0.0100018316867654,0.0117921737325475,1.2293532610272135,-0.4756434892676665,16.592367942939095,0.0054,0.45,4
0.0098309907042528,0.0119082164915154,1.1293604748868633,-0.4896121894647926,17.726848055180778,0.0054,0.45,4
0.0098870438502798,0.0118287133898458,1.1996543733979326,-0.4873086042038521,17.104634792326134,0.0054,0.45,4
0.0093342996223926,0.0127193656199994,0.5526446332517362,-0.4400095148062503,22.48183927317175,0.0054,0.45,4
0.0097694712391274,0.0119949600846319,1.0552007745906036,-0.4903501867680471,18.316090738514912,0.0054,0.45,4
0.009737326239674,0.0120844844956793,0.978344258471432,-0.4855941349146191,18.796980404149423,0.0054,0.45,4
0.0096605355743053,0.0121378721608232,0.940444604222603,-0.4894141379927394,19.316727969374,0.0054,0.45,4
0.0094004050293796,0.012616720387281,0.6081118464553824,-0.4494977322653311,21.999797422482484,0.0054,0.45,4
0.0094760536422368,0.0125459012750071,0.6434886638210869,-0.4505719672821487,21.57652804327197,0.0054,0.45,4
0.009463187350534,0.0124484306127563,0.7187957071822915,-0.4712713802087233,21.131771107858302,0.0054,0.45,4
0.0096034963696928,0.0122560060376931,0.8485385706855783,-0.4818389715812375,19.967037627499906,0.0054,0.45,4
0.0095199422889739,0.0123640464673515,0.7742757483536414,-0.4771315067241892,20.53564933217638,0.0054,0.45,4
0.0092078643421085,0.0126864415575012,0.5990016890167218,-0.4682435768696962,22.32907028876968,0.0054,0.45,4
0.0081611802641896,0.0137950105231096,0.3226874592466781,-0.4054839506011486,25.10272848514077,0.0054,0.45,4
0.0117487556573602,0.0102431387181237,2.716025027806657,0.153545891065327,-0.6512565430689835,0.0054,0.45,4
0.0116237403277174,0.010321565893251,2.6744203341358848,0.0977347777210406,0.4778303788674569,0.0054,0.45,4
0.0117481824280059,0.0100876516267631,2.79164283730645,0.1477561011421997,-0.788090019899918,0.0054,0.45,4
0.0117479303466133,0.0099321651938102,2.856773999638426,0.1412742667415284,-0.9034032039940612,0.0054,0.45,4
0.011499038927371,0.0104009760139749,2.6228352480028114,0.0396799166576451,1.641600105375354,0.0054,0.45,4
0.0117478353876314,0.0097767384537914,2.9118585005278046,0.1341190102997229,-1.0030814967531754,0.0054,0.45,4
0.011747794184309,0.0096213603944683,2.957259695768684,0.1263213888811493,-1.091722476868416,0.0054,0.45,4
0.010433030276247,0.0113427273855194,1.683905444753856,-0.4076132666708789,12.49667962285841,0.0054,0.45,4
0.0103339963623566,0.0113423722643017,1.6760788874667671,-0.4228611314564702,13.035641837909534,0.0054,0.45,4
0.0105288714364926,0.0112644980625671,1.7707939474741183,-0.3839208374720014,11.689056312447862,0.0054,0.45,4
0.0106385662032687,0.0111822465881342,1.8644234995117592,-0.3534779715077356,10.728984629503136,0.0054,0.45,4
0.0113840034519125,0.0107974637512051,2.327387339327539,-0.0488984172181679,3.6474937340381537,0.0054,0.45,4
0.0107454982818443,0.0111098456340781,1.949048485495164,-0.3204188210554948,9.734246733667844,0.0054,0.45,4
0.01125973795401,0.0108877032134283,2.2335572087390907,-0.1176922777096621,5.039812135391731,0.0054,0.45,4
0.0109975595963667,0.0111074329774899,1.985728862435004,-0.2493399610683224,7.955802969318242,0.0054,0.45,4
0.0111311712909461,0.0109869447539302,2.123306114321505,-0.1845646534211934,6.532282920199108,0.0054,0.45,4
0.0108698540240716,0.0110406246956383,2.0335153470435205,-0.2784224535179018,8.606604555752968,0.0054,0.45,4
0.0113780336193903,0.0106402255594276,2.4509720218630924,-0.0344282578736626,3.207168499445366,0.0054,0.45,4
0.0113741415067069,0.0104822937544828,2.5610464059587468,-0.0196070578130256,2.8346247281686936,0.0054,0.45,4
0.0082630496033748,0.0137014010765288,0.3268724496674492,-0.4136797622630636,25.0336236117338,0.0054,0.45,4
0.0085888141082691,0.0134460672854137,0.3457644687069172,-0.4230267066956354,24.779108652360023,0.0054,0.45,4
0.0083678341569204,0.0136112352449736,0.3327749529745583,-0.4196033739843086,24.950480343875707,0.0054,0.45,4
0.0084762044944322,0.013525762519459,0.3394347734874312,-0.4228433017247039,24.865943545519013,0.0054,0.45,4
0.0087026109967431,0.0132316012217547,0.4064948583998811,-0.4455829471956432,24.19725209743481,0.0054,0.45,4
0.0085754679135382,0.0133050254043173,0.3988428980745288,-0.4487905639826032,24.29596654132108,0.0054,0.45,4
0.0090935645127234,0.0126570144819799,0.6361505333515597,-0.4887673459610089,22.24350332637363,0.0054,0.45,4
0.0090412387396569,0.0127560539287509,0.5848673967502691,-0.4800147664670876,22.581416158554383,0.0054,0.45,4
0.0089991461001624,0.0128472359379296,0.5401118704866318,-0.4706589012209114,23.01658214831452,0.0054,0.45,4
0.0087021299649885,0.0130934753331216,0.465465584579095,-0.4682904813683908,23.741295062092487,0.0054,0.45,4
0.0089287946247297,0.0129512048966691,0.4966503816916824,-0.4628541960572687,23.35074897200985,0.0054,0.45,4
0.0088057463333139,0.0130167565357107,0.4844419212944107,-0.4679708030623133,23.483133271502656,0.0054,0.45,4
0.0102623318338279,0.0113994869685128,1.615455560854447,-0.4373284931464943,13.71819430262101,0.0054,0.45,4
0.0101741239666186,0.0114810360884573,1.531344568382557,-0.4534453626252164,14.425986072139722,0.0054,0.45,4
0.0100765663778339,0.0115620509327485,1.449943413731365,-0.4681840103935324,15.199555857075834,0.0054,0.45,4
0.0099857482185503,0.0116461303608691,1.3687462548819622,-0.4797693177119187,15.932617403412989,0.0054,0.45,4
0.0097115910120202,0.0118939078363581,1.148179977379148,-0.5030142276497954,17.94193154985456,0.0054,0.45,4
0.0098860940341443,0.0117220228037147,1.298140393222294,-0.4901860814578745,16.618109137060852,0.0054,0.45,4
0.0097883006763006,0.0117983377538909,1.230376978911773,-0.49860416060075,17.239755791000338,0.0054,0.45,4
0.0092751660112709,0.0125960160681199,0.6462783665180541,-0.4740492238516092,21.86830965248992,0.0054,0.45,4
0.0096447757284122,0.012014198867036,1.047993209671528,-0.5030421550814069,18.681631940856708,0.0054,0.45,4
0.0095427794089482,0.0121184857398045,0.9688663019423066,-0.505103233014858,19.39461790328114,0.0054,0.45,4
0.0093602113647499,0.012493693416022,0.7030057159253361,-0.4791549703373423,21.41089582467985,0.0054,0.45,4
0.009394725356237,0.0123651146072642,0.7915654392808587,-0.4935971617250812,20.75088213035228,0.0054,0.45,4
0.0094406782243564,0.0122311890158116,0.8888799405057541,-0.5048617340307597,20.03983205301635,0.0054,0.45,4
0.0091519675546675,0.0125744570301251,0.6799002238427136,-0.4937973104973807,21.848044934828323,0.0054,0.45,4
0.0080192020923507,0.0137532163197342,0.3562243555012973,-0.4219558642457006,24.768481069307995,0.0054,0.45,4
0.0081234869214169,0.0136559896371767,0.3616638409312923,-0.4316955376377191,24.69440785717112,0.0054,0.45,4
0.0119190385658678,0.0057321499250984,0.0816726695005005,-0.0041332621005297,26.1570236714022,0.0054,0.45,4
0.0117477718102731,0.0094660113612412,2.993244196548364,0.1179186880012106,-1.1729773710303386,0.0054,0.45,4
0.0117477652853712,0.0093106732896931,3.019990360883824,0.1089388877318014,-1.2494641172469836,0.0054,0.45,4
0.0117477655672853,0.0091553360691263,3.0375979488510114,0.0993973733018754,-1.3227869629589235,0.0054,0.45,4
0.0116225967386886,0.0101658294575026,2.756500533977752,0.0994077703082414,0.2872156137331264,0.0054,0.45,4
0.0114972075116579,0.0102445992557243,2.7119617321843594,0.0481751058751961,1.3929561391476035,0.0054,0.45,4
0.011622035282269,0.0100101166916644,2.8276626445009625,0.1003608137619293,0.1280790235185095,0.0054,0.45,4
0.0116218062325455,0.0098545318672091,2.8884193389872923,0.1005687009239777,-0.0063708690807978,0.0054,0.45,4
0.0113717077304672,0.0103246177798947,2.657980366249284,-0.0049743027365687,2.522810491089022,0.0054,0.45,4
0.0116217162143585,0.0096990745565419,2.939218435058845,0.1000436060789371,-0.1214901110182901,0.0054,0.45,4
0.0116216736495752,0.0095436937531402,2.98041364642387,0.0988305155539319,-0.2217637938277183,0.0054,0.45,4
0.0102541667825988,0.0112838516363637,1.72411586981937,-0.428249510063416,13.15153419467004,0.0054,0.45,4
0.010378003696569,0.0112368553055941,1.7817000668613496,-0.4061848554492302,12.288270132724277,0.0054,0.45,4
0.0105006695977134,0.0111486462752261,1.8795112505955112,-0.3755739019148293,11.31942221392751,0.0054,0.45,4
0.0106212237993971,0.0110669824412281,1.972451259440087,-0.3417556858904209,10.281092116024196,0.0054,0.45,4
0.0112525055733685,0.0107272427639981,2.3685814288288047,-0.0991490853340046,4.510871483903331,0.0054,0.45,4
0.01073665688347,0.0109929648807901,2.058213223863908,-0.3054267555259891,9.2726296850238,0.0054,0.45,4
0.0111235785204887,0.0108192581764854,2.274009508362376,-0.1627029289306744,5.889649689068303,0.0054,0.45,4
0.0109734053755264,0.0109194040370764,2.163113524714652,-0.2295463997995572,7.29274789112005,0.0054,0.45,4
0.0108352571580333,0.0109260420110555,2.1343138749430977,-0.2699774079534361,8.272289619285475,0.0054,0.45,4
0.0112482917833377,0.0105664372886979,2.4888406968505605,-0.0792281346151985,4.056058814482996,0.0054,0.45,4
0.0112455295685304,0.0104066135748542,2.5945031204721967,-0.0591740287769217,3.675603534386602,0.0054,0.45,4
0.0082300562725129,0.013560102522508,0.3699980288312983,-0.4398057246880342,24.60419349358116,0.0054,0.45,4
0.0084562333099168,0.0133824560227331,0.3899870120613547,-0.4487934842862767,24.40659702376007,0.0054,0.45,4
0.0083409854244602,0.0134680324790085,0.3799024050611566,-0.4457096982482161,24.496772821953105,0.0054,0.45,4
0.0084384834359456,0.0132321184924828,0.44706032161784,-0.4727330689241616,23.93265506994223,0.0054,0.45,4
0.008559817445425,0.0131561379180594,0.4600169720474228,-0.4733662600928195,23.799538032249007,0.0054,0.45,4
0.0090328638804235,0.0125583287896253,0.7054172725061042,-0.5083007744179877,21.790883967323563,0.0054,0.45,4
0.0089878877440017,0.0126461068431647,0.6574129645803723,-0.501740145329801,22.175373886683108,0.0054,0.45,4
0.0085688610871043,0.0130152318128362,0.5189084940594619,-0.4915456247440978,23.35909843396284,0.0054,0.45,4
0.0089369134297329,0.01274102492544,0.6089467703793837,-0.4942631598827867,22.44619019440047,0.0054,0.45,4
0.0088936542575933,0.0128298225231646,0.5661482210944688,-0.4862888498170593,22.84489696280473,0.0054,0.45,4
0.0086887418783513,0.0129469522647812,0.5348941039986653,-0.490567559028096,23.171170901486704,0.0054,0.45,4
0.0088002193303656,0.0128791101920037,0.5534078959452423,-0.4893932958021056,22.99416228931321,0.0054,0.45,4
0.0101495603836182,0.0113603192277758,1.6433652203115507,-0.4479583563490626,13.944518711938596,0.0054,0.45,4
0.0101403807510517,0.0112433448133763,1.7477768779624296,-0.436458045060831,13.495094882072864,0.0054,0.45,4
0.0100463061539716,0.0114351870066946,1.566492801752461,-0.4647464494821493,14.712332145880152,0.0054,0.45,4
0.0099490522505087,0.0115144933447368,1.4884298904626136,-0.4788934228087035,15.4387892836724,0.0054,0.45,4
0.0098559473644587,0.0116003476274166,1.4072815923157904,-0.490876226942524,16.146537866719047,0.0054,0.45,4
0.0095884348459979,0.0118831952240064,1.1611839697942796,-0.5138211622467431,18.17543633232512,0.0054,0.45,4
0.009672537032745,0.0117772627464849,1.249669525190246,-0.5085125312210872,17.48942852286085,0.0054,0.45,4
0.0097615306011323,0.0116851853573369,1.3299721411183203,-0.5007645196160815,16.818515748578864,0.0054,0.45,4
0.0092068453683662,0.0124798756893385,0.7351313344464535,-0.5003906019158143,21.425690476304226,0.0054,0.45,4
0.0095033714025397,0.0119864294626743,1.0788956077227434,-0.5170114223817993,18.84281158390004,0.0054,0.45,4
0.0094106047835767,0.0120863839512875,1.0040672622834073,-0.5190971935071148,19.42888675579658,0.0054,0.45,4
0.0092638291315629,0.0123719155593912,0.8034190584244264,-0.5075854012605769,20.94094680276741,0.0054,0.45,4
0.0093214506622914,0.0122809628790485,0.8632297804763882,-0.5113404256956748,20.414865041360603,0.0054,0.45,4
0.0093110016657896,0.0121706895992085,0.945946696082818,-0.521378962638145,19.99197371408489,0.0054,0.45,4
0.0090816968186816,0.0124624665706434,0.7612305487585062,-0.5145454891382545,21.371271271842968,0.0054,0.45,4
0.0078725909477823,0.013712157230228,0.3882397929740824,-0.4352801892635177,24.45217746759836,0.0054,0.45,4
0.0079784634293261,0.01361229129039,0.3946947644483907,-0.4460028681824272,24.37539200026681,0.0054,0.45,4
0.0080862658503016,0.0135124120306004,0.4048279938439256,-0.4555687885202328,24.276597197249018,0.0054,0.45,4
0.0118552394159147,0.0057536878383427,0.1371580864537241,0.0032683813222573,28.967769947660376,0.0054,0.45,4
0.011838095056169,0.0057293369682124,0.07663094963904,0.0051727957454441,28.92225251708312,0.0054,0.45,4
0.0117723951021672,0.0057506118211727,0.1299579927893872,0.0094893756100062,19.365642316026136,0.0054,0.45,4
0.0117572220514445,0.0057240735606611,0.0726559294231639,0.0055623818231688,17.430357908149098,0.0054,0.45,4
0.0116216532606971,0.0093883431484053,3.0122528663096,0.0969798768794008,-0.3105950816539424,0.0054,0.45,4
0.0116216481809132,0.0092330043342519,3.0348863536657724,0.0945340073938712,-0.3903685422000276,0.0054,0.45,4
0.0117477664627422,0.0089999979301901,3.0460956197351874,0.0893046120069971,-1.3937028387506292,0.0054,0.45,4
0.0116216491274397,0.009077665980775,3.0483843939450583,0.0915276721755925,-0.4624298307562968,0.0054,0.45,4
0.0117477690272147,0.0088446572752102,3.045446090654484,0.078669858442004,-1.4622125189630728,0.0054,0.45,4
0.0114962635071086,0.0100884108284236,2.7895828290604108,0.0560422911222143,1.185303538613416,0.0054,0.45,4
0.0113704563922687,0.0101674198931904,2.7426420301271714,0.009225611490772,2.261978383711169,0.0054,0.45,4
0.0114958408186648,0.0099325205807079,2.8563223977846337,0.0631688521982036,1.0114085945999358,0.0054,0.45,4
0.0114956661847358,0.0097768856576827,2.912746411433316,0.0695259024480626,0.8651831073960583,0.0054,0.45,4
0.0112441447059406,0.0102478225721126,2.6868427938137267,-0.0392905504779624,3.356944019404956,0.0054,0.45,4
0.0114955874865731,0.0096214118957002,2.959309346832712,0.0751452616272461,0.7411395500002754,0.0054,0.45,4
0.0114955491476675,0.0094660263411216,2.996339872341696,0.0800812608950449,0.635206358189441,0.0054,0.45,4
0.0102583619704919,0.0111795083226553,1.819360550852112,-0.4152961809088724,12.660705123454862,0.0054,0.45,4
0.0101476874164813,0.0111351316792526,1.8422244834126644,-0.421044744716323,13.030949998238263,0.0054,0.45,4
0.0103723479004536,0.0111064911431244,1.9003365652277109,-0.3899220329904433,11.79537981545954,0.0054,0.45,4
0.0104928837714978,0.0110241416679023,1.9916199410865216,-0.3587882618228616,10.823517826447658,0.0054,0.45,4
0.010613067950551,0.010944049266215,2.0814138457422,-0.3238840613769067,9.801885303699583,0.0054,0.45,4
0.0111213770579248,0.0106525717801616,2.40744172264233,-0.1377655447102444,5.297475601152613,0.0054,0.45,4
0.0107347347910002,0.0108700490612511,2.1659462402386107,-0.2853101114025996,8.757111727181288,0.0054,0.45,4
0.0109932805838569,0.0107450272572017,2.314598255190818,-0.1944815629356243,6.525737106175847,0.0054,0.45,4
0.0108615977472264,0.0108071465787956,2.2409224528625065,-0.2429782455590896,7.650136416839845,0.0054,0.45,4
0.0111180716523718,0.0104905412473416,2.522015798273357,-0.1134427101274527,4.848000368994872,0.0054,0.45,4
0.0111167806790867,0.0103297929315752,2.6224851570063907,-0.0886665256784082,4.468492346260953,0.0054,0.45,4
0.0081977128142487,0.013410868394349,0.4188561426982731,-0.4639916385992536,24.156534542777248,0.0054,0.45,4
0.0083172193358683,0.0133172562383047,0.4331268214666814,-0.4697276190496889,24.0344812900659,0.0054,0.45,4
0.0083061426662289,0.0131675488789426,0.4884014659580861,-0.4893246666623513,23.59895074569672,0.0054,0.45,4
0.0084160190419613,0.0130642860369801,0.5162507804597433,-0.4957590985692289,23.40530355601095,0.0054,0.45,4
0.0089608234799009,0.012453258335587,0.7781007782769193,-0.5240303657776901,21.37986760716859,0.0054,0.45,4
0.008475095335051,0.012936796581101,0.5645823551687447,-0.50630608962804,23.059974090421058,0.0054,0.45,4
0.008921242467549,0.0125566689119517,0.7182602794974882,-0.5172546136976708,21.76886592133454,0.0054,0.45,4
0.0088919436481259,0.0126479278860818,0.6679092647658694,-0.5099125422311239,22.18214909870658,0.0054,0.45,4
0.0085733610377599,0.0128750190558778,0.5828562912880222,-0.5075517828777686,22.8734305662739,0.0054,0.45,4
0.0088031968148664,0.0127305359996567,0.6314078845132282,-0.5078410426771925,22.45078531869225,0.0054,0.45,4
0.0086842380410902,0.0127992932775091,0.6083916397066947,-0.5086735884455899,22.669827371973582,0.0054,0.45,4
0.0088645964978585,0.0124717503320626,0.7740083038184797,-0.5277125932638432,21.48827691877744,0.0054,0.45,4
0.0100190879471729,0.0111939232521037,1.774102286582638,-0.4407778734842644,13.806471378705504,0.0054,0.45,4
0.0100145673752352,0.0113061788335925,1.6781145251126546,-0.4555584633295639,14.270704728410978,0.0054,0.45,4
0.0099163786960506,0.0113802995280198,1.6038316403034687,-0.4710345715577972,14.978964388706272,0.0054,0.45,4
0.0098211683965992,0.0114712776182554,1.517407192028702,-0.4857361265804722,15.678028622753784,0.0054,0.45,4
0.0097286002503031,0.0115611981316213,1.4346719037183642,-0.4978019883962263,16.37253191225815,0.0054,0.45,4
0.0094640757938615,0.0118541019377294,1.1856834342182416,-0.5217411999776463,18.30428567812766,0.0054,0.45,4
0.0095510196516229,0.0117523610216907,1.2687398808532846,-0.5157611749074585,17.674157754293955,0.0054,0.45,4
0.0096385553748804,0.0116540042591049,1.3524138674592587,-0.5077691713112804,17.03402344173527,0.0054,0.45,4
0.0091345687705022,0.0123612831586282,0.8235953764469309,-0.5199748967485505,20.891843953684543,0.0054,0.45,4
0.009374910877278,0.0119546484753205,1.1073342298155031,-0.5258537813898845,18.90523638748795,0.0054,0.45,4
0.0092844732702334,0.0120493755342848,1.0374464258643654,-0.52856430375259,19.430810669787025,0.0054,0.45,4
0.0091964211662177,0.0122499089669969,0.8961019683361985,-0.524267816960646,20.406406491989028,0.0054,0.45,4
0.00921238122455,0.0121263165440391,0.9833772714374052,-0.5295909740970058,19.88986641223341,0.0054,0.45,4
0.0090040757432866,0.0123514994305171,0.8399836300283577,-0.5289555848017726,20.982814836156965,0.0054,0.45,4
0.007723256492195,0.0136726237532751,0.4179090099851373,-0.4455354566470686,24.15613671520273,0.0054,0.45,4
0.0075727640516902,0.0136339654406512,0.4449104567298589,-0.4531510409560781,23.879608895934883,0.0054,0.45,4
0.0078299153008948,0.0135708456823072,0.4251510219938919,-0.4567192297935741,24.078977714573075,0.0054,0.45,4
0.0079374541403269,0.0134692381911011,0.436441045744967,-0.4669664262304142,23.979350810313083,0.0054,0.45,4
0.0080479059520601,0.0133651184576547,0.4522452183117184,-0.4764766439743582,23.84049491848987,0.0054,0.45,4
0.0074217658225622,0.0135955981668017,0.4691245744648609,-0.458562161555001,23.61958211198743,0.0054,0.45,4
0.0118229165023785,0.0057900916820994,0.2276218561118475,0.0044036068390547,21.702013831810635,0.0054,0.45,4
0.0118605342302815,0.005833584488568,0.3547855487535833,-0.0257251547710508,21.525425038553987,0.0054,0.45,4
0.0116849155117978,0.0057430946295566,0.1310213182410163,0.0155302807847088,17.218754812314245,0.0054,0.45,4
0.0116765235852931,0.0057162797717115,0.0751127786077138,0.0094604898723889,16.914386126582066,0.0054,0.45,4
0.0117371696683464,0.0057871908863477,0.22113103266544,0.0181420850840338,17.83280631168517,0.0054,0.45,4
0.0117477758211914,0.0086893104864858,3.035547461473064,0.0675045434106291,-1.5275550820440784,0.0054,0.45,4
0.0114955341256521,0.0093106743855948,3.024054285498252,0.0843886651828503,0.5442402201652864,0.0054,0.45,4
0.011495531524473,0.0091553344276963,3.0425706971505915,0.0881161524734154,0.466242933510191,0.0054,0.45,4
0.0116216517311132,0.0089223248197162,3.05274411910471,0.0879932791173555,-0.5272557201054539,0.0054,0.45,4
0.0114955336976544,0.0089999934491371,3.051926077986676,0.0913096030212759,0.4002073595549691,0.0054,0.45,4
0.0116216584361762,0.0087669767010166,3.047893640286212,0.0839636727681814,-0.5844905134227433,0.0054,0.45,4
0.0113699114371891,0.0100108551601226,2.815771519235606,0.0227586734430729,2.0440912246082106,0.0054,0.45,4
0.0112437130947479,0.0100899972689022,2.7669101951117447,-0.0198810725896421,3.089656780049698,0.0054,0.45,4
0.0113696587191517,0.0098548578644032,2.8780756611650795,0.0355153348013769,1.862529000468616,0.0054,0.45,4
0.0113695232659062,0.0096992156016599,2.9301666423403723,0.0475196729210611,1.7108620165103468,0.0054,0.45,4
0.011116879799335,0.0101703818335961,2.7099155879727648,-0.0639882174492693,4.146203967626222,0.0054,0.45,4
0.0113694536101473,0.009543743658745,2.97250160593125,0.0588271246594668,1.5838666018292782,0.0054,0.45,4
0.0113694234648982,0.0093883572565939,3.005368918438539,0.0694901430486658,1.4775790914839195,0.0054,0.45,4
0.0100457920825798,0.0110645691973294,1.88416445635022,-0.4186085749512654,13.206167309877973,0.0054,0.45,4
0.0106092350462107,0.0108138013110374,2.1892670219237025,-0.3010762513228617,9.319985352347132,0.0054,0.45,4
0.0102500520965623,0.0110687953933173,1.914308200915944,-0.3999686240258633,12.210713252545505,0.0054,0.45,4
0.0101519749135324,0.0110401336268839,1.9216941818199305,-0.4052541363168445,12.624578859518524,0.0054,0.45,4
0.0103601950334543,0.0109809771070072,2.006536382875732,-0.3714968768010278,11.358104488058258,0.0054,0.45,4
0.0104836461593128,0.0108963368774899,2.09871865046362,-0.3383106666548081,10.36003450404634,0.0054,0.45,4
0.0101018435476553,0.0109767675447602,1.9633674969622328,-0.3983583349093624,12.578128852250416,0.0054,0.45,4
0.0109891883346027,0.0105755557814576,2.4419123853625098,-0.1664288646881887,6.011146947768328,0.0054,0.45,4
0.0107351981760294,0.0107357177519812,2.2751117335030404,-0.2604753709560972,8.247147918416976,0.0054,0.45,4
0.0108605078095699,0.0106569534426651,2.35900010371764,-0.2159111562066678,7.145234736900268,0.0054,0.45,4
0.0109872866926489,0.0104126234835012,2.5504561253298017,-0.1380002099232589,5.593488684331784,0.0054,0.45,4
0.0109888152986234,0.0102517254172983,2.64536907269938,-0.1087391805529102,5.210202796051724,0.0054,0.45,4
0.0081636885704762,0.0132421640202019,0.4781066958454656,-0.4869904666574111,23.67991821790801,0.0054,0.45,4
0.0082002410956263,0.0131003964395039,0.5248664187064003,-0.5005432792189918,23.327218629306827,0.0054,0.45,4
0.0082879596620131,0.0130246997890675,0.5457187072215702,-0.505306027717438,23.155210506718163,0.0054,0.45,4
0.0083600916087075,0.012919875306147,0.5828496639843515,-0.5125601468863187,22.87896381435416,0.0054,0.45,4
0.0088747939733798,0.0123710990842604,0.8349097000455394,-0.5334763692957719,21.083616333323903,0.0054,0.45,4
0.0084571435626371,0.0128095705110082,0.6244792876832473,-0.5187269125422785,22.630627122068404,0.0054,0.45,4
0.0087903369627581,0.0125689165677588,0.7226737188532216,-0.5242129033421984,21.85995756370571,0.0054,0.45,4
0.0085645047549633,0.0127169869724645,0.6610801710432068,-0.5224023705431247,22.351766877634304,0.0054,0.45,4
0.0086754036154379,0.0126471546590684,0.688678678819644,-0.5234101281775548,22.142658217071048,0.0054,0.45,4
0.0087608406937422,0.0124300661377273,0.8047971529668061,-0.5340068056633355,21.344484818113987,0.0054,0.45,4
0.0099382533630787,0.0111282423421113,1.8151898786995675,-0.4363386485702077,13.870083676361263,0.0054,0.45,4
0.0098915494870613,0.0112395103518693,1.7188248586390478,-0.4561077945035636,14.521881576042716,0.0054,0.45,4
0.0097851885174818,0.0113399297105544,1.6231963050763305,-0.474654994024265,15.248042545014956,0.0054,0.45,4
0.0096918431225571,0.0114313970720413,1.5387416477014435,-0.4889827397680844,15.948896425949776,0.0054,0.45,4
0.0093389374416134,0.0118244420717698,1.2065821361518096,-0.5262835644976777,18.43521295462156,0.0054,0.45,4
0.0096026913190033,0.0115252351852976,1.4549969803137002,-0.5011708624653518,16.600634620316978,0.0054,0.45,4
0.0094275630442273,0.0117228248898124,1.2877943186444518,-0.5198254989257278,17.83978883541104,0.0054,0.45,4
0.0095149531662707,0.0116227827864857,1.370929933386437,-0.5114689471307247,17.228612099203772,0.0054,0.45,4
0.0090545665196357,0.0122521246110353,0.90276616844213,-0.5320095026857085,20.535315577762816,0.0054,0.45,4
0.0092480021984361,0.011927157458287,1.1280924849626202,-0.5309719172704518,19.006685532680937,0.0054,0.45,4
0.0091612694537965,0.0120318617783941,1.0520936523885858,-0.5338674601020186,19.56560130886193,0.0054,0.45,4
0.0091000078649176,0.0121452883706699,0.9738477829242022,-0.5341787281093612,20.09119094602781,0.0054,0.45,4
0.0089192228723266,0.0122555213825306,0.9056329606433244,-0.5366595097390724,20.64108849132349,0.0054,0.45,4
0.0076794463827857,0.013531373390688,0.4526357083810395,-0.4642640184737976,23.805007588772963,0.0054,0.45,4
0.0075283610776505,0.0134925830575393,0.4771654405593707,-0.4692263500745008,23.54774514832231,0.0054,0.45,4
0.0077869556814051,0.0134287373112431,0.4645992260812311,-0.4746402491664421,23.71020578569752,0.0054,0.45,4
0.0078952183810898,0.0133260242727765,0.4807994992397275,-0.4842132490188211,23.598639730080503,0.0054,0.45,4
0.0079990663928957,0.0132239403177125,0.5014764619158038,-0.492953976367567,23.46258113571348,0.0054,0.45,4
0.0072705847932339,0.0135575699149637,0.4904045675190467,-0.4620755823213893,23.374167516282355,0.0054,0.45,4
0.0073770506734191,0.0134542266696633,0.4986692494866847,-0.4720095241584223,23.30574039317645,0.0054,0.45,4
0.0117477923311247,0.008533950410317,3.0162312778155123,0.0558264311592764,-1.5881785627791123,0.0054,0.45,4
0.0116025562445108,0.0057331058535411,0.1322534379842592,0.0199930700644104,14.407794097163544,0.0054,0.45,4
0.0115960913245186,0.0057059601834107,0.0763686613524744,0.0115835303471605,13.678884646220451,0.0054,0.45,4
0.011854993564125,0.0058915376673963,0.5025496961286003,-0.0464293721058685,16.193889576812683,0.0054,0.45,4
0.0117786349240354,0.0058508063698757,0.3770934900963402,0.009785707046142,17.544402901284048,0.0054,0.45,4
0.0116657894147193,0.005772531640504,0.2010880910840607,0.024806011374493,15.56663911980188,0.0054,0.45,4
0.0116952378183561,0.0058264482186461,0.3195403484364944,0.030182909905009,15.439335059330036,0.0054,0.45,4
0.0116216743795041,0.0086116129857515,3.033691439003612,0.0794751624357122,-0.6329265789087336,0.0054,0.45,4
0.0113694154439227,0.0092330048896529,3.02894438137579,0.0795591518841474,1.3893907478503174,0.0054,0.45,4
0.0113694155108146,0.0090776625618154,3.0433091206141847,0.0890829556668171,1.3177377538033233,0.0054,0.45,4
0.0114955391252498,0.0088446457589801,3.0520826346351817,0.0940144699143861,0.3460272112856443,0.0054,0.45,4
0.0113694195288074,0.0089223161233845,3.0484635865879746,0.0981107041461634,1.2620183760741586,0.0054,0.45,4
0.011495551696376,0.0086892825914461,3.0429301734858214,0.0962778115021751,0.3044875159813602,0.0054,0.45,4
0.0112436421848307,0.0099328655545332,2.835611319008056,-0.0011667771015263,2.868450128287675,0.0054,0.45,4
0.0111172822331267,0.0100121038551779,2.785260110496466,-0.0398988737000663,3.881789606629052,0.0054,0.45,4
0.0112434958311601,0.0097771630526622,2.893299589995442,0.0166797083568361,2.6854983804934265,0.0054,0.45,4
0.0112433805277407,0.0096215317494407,2.9410471137211904,0.0338744340307842,2.5342050921739445,0.0054,0.45,4
0.0109906208182151,0.0100920127269467,2.727739808080481,-0.0797960840111477,4.896548574545463,0.0054,0.45,4
0.0112433211451995,0.0094660656059703,2.9791417123745934,0.0504396764624101,2.409186331275297,0.0054,0.45,4
0.0112433002011065,0.0093106849073227,3.007823139002552,0.0664156788645384,2.30719146500968,0.0054,0.45,4
0.0099103835765962,0.0110255641048539,1.8903184551383727,-0.4202244746450521,13.644244230642109,0.0054,0.45,4
0.0100002613122455,0.0109507450101182,1.964110818897273,-0.4008199113865375,13.005185894676956,0.0054,0.45,4
0.0106105669573588,0.0106777184759914,2.294147861922159,-0.2737614553833627,8.850877043669174,0.0054,0.45,4
0.0104780969317813,0.0107588074586377,2.206186732935445,-0.3123461776899988,9.907815711456644,0.0054,0.45,4
0.0102101552012445,0.0109443586461344,2.009417582134926,-0.3826508120324075,11.878650630915883,0.0054,0.45,4
0.0103409167082919,0.0108429152174507,2.113856364738364,-0.3481837686863561,10.968185734281578,0.0054,0.45,4
0.0101010341994751,0.010884031177233,2.0341334146550367,-0.3804554717104059,12.28705125075387,0.0054,0.45,4
0.0108546061778424,0.0104956173244008,2.471845466793081,-0.1863914555586803,6.728562296125587,0.0054,0.45,4
0.0107306256057121,0.0105813478428707,2.3883264411669347,-0.2307800912043365,7.771949633505436,0.0054,0.45,4
0.010856391168441,0.0103341402543408,2.573231389073594,-0.1539136464416915,6.314645247900962,0.0054,0.45,4
0.0108649599173353,0.0101717300139584,2.6643598081157047,-0.1196227223006387,5.905708006882549,0.0054,0.45,4
0.0080754706095579,0.0131084663172864,0.533439867026194,-0.5024869295860807,23.219845855458782,0.0054,0.45,4
0.0081560385890782,0.0129912732461268,0.570189430593481,-0.5110392150594424,22.99773620940228,0.0054,0.45,4
0.0082453911810596,0.012884113073731,0.6070349909572575,-0.5177134707215706,22.72797530238064,0.0054,0.45,4
0.0083352766821453,0.0127734556084259,0.6495520941238411,-0.5237726950055842,22.440069332792124,0.0054,0.45,4
0.0087701366862093,0.0122757364781883,0.896301130174269,-0.5387830505717877,20.8251034712992,0.0054,0.45,4
0.0084343117017702,0.0126415611304537,0.7065159329913898,-0.5300399808492947,22.116763900188,0.0054,0.45,4
0.0086606610338238,0.0125016569148929,0.768806412304685,-0.5331566360991112,21.670530421700064,0.0054,0.45,4
0.0085526677582043,0.0125690391654506,0.7377119899752745,-0.5319124322905847,21.88869430556915,0.0054,0.45,4
0.0086474244783741,0.0123595116573893,0.8493621750064692,-0.5380081720031104,21.16711634375299,0.0054,0.45,4
0.0098244536858037,0.0111176447337805,1.80483335653907,-0.4406935596916997,14.3138985735947,0.0054,0.45,4
0.0097428930580247,0.0112104558434431,1.72018403646569,-0.4587587470953301,14.928082823063606,0.0054,0.45,4
0.0096530380279197,0.0113007384805413,1.637390565411598,-0.474679269690507,15.58447707678515,0.0054,0.45,4
0.0095642447883924,0.0113923595072234,1.5553083378189303,-0.488686731407321,16.20228772844843,0.0054,0.45,4
0.0092146986787698,0.0117925081964316,1.2254173023136905,-0.5275624451737232,18.55509252041596,0.0054,0.45,4
0.0093042596904679,0.011691716178822,1.3044290776912122,-0.5207398784451418,17.992744071868064,0.0054,0.45,4
0.0094782067800493,0.0114913004506587,1.4699182131994155,-0.5013872769484228,16.817147455927948,0.0054,0.45,4
0.0093916336192025,0.0115911585719565,1.38612990825993,-0.512044846286044,17.4152289852054,0.0054,0.45,4
0.0089728892824627,0.0121442188093553,0.9767960444994354,-0.5377004839130789,20.170101630994967,0.0054,0.45,4
0.0091196385334986,0.0118983852198512,1.145947939024701,-0.5328768334731117,19.097409160096177,0.0054,0.45,4
0.0090368683705579,0.0120154928064884,1.0631133410754303,-0.5365115461556508,19.65774735950432,0.0054,0.45,4
0.0088386948729679,0.0121422537531272,0.9781968198918524,-0.5391261891395952,20.326312362525595,0.0054,0.45,4
0.007635413042788,0.0133895764469797,0.4895346941116685,-0.4793107113526005,23.45716101038334,0.0054,0.45,4
0.0074837279015854,0.0133509369922505,0.5113048681782333,-0.4814930847068184,23.22036340067376,0.0054,0.45,4
0.0077433518224997,0.0132863890838296,0.5062262722304957,-0.4887588350865481,23.349236420778453,0.0054,0.45,4
0.0078464005806377,0.0131844462650052,0.5272555900212024,-0.4973892385369403,23.21858471191289,0.0054,0.45,4
0.007940658626454,0.0130810726680069,0.5535251285783659,-0.5053210717815336,23.03449841986076,0.0054,0.45,4
0.007119363551615,0.0135196450697844,0.5087073845070621,-0.4639860396113787,23.14127756009162,0.0054,0.45,4
0.0072257200342065,0.0134161686610344,0.5171074065112928,-0.4729517429676254,23.07657143818048,0.0054,0.45,4
0.0073321796172147,0.0133126863442283,0.5298976923556489,-0.4815875730962002,22.99651848909755,0.0054,0.45,4
0.0115232882961682,0.0057212053814259,0.1351280308819221,0.0245733541711233,13.621864423094165,0.0054,0.45,4
0.011516008034159,0.0056931455337477,0.0783910804724635,0.0144545044577569,13.189571696199785,0.0054,0.45,4
0.0117478290089553,0.0083785652834769,2.9872578508563064,0.0436634941741996,-1.6416655070725306,0.0054,0.45,4
0.0116217093063666,0.0084562179185689,3.0099220990379774,0.0745707387023723,-0.6704558835770352,0.0054,0.45,4
0.0115850124586183,0.0057632667146644,0.2034065116074217,0.0317385530843158,13.97049717622252,0.0054,0.45,4
0.0118439204666713,0.005993569089224,0.7401665495607643,-0.0778559151578526,11.43603544062301,0.0054,0.45,4
0.0117689000457392,0.0059363549340845,0.585849666533898,-0.0020792606313383,13.794816645758129,0.0054,0.45,4
0.0117106926390212,0.0058904367119877,0.4702751442983722,0.0291633073973861,14.616762687346403,0.0054,0.45,4
0.0116148486896421,0.0058193454294304,0.3185615930565966,0.0431758238938524,14.298860686664026,0.0054,0.45,4
0.0116423015789393,0.0058884051556241,0.4695599505418134,0.0501691466538852,14.083692028671251,0.0054,0.45,4
0.0117479040270117,0.0082231400387414,2.948309271606292,0.0310577151446237,-1.6846061349784376,0.0054,0.45,4
0.0114955785836503,0.0085338868239385,3.024283101876865,0.0981505618912004,0.2773048048780753,0.0054,0.45,4
0.0112432965238632,0.009155334324634,3.0272240270857043,0.0818443864436799,2.2260990566376484,0.0054,0.45,4
0.011243300504784,0.0089999870622433,3.0373857623407385,0.0967692585691618,2.1648068506864675,0.0054,0.45,4
0.0113694284552258,0.0087669558462969,3.0443322421747525,0.1066922367562758,1.222553924210548,0.0054,0.45,4
0.0112433067886938,0.0088446304659286,3.038269423442174,0.11123479503928,2.123168527199672,0.0054,0.45,4
0.0113694465325552,0.0086115658270644,3.030763506560904,0.1148793460376994,1.2006097092028811,0.0054,0.45,4
0.0111173619299882,0.0098554645231658,2.8490228731077862,-0.0166591140542963,3.6635036561269367,0.0054,0.45,4
0.0109910310395746,0.0099341031538273,2.797794341969898,-0.0517361664555627,4.641122911017653,0.0054,0.45,4
0.0111173259016429,0.0096994651110297,2.9023317426871227,0.0059187086798849,3.4843089282220734,0.0054,0.45,4
0.0111172398712098,0.0095438433709994,2.945721532609053,0.027886169191657,3.337671175474977,0.0054,0.45,4
0.0108647297540669,0.010012390434205,2.740516166342716,-0.087608356959248,5.611421476487352,0.0054,0.45,4
0.0111171960392725,0.0093883859600295,2.979552858687024,0.0492962398114025,3.2189212377476903,0.0054,0.45,4
0.0111171831384577,0.0092330105876912,3.004015763875302,0.0701753575292638,3.1252034052018085,0.0054,0.45,4
0.0097785634384866,0.0110053256498509,1.8804155899458264,-0.4218522127195512,14.086004960556652,0.0054,0.45,4
0.0098664959444121,0.0109187017574218,1.9606343284905177,-0.4012736296946951,13.4596379002362,0.0054,0.45,4
0.0099756122570115,0.0108435823823133,2.037542608550883,-0.3802272116155978,12.77328079822256,0.0054,0.45,4
0.010603679733302,0.0105374769271648,2.391399797238677,-0.2450423179433953,8.469769648152857,0.0054,0.45,4
0.0104808021334598,0.0106230127714165,2.305641929097241,-0.2829909995827219,9.468710783899724,0.0054,0.45,4
0.0103434095839821,0.01069904415837,2.221519985542974,-0.3176507907435315,10.49006976892885,0.0054,0.45,4
0.0101963444675971,0.0107807855370999,2.13075165053934,-0.3508224007924325,11.437948380267512,0.0054,0.45,4
0.0100687848234456,0.0107834711846634,2.1005751555023373,-0.3612765375590727,12.092106793672516,0.0054,0.45,4
0.0107072672397375,0.0104224652946549,2.4888135923628982,-0.2019147317736538,7.446279899104978,0.0054,0.45,4
0.0107354116751527,0.0102506799502775,2.5952700769554577,-0.1592935180580675,6.913889836866594,0.0054,0.45,4
0.0107384091831581,0.0100889632378942,2.678547257531397,-0.123211353818929,6.56414065451576,0.0054,0.45,4
0.0080289946974553,0.0129634656293313,0.5894632082564687,-0.5133479905553925,22.820784646943107,0.0054,0.45,4
0.0081194837074379,0.0128509363170771,0.6282227122575161,-0.5200701151454902,22.584717586083503,0.0054,0.45,4
0.0082124088334961,0.012743880987195,0.6690724913062659,-0.5255509142927283,22.33309307577329,0.0054,0.45,4
0.0083007720576211,0.0126461159339161,0.7100540090298298,-0.5298010557199914,22.092521260208446,0.0054,0.45,4
0.0083602596413461,0.0125601358610232,0.7493787307854959,-0.5329415240038989,21.834353419155413,0.0054,0.45,4
0.0087216112738827,0.0121520639734015,0.97080623606727,-0.5384105550147967,20.447758529917536,0.0054,0.45,4
0.0086364992965088,0.0122239252756402,0.9272729282070894,-0.5385748268885542,20.80018631430196,0.0054,0.45,4
0.0084518136967085,0.0125061824131394,0.7740084654768601,-0.534926697164872,21.699960108450217,0.0054,0.45,4
0.008543758209457,0.012433874860881,0.8100638280919167,-0.5368085423697418,21.436542653220474,0.0054,0.45,4
0.0085358102401933,0.0122916247671624,0.8880476204722888,-0.5376475310400438,21.05373470895856,0.0054,0.45,4
0.0096925447355677,0.0110915706944138,1.801180019585075,-0.4402785307136735,14.694098853167274,0.0054,0.45,4
0.0096105677316106,0.0111733702129739,1.726850348813253,-0.4560630813386124,15.277904475951532,0.0054,0.45,4
0.0090883960545367,0.0117596895275996,1.241118996341321,-0.525830322657166,18.69192447219361,0.0054,0.45,4
0.0095231031680459,0.0112629085040557,1.6469873539865756,-0.4715038090203901,15.866298065428518,0.0054,0.45,4
0.0094403756560584,0.0113584996452697,1.5647644319772305,-0.4858649166738463,16.43986636371706,0.0054,0.45,4
0.0091822885218079,0.0116587285016498,1.3190620853310888,-0.518651816733643,18.13484266601913,0.0054,0.45,4
0.0092688249158402,0.0115584618965539,1.3987773355314372,-0.5096516146534887,17.588937331867523,0.0054,0.45,4
0.0093549911229727,0.0114582926306398,1.4808597675322144,-0.4987545017217528,17.023263200547436,0.0054,0.45,4
0.0088984032926296,0.0120095792044238,1.063957652521106,-0.5367703861445744,19.79561792520578,0.0054,0.45,4
0.0089686237645398,0.0118635707797798,1.163156495796117,-0.5313224749529297,19.222225654156823,0.0054,0.45,4
0.0087495796684193,0.0120179900393248,1.0533689425543111,-0.5351469856372811,19.9907308829966,0.0054,0.45,4
0.0096666593522067,0.0109961665259568,1.864606084017985,-0.4223325407427697,14.46903177451539,0.0054,0.45,4
0.0075906279864766,0.0132475589008407,0.528323900051992,-0.4904566899158584,23.11791514072615,0.0054,0.45,4
0.0074387505262582,0.0132090250801636,0.5471048220444871,-0.4898183557795891,22.9001048659312,0.0054,0.45,4
0.0076961604732575,0.0131442213211484,0.5497655274113828,-0.4987987517459759,22.99334453987576,0.0054,0.45,4
0.0077977123084238,0.0130407436395383,0.5757598267264029,-0.5064014511627617,22.84083067690233,0.0054,0.45,4
0.0078930602188949,0.0129307073656507,0.6085423015625634,-0.5134347172268342,22.64678245084852,0.0054,0.45,4
0.0069681612713002,0.0134817910280487,0.5239870846322213,-0.4645198376790952,22.918856413266543,0.0054,0.45,4
0.0070744406549271,0.0133782513255736,0.5324755425839416,-0.4723382475726377,22.858234615203795,0.0054,0.45,4
0.0071807666414558,0.0132747040174381,0.545340158093214,-0.4799261688941564,22.78393358639853,0.0054,0.45,4
0.007287097021674,0.0131710712865687,0.5625868578701921,-0.4872026030966491,22.694910001442626,0.0054,0.45,4
0.0114443693248441,0.0057067848335695,0.1371355835257134,0.0289105765266577,12.911485989495944,0.0054,0.45,4
0.0114363509027555,0.0056778705497044,0.0796189017157979,0.0169831249086414,12.497522141616626,0.0054,0.45,4
0.0115033327516016,0.0057515869143905,0.2074958296604905,0.0391085069881791,13.08697803919158,0.0054,0.45,4
0.0116217804890537,0.0083007672435777,2.976288697321673,0.0693027321184547,-0.6939754008065232,0.0054,0.45,4
0.0114956320775396,0.0083784290826627,2.9958731740905447,0.099689538804305,0.2671933917435201,0.0054,0.45,4
0.0118312598191595,0.0061285680140118,1.0193625997231213,-0.1051259582200087,7.324723400707767,0.0054,0.45,4
0.0115334330292162,0.0058111179674028,0.3241868148442937,0.0555237969271928,13.190592473645316,0.0054,0.45,4
0.0117533176106211,0.0060488967310755,0.8361930878110669,-0.0139196866822726,10.108540662560696,0.0054,0.45,4
0.0116728508011996,0.0059810966564998,0.6785616422292026,0.043252367013704,11.714769390348708,0.0054,0.45,4
0.0115630241456466,0.0058839449596984,0.4744254404336995,0.0698244404749954,12.805391440736589,0.0054,0.45,4
0.0115951291921737,0.0059553416529179,0.6251569951688207,0.0726859421750095,11.990538024828863,0.0054,0.45,4
0.0117480498447494,0.0080676631862085,2.898981714271201,0.0180681126004192,-1.7124276378716166,0.0054,0.45,4
0.0117483281151341,0.00791214232311,2.838780632513496,0.0047699928205327,-1.719165643937964,0.0054,0.45,4
0.0116219196191523,0.0081452311950792,2.932402791488822,0.0637339571598665,-0.6992599791783182,0.0054,0.45,4
0.0113694802582291,0.008456116627609,3.0075239189791563,0.1227271779119594,1.1984506750458248,0.0054,0.45,4
0.0111171833294618,0.0090776593073409,3.0191983823006314,0.0905541486770932,3.054926487823962,0.0054,0.45,4
0.0111171869527654,0.0089223060624554,3.0251006646346656,0.1104646465704605,3.0074661771379234,0.0054,0.45,4
0.0112433189568921,0.0086892482836236,3.029760072057409,0.1252868271058878,2.1019640806452027,0.0054,0.45,4
0.0111171943798361,0.0087669343938713,3.021645029211113,0.1299400097850433,2.9831215734512937,0.0054,0.45,4
0.0112433384769834,0.0085338150677984,3.0116626119454666,0.1389726711000378,2.102969677049032,0.0054,0.45,4
0.0109911622439509,0.0097775790197821,2.856762667552268,-0.0243374870059113,4.431931577327512,0.0054,0.45,4
0.0108648678210271,0.0098553908172553,2.805015378607574,-0.0560757622041577,5.373189233484677,0.0054,0.45,4
0.0109911564150738,0.0096217152315824,2.905505084277141,0.0025035448198683,4.261284566376784,0.0054,0.45,4
0.0109911084612405,0.009466144545067,2.944510066488979,0.0288388289228495,4.123416887299634,0.0054,0.45,4
0.0107384382139815,0.0099320741315576,2.748040178534413,-0.0883832504412007,6.3023121263998485,0.0054,0.45,4
0.0109910822673731,0.0093107068801332,2.974050735816309,0.0546885741074041,4.01453474469524,0.0054,0.45,4
0.0109910741688731,0.0091553347302246,2.9942613221973127,0.080060957382433,3.932481377076668,0.0054,0.45,4
0.009718036375005,0.0108821734575626,1.9545743807979088,-0.397703094311745,13.924805417378264,0.0054,0.45,4
0.0098444336320086,0.0107981928626642,2.039820954635821,-0.3757583860469715,13.192838269769965,0.0054,0.45,4
0.01056304360047,0.0104259080229096,2.4538877254735483,-0.2261871738317104,8.364703269765762,0.0054,0.45,4
0.0099726636097643,0.0107263522563134,2.118106480166199,-0.3539417217839167,12.4031465908246,0.0054,0.45,4
0.0104681153075837,0.0104969596777414,2.387291919232432,-0.2560606394850761,9.17904923000097,0.0054,0.45,4
0.010346868067092,0.0105610242778297,2.317100903747861,-0.2857141209564989,10.037596717273985,0.0054,0.45,4
0.0102174291840778,0.0106277196544392,2.2422403029628177,-0.3141101006043433,10.89746704098952,0.0054,0.45,4
0.0100954667709592,0.0106796985029725,2.178472237979161,-0.3358653971165344,11.652656110998173,0.0054,0.45,4
0.0106011763085108,0.0103047482335413,2.534581439073198,-0.1925792787607679,7.859250753846197,0.0054,0.45,4
0.0106083643400226,0.0101583781832988,2.614595602230244,-0.1570806049828176,7.50819025386797,0.0054,0.45,4
0.0106112871139802,0.0100061387528088,2.6870817306196666,-0.1202900335995067,7.218552136619485,0.0054,0.45,4
0.0079877740809227,0.0128177470387117,0.646982054087581,-0.51971090574127,22.426018483300115,0.0054,0.45,4
0.0083551317284694,0.012478644925444,0.7896578463624249,-0.5343328138095095,21.573247408204843,0.0054,0.45,4
0.008271726765947,0.0125288113531623,0.7660561884366643,-0.532024123165601,21.74984343195928,0.0054,0.45,4
0.0080850632237825,0.0127057808355664,0.6896210381367885,-0.525000066193357,22.187680183840087,0.0054,0.45,4
0.0081854659473979,0.0126053478486051,0.7316116437888742,-0.529189789006243,21.94615313319252,0.0054,0.45,4
0.008628901195686,0.0120893392672552,1.0054921405212356,-0.5349240263718881,20.27038287971042,0.0054,0.45,4
0.0085305470904455,0.012145051074611,0.9696580102587716,-0.5342159187920904,20.556715331100254,0.0054,0.45,4
0.0084141718647581,0.0123752341178681,0.8424228292312782,-0.5359720832093299,21.277135604632736,0.0054,0.45,4
0.0084241872774846,0.0121992680229505,0.9357907988725136,-0.5324779904938075,20.79556775777349,0.0054,0.45,4
0.0095782789483082,0.0110503717923092,1.8092366172640817,-0.4339544475676664,15.003331382785456,0.0054,0.45,4
0.0094728454697202,0.011125421239059,1.7368110172103048,-0.4482237100871312,15.562519668972987,0.0054,0.45,4
0.0089627144850975,0.0117071205749825,1.2664301744761592,-0.5193889169565532,18.708205144741,0.0054,0.45,4
0.0090575774568482,0.0116201416278311,1.333946035368599,-0.5132078927706408,18.24625922252532,0.0054,0.45,4
0.009397188734549,0.0112273383735288,1.652165764459078,-0.4656882138713071,16.12769834166085,0.0054,0.45,4
0.0093158513941388,0.0113260632484148,1.5700092748712982,-0.4805088824775163,16.680367398316175,0.0054,0.45,4
0.0091456350873787,0.0115239020802319,1.4094642670475854,-0.5043585155000995,17.75133885643557,0.0054,0.45,4
0.009231719848507,0.0114246142296348,1.4891256376683857,-0.4933389605665673,17.22411781049949,0.0054,0.45,4
0.0088228787702794,0.0118932524915328,1.1351533629425958,-0.5301760836767883,19.52331176671313,0.0054,0.45,4
0.0088514828619334,0.0117614707196788,1.2211906770720704,-0.5211377175231765,19.085506084013264,0.0054,0.45,4
0.0086215865299228,0.0119487132727132,1.087974152491345,-0.5271826876294142,19.917429650884376,0.0054,0.45,4
0.0087149816211167,0.0118907282028403,1.1294398652707427,-0.5265398356847647,19.59693227037791,0.0054,0.45,4
0.0095771535928009,0.0109201873508864,1.8978522725246565,-0.4069712507671231,14.596642208952805,0.0054,0.45,4
0.0075447595174494,0.0131050731993466,0.5687826350594144,-0.4975504990522088,22.784493544895795,0.0054,0.45,4
0.0073932346601304,0.0130672405237447,0.5842328333603084,-0.4940826035769772,22.588858183513064,0.0054,0.45,4
0.0076500067091673,0.0130011879647558,0.5948098806977651,-0.5046798525935521,22.647352475256067,0.0054,0.45,4
0.0077516735637884,0.0128949767184055,0.6260043750799733,-0.5111043305334372,22.47984157443749,0.0054,0.45,4
0.0078485498545864,0.0127846966560234,0.663121519620653,-0.5166943413996562,22.279330756437435,0.0054,0.45,4
0.006816985063931,0.0134439750997002,0.5362205727202659,-0.4638637493569869,22.704985453944563,0.0054,0.45,4
0.0069232193086012,0.0133404051536326,0.5447709777655324,-0.4703964419744862,22.648657612724165,0.0054,0.45,4
0.0070294771341307,0.0132368325852128,0.55767123995217,-0.4767840134007543,22.58019187252185,0.0054,0.45,4
0.007135734162124,0.0131332203102418,0.5749157662123744,-0.4829489735775233,22.498555284703567,0.0054,0.45,4
0.0072419002458267,0.0130294871514565,0.5965034390524724,-0.4888105434600082,22.401871534687213,0.0054,0.45,4
0.0066658264206207,0.0134061770784001,0.5453975780355447,-0.4621686724619663,22.49783715019225,0.0054,0.45,4
0.0113642609362312,0.0056895661901805,0.1387069997948861,0.0334064558920957,12.858154503905018,0.0054,0.45,4
0.0113571941603545,0.0056601677159304,0.0805431374640958,0.0196538180044453,12.56238142033234,0.0054,0.45,4
0.011422767635037,0.0057364301294218,0.2091049664855584,0.0455718245854665,12.684019232083962,0.0054,0.45,4
0.0114509594565209,0.0057989920351055,0.3282902725200865,0.066607336780208,12.751658142502109,0.0054,0.45,4
0.0114957337669633,0.0082228663024172,2.9573384629357053,0.1009583027486214,0.277985835824193,0.0054,0.45,4
0.0113695394552273,0.0083005599370989,2.974287353535822,0.1302950296257855,1.2194340393703118,0.0054,0.45,4
0.0118208897856759,0.0062535629271276,1.2503219296034265,-0.117915974582666,4.833250611265154,0.0054,0.45,4
0.0117373226397943,0.0061843178006746,1.1099906872805778,-0.0242261552926404,7.252087179549599,0.0054,0.45,4
0.0114778648723406,0.0058804263916453,0.4897644455577783,0.0896041856128134,12.42338190847243,0.0054,0.45,4
0.0116544967429564,0.0061259827834572,0.9849669743259892,0.0447915837527852,8.917705310578308,0.0054,0.45,4
0.0115860814764442,0.006055126114163,0.8372313163985802,0.0841006443872716,10.58039559081992,0.0054,0.45,4
0.0115120473410305,0.0059821426499521,0.6944969178961424,0.1051699756270861,11.46594897624068,0.0054,0.45,4
0.0118120024855639,0.0063628288791664,1.431827035885542,-0.1217641172949414,3.119021586521077,0.0054,0.45,4
0.0117488768482375,0.0077566383900352,2.767125478508776,-0.0087611212296246,-1.6976444994462947,0.0054,0.45,4
0.0117499147748198,0.0076013927120384,2.6834265656667804,-0.0224574388081798,-1.639129006995989,0.0054,0.45,4
0.0118026968505689,0.0064768854147659,1.6043748231731387,-0.1201558732346412,1.8719756298439207,0.0054,0.45,4
0.0117929009011495,0.0065973262668835,1.7704572551010027,-0.1137149945489707,0.9269004693031916,0.0054,0.45,4
0.0117828652875472,0.0067237621308072,1.9289287998104785,-0.1035820751111605,0.1953298626137526,0.0054,0.45,4
0.0117731054437531,0.00685762063094,2.0807550506008714,-0.0909334918708027,-0.3671647090368832,0.0054,0.45,4
0.0117649577280254,0.0069980050748871,2.2239402724951525,-0.0774334906391362,-0.7988995749602039,0.0054,0.45,4
0.0117586596938247,0.007143653959765,2.3566762374099803,-0.0636567016422885,-1.1248449665661704,0.0054,0.45,4
0.0117516988042601,0.007446922971328,2.5872165485806886,-0.0362367369899093,-1.533164974586853,0.0054,0.45,4
0.0117545387063982,0.0072940375532076,2.4782800549749417,-0.0500199526633235,-1.36669222850981,0.0054,0.45,4
0.0116221899357538,0.0079895867283728,2.877775256841117,0.0579340805343278,-0.6808527620473702,0.0054,0.45,4
0.0116227248421361,0.007833849608669,2.8118168101348533,0.0519629847374128,-0.632011640531373,0.0054,0.45,4
0.0114959270736538,0.008067146422089,2.908210111827652,0.1020241079559286,0.3147313531054969,0.0054,0.45,4
0.0112433642998755,0.0083782876111001,2.9836934607145564,0.1523417736841001,2.129027618660427,0.0054,0.45,4
0.0109910744550525,0.0089999789349459,3.005183817185952,0.1049697858265898,3.876162382723234,0.0054,0.45,4
0.0109910794269385,0.008844615420079,3.0067781464216385,0.1294297998856206,3.845406660977513,0.0054,0.45,4
0.0111172062963781,0.0086115222177201,3.0086763630254114,0.1490139036924558,2.983153873694624,0.0054,0.45,4
0.0109910868936702,0.0086892281697986,2.998928743725086,0.1534556283359289,3.840981193504904,0.0054,0.45,4
0.0111172181669906,0.0084560343534398,2.985956365862449,0.1677199922531402,3.0098510758154924,0.0054,0.45,4
0.0108649855841378,0.0096994826842643,2.85899662045658,-0.0249912243709112,5.177714761498066,0.0054,0.45,4
0.0107387106241672,0.0097765784738059,2.806914926268957,-0.0537898972442726,6.083555734440853,0.0054,0.45,4
0.0108650076844956,0.0095439130572793,2.903123255826069,0.0057044356575647,5.019136354977847,0.0054,0.45,4
0.0108649920416265,0.0093884306142536,2.9377227210647363,0.0360124705273867,4.893185125211606,0.0054,0.45,4
0.0106122614211063,0.0098523465964423,2.7501094790381124,-0.0830738577870094,6.97646169373867,0.0054,0.45,4
0.0108649791301554,0.009233025985151,2.962950530732382,0.0659002247006345,4.797157670635552,0.0054,0.45,4
0.0108649713608595,0.0090776535012353,2.9788827447672754,0.0953528358795983,4.729556850578812,0.0054,0.45,4
0.0095947330986535,0.0107983884305944,1.9813886808685763,-0.3791866861157729,14.184247960211229,0.0054,0.45,4
0.0097235015694429,0.0107374122048665,2.051347652092676,-0.3639542110262235,13.515189062952244,0.0054,0.45,4
0.0098502382448109,0.010670116063837,2.1254106387377907,-0.3450185368500706,12.793991222576452,0.0054,0.45,4
0.0104700077811079,0.010359042479209,2.4721017836564183,-0.222822133135848,8.814773071580175,0.0054,0.45,4
0.0099751368764013,0.0106084329050212,2.195700680112488,-0.3252180935001476,12.053147346124534,0.0054,0.45,4
0.010348108561919,0.0104243311465878,2.4033818300869707,-0.252381645971061,9.663396815053718,0.0054,0.45,4
0.0102235859829687,0.0104889265404339,2.332925627518508,-0.2797389317339149,10.492924151907038,0.0054,0.45,4
0.0100988375038741,0.0105504533258152,2.2633011999849697,-0.3040884777960611,11.292651510983085,0.0054,0.45,4
0.0104799906423117,0.0102228436608907,2.5500621152265555,-0.1881051500884385,8.428228396209873,0.0054,0.45,4
0.0104838045010308,0.0100766995981528,2.6234969963275527,-0.1508124028656081,8.11752303520045,0.0054,0.45,4
0.0104856819866683,0.0099262397402549,2.68950869775546,-0.112052169449548,7.852511754709211,0.0054,0.45,4
0.0079479219836895,0.0126711231500373,0.7059930149699457,-0.5215125731334779,22.03893767078885,0.0054,0.45,4
0.0082790229555586,0.0124066268773082,0.8251245499495367,-0.5321682198031507,21.41718456094833,0.0054,0.45,4
0.0081777291737706,0.0124740034868976,0.7919851189695701,-0.5294345970748656,21.63450963939698,0.0054,0.45,4
0.0080573247043777,0.0125456496253646,0.7588210636210465,-0.5257405015500897,21.7822198370418,0.0054,0.45,4
0.0085264325005869,0.0120134745849251,1.0441423104377725,-0.5274104911689838,20.1644051382248,0.0054,0.45,4
0.0084368280892216,0.0120634130255707,1.0105342083099824,-0.5264383692308372,20.39660647915179,0.0054,0.45,4
0.0082847081317672,0.0122383051683697,0.9102622790818596,-0.5284349680561541,20.95456832764709,0.0054,0.45,4
0.0083345425862448,0.0121043899370461,0.9821566242951332,-0.5239840164205757,20.599105040481195,0.0054,0.45,4
0.0094359150725795,0.0109856378912719,1.8240933446616805,-0.4200579146382962,15.274891126785134,0.0054,0.45,4
0.0093544154074417,0.0110955274804018,1.734493699413317,-0.440992364088703,15.835928576346214,0.0054,0.45,4
0.0088698635142163,0.011656186692157,1.29009513605867,-0.5112009587343328,18.713808289851126,0.0054,0.45,4
0.0089403321601478,0.0115817059254491,1.346244234363268,-0.5053242855882839,18.32809337023357,0.0054,0.45,4
0.0090228666143174,0.01148893493683,1.4173935480461486,-0.4964873796415039,17.896371457049952,0.0054,0.45,4
0.0092763760610372,0.0111957439118178,1.652735689245931,-0.4580663829345126,16.38210400551903,0.0054,0.45,4
0.0091939906063332,0.0112922200908114,1.5738403814324025,-0.4725021105351247,16.90106545770925,0.0054,0.45,4
0.0091091754377623,0.0113897941451662,1.495297665524398,-0.4853003760774263,17.404887177438138,0.0054,0.45,4
0.0087434877501804,0.0117818786657914,1.1986252261967951,-0.5187402095105623,19.2350063501388,0.0054,0.45,4
0.0087760584135839,0.0116670128786421,1.2728257211977458,-0.508439927077977,18.88598974929428,0.0054,0.45,4
0.0085124482598726,0.0118782208768768,1.1202675657593033,-0.51632871582408,19.790516654766776,0.0054,0.45,4
0.0086190683617351,0.0118003371319539,1.1755585728993798,-0.5147440331304091,19.453406160720395,0.0054,0.45,4
0.0094666162613322,0.0108523942905631,1.916869731313087,-0.3906259965008298,14.768721840428835,0.0054,0.45,4
0.0094782275729106,0.0107288230554902,1.995877903334744,-0.3607266026790974,14.429555954853372,0.0054,0.45,4
0.0074989215283097,0.01296311227545,0.6102932409902083,-0.5004746967446679,22.46429131418176,0.0054,0.45,4
0.0073477682813352,0.0129255065052301,0.6224433603963462,-0.4942779332829729,22.288252580039124,0.0054,0.45,4
0.0076035545000163,0.0128581735412329,0.6409149128241335,-0.5062675161422366,22.31672907790848,0.0054,0.45,4
0.0077049051410329,0.0127511748400102,0.6765369531613855,-0.511258580365721,22.140577043672057,0.0054,0.45,4
0.0078047109901711,0.0126423172793037,0.717149024791203,-0.5153913548516673,21.94269325922236,0.0054,0.45,4
0.0065146768112628,0.0133683866573921,0.551518164514631,-0.4595550293556777,22.295653010777727,0.0054,0.45,4
0.0067720375013054,0.0133025932730622,0.5539970478109666,-0.4673095299960815,22.44601783440159,0.0054,0.45,4
0.0068782607637656,0.013199009568477,0.56691549650745,-0.4723776372836799,22.38352240731729,0.0054,0.45,4
0.0069844863804076,0.0130954107545943,0.5841400817094069,-0.4773023931487561,22.309367930505257,0.0054,0.45,4
0.0070906704924733,0.0129917501088282,0.6056555098273412,-0.4820089084160567,22.22181793660327,0.0054,0.45,4
0.007196692384405,0.0128879465066642,0.63144845816114,-0.4864126726584558,22.119112123915443,0.0054,0.45,4
0.0066208772452128,0.0132647968434388,0.5601633349499794,-0.4632251704638705,22.24855861505361,0.0054,0.45,4
0.0112835981984155,0.0056694739262935,0.1392892798002059,0.0378068872111277,13.022385181528016,0.0054,0.45,4
0.0112786095829001,0.0056400686804305,0.0809112561784384,0.0222177297637615,12.761651948549895,0.0054,0.45,4
0.0113421475722669,0.0057185132030163,0.209850168578978,0.051997117627361,12.645604704863665,0.0054,0.45,4
0.0113681472761598,0.0057828822536338,0.3297841745518735,0.0769035665790331,12.603796094988182,0.0054,0.45,4
0.0113891519357034,0.0058649106847396,0.4883844505402002,0.1059650056724447,12.346980116958036,0.0054,0.45,4
0.0112048395601997,0.005647185802006,0.1390477094980211,0.0419996772841792,13.438972152283313,0.0054,0.45,4
0.0112006661065737,0.0056176062634615,0.0808682371595393,0.02474685159855,13.237839272679915,0.0054,0.45,4
0.011369641181456,0.0081448270770598,2.930620252460668,0.1376454315686638,1.2681712376130343,0.0054,0.45,4
0.0112433925878981,0.0082225977709227,2.94546644983924,0.1654456740768099,2.184168404294389,0.0054,0.45,4
0.0117229997879448,0.0063031278378954,1.323259967314267,-0.0268215707380448,5.232274663475742,0.0054,0.45,4
0.0116370364892451,0.0062405953620759,1.203724108778866,0.0484522347720429,7.045270091240098,0.0054,0.45,4
0.011412333219463,0.0059632720831194,0.6793224191698598,0.1319850003916437,11.491030679117296,0.0054,0.45,4
0.0115575858083392,0.0061769753180111,1.0818021987870965,0.1011712892094146,8.634178800517192,0.0054,0.45,4
0.0115053014362174,0.0060964485866902,0.9270739037293132,0.1231151017548075,10.004836641450144,0.0054,0.45,4
0.0114302811950294,0.0060754428061234,0.8961734875554151,0.1509796585952242,10.713496959982493,0.0054,0.45,4
0.0117094397973773,0.0064130360852002,1.5018226063884537,-0.025051017256947,3.851109348949303,0.0054,0.45,4
0.0116237700069888,0.0076781435106028,2.733870791172178,0.0458405711115915,-0.5451610298794073,0.0054,0.45,4
0.0116256842908193,0.0075227971363245,2.6432985064899097,0.0395223687214147,-0.4118097275159264,0.0054,0.45,4
0.0116949896574124,0.0065290073282783,1.6736780590579272,-0.0196153514211498,2.8147050369175104,0.0054,0.45,4
0.0116790094093567,0.0066527096814363,1.8402026655595376,-0.0105200454915575,1.988873441014819,0.0054,0.45,4
0.01166444817108,0.0067845306682018,2.0006975979214,-0.0008092250908206,1.3230216827765704,0.0054,0.45,4
0.0116517493533147,0.0069224621257472,2.1517233475688062,0.0088533682033096,0.7919753865140833,0.0054,0.45,4
0.0116414317390922,0.0070667275515609,2.292937455287873,0.0178440731688658,0.3704708870801037,0.0054,0.45,4
0.0116338472837811,0.0072158009912915,2.422556130903516,0.0258394268795029,0.0360715777892563,0.0054,0.45,4
0.0116289105527207,0.0073684183408224,2.5396153208937022,0.0328961517407056,-0.2218893845643819,0.0054,0.45,4
0.0114963097188781,0.007911225611274,2.84790215545717,0.1029439426774091,0.3837035721294702,0.0054,0.45,4
0.011497094029714,0.0077551139282258,2.77572001848714,0.1037281876974171,0.4920787271186193,0.0054,0.45,4
0.0113698326044015,0.0079888329344641,2.875964270411787,0.1448347051842795,1.3505505158248017,0.0054,0.45,4
0.0111172140142606,0.0083004154737028,2.953152596449877,0.1860917591638653,3.0666274369876727,0.0054,0.45,4
0.0108649761348569,0.0089222859585335,2.985516274587443,0.1243599334635102,4.689731177247615,0.0054,0.45,4
0.0108649878138488,0.0087669126061875,2.9827722197109203,0.1529116037292632,4.677963702608118,0.0054,0.45,4
0.0109910921547475,0.0085337914254638,2.9814433956882582,0.1770611673313893,3.8646154426785047,0.0054,0.45,4
0.0108649905114095,0.0086115291528173,2.9705012219111,0.1809971192527704,4.695500460936788,0.0054,0.45,4
0.0109910864736227,0.0083782620458961,2.9540462770012685,0.2002565706699995,3.919040977032821,0.0054,0.45,4
0.0107388666789777,0.0096214010866882,2.8559357116176174,-0.0193946739207709,5.903985594080987,0.0054,0.45,4
0.0106127156559689,0.0096982441964319,2.8035987650397103,-0.0457290111118847,6.77568808076071,0.0054,0.45,4
0.0107389032184561,0.0094661280496003,2.8954682058416563,0.014786828341034,5.759858461393351,0.0054,0.45,4
0.0107389027674591,0.0093107293512569,2.92566484843849,0.0486870882675635,5.648284876648699,0.0054,0.45,4
0.0104865664988313,0.0097740487467814,2.7468401577600603,-0.0725792603675856,7.631524478991582,0.0054,0.45,4
0.0107388908374622,0.0091553444507525,2.946574459015146,0.0822166239924479,5.567527222123942,0.0054,0.45,4
0.0107388819899073,0.0089999591882087,2.958218966034653,0.1153321714415398,5.516593719929415,0.0054,0.45,4
0.0096048632096657,0.0106693402046929,2.063944586755568,-0.3472461794398363,13.806971855356108,0.0054,0.45,4
0.0097307114276138,0.0106069175638786,2.1340912287316605,-0.3309974798616055,13.135928863664349,0.0054,0.45,4
0.0098549823492798,0.0105433885807752,2.204698883081688,-0.312455109715905,12.43959067737596,0.0054,0.45,4
0.0103524120405489,0.0102866333466757,2.4834347142428164,-0.2170449428003493,9.30566901394998,0.0054,0.45,4
0.0099787580578571,0.0104806228478358,2.274623510780057,-0.292051919905943,11.70873870996536,0.0054,0.45,4
0.0102274080269475,0.0103521918882316,2.4144918843267447,-0.2442895270404898,10.140663790529702,0.0054,0.45,4
0.0101028231379754,0.0104171758993699,2.344531424680369,-0.2693864371109744,10.940481051330112,0.0054,0.45,4
0.0103572074771621,0.0101457014089407,2.5575896200966954,-0.1797515716073419,8.983774106439474,0.0054,0.45,4
0.0103593651399881,0.0099986215737221,2.625822087652495,-0.1402012313093893,8.705396227336232,0.0054,0.45,4
0.0103605154341609,0.0098487803683472,2.686341957013564,-0.0993522351221817,8.467999141648717,0.0054,0.45,4
0.009488750922606,0.0106033885766901,2.072053888780916,-0.3282450399056518,14.095756762850916,0.0054,0.45,4
0.0079026768852598,0.0125311496735655,0.7630245964636192,-0.5185216889764092,21.727303989466893,0.0054,0.45,4
0.0081702909134705,0.012340765040055,0.8551757737569242,-0.5266749162420278,21.1741115765476,0.0054,0.45,4
0.0080907113402052,0.0124143603970494,0.8182618619024422,-0.5250035649025632,21.436159784121976,0.0054,0.45,4
0.0079764732752713,0.0124159050648058,0.8141705953144079,-0.5194073478331475,21.44905459664841,0.0054,0.45,4
0.0081426929332474,0.012189178379342,0.9275099218329146,-0.5181709769080759,20.902367276639364,0.0054,0.45,4
0.0084227019695408,0.0119508142787671,1.0717441730414736,-0.5176056988066743,20.08375009606415,0.0054,0.45,4
0.0083597974592693,0.0120166537812444,1.0307885285735117,-0.5193309233947898,20.32174768530839,0.0054,0.45,4
0.0082180401950806,0.0120939469556612,0.9799559780581862,-0.5165572039278873,20.60346316866209,0.0054,0.45,4
0.0082811090424783,0.0120252304053796,1.020021416541962,-0.5152859118231157,20.41891155843907,0.0054,0.45,4
0.0093067512632751,0.0109793383592708,1.800317190423318,-0.4156095476541258,15.658995927515972,0.0054,0.45,4
0.0093617584140497,0.0108917571223092,1.8676767648546968,-0.3974009884318185,15.269682847887918,0.0054,0.45,4
0.0092380906393726,0.011072773349884,1.7260262961936592,-0.4331826091921539,16.131309328387598,0.0054,0.45,4
0.0088278449646539,0.0115599515837237,1.345769308583659,-0.49773313180145,18.4803534836326,0.0054,0.45,4
0.0089009424530231,0.0114581073201572,1.4199915340962794,-0.4869836031723247,18.04939088950324,0.0054,0.45,4
0.0089842256840775,0.011356076882063,1.4976182721713178,-0.4750523865393966,17.58039853264617,0.0054,0.45,4
0.0091586750423726,0.0111606006173446,1.6538744675323294,-0.4477077437447341,16.61521147286321,0.0054,0.45,4
0.0090715118626902,0.0112569408142547,1.575862223065462,-0.4620161033348,17.099339324162617,0.0054,0.45,4
0.0086764564304422,0.0116784705298478,1.254295358300326,-0.5046187881574618,19.059740607455662,0.0054,0.45,4
0.0087180005761987,0.0115591009918293,1.331438204437118,-0.4916753459521245,18.66975034374732,0.0054,0.45,4
0.0083954889541407,0.0118146370858301,1.1440025348530096,-0.5026658225349475,19.78891962736113,0.0054,0.45,4
0.0084900765585393,0.0117440817475057,1.194173995716698,-0.5009564618330141,19.488084101556908,0.0054,0.45,4
0.0085744955613374,0.0116802185521067,1.240939396479522,-0.4986074201123562,19.181941800400025,0.0054,0.45,4
0.0093564940293989,0.010782308099705,1.9332678104650127,-0.3710803576765045,15.002815340262645,0.0054,0.45,4
0.0093600156578461,0.010664249495506,2.0030947026971475,-0.3408881977637508,14.70573027566198,0.0054,0.45,4
0.0074529915860604,0.012821087432705,0.6527653639547708,-0.4992449726133522,22.155707804075096,0.0054,0.45,4
0.0073023307841766,0.0127839133474524,0.661502352721998,-0.4904163401341553,21.99942264497679,0.0054,0.45,4
0.0075566537026626,0.0127158866981008,0.687541304965876,-0.5035569926142677,22.00013910313885,0.0054,0.45,4
0.0076590553572882,0.0126100535143857,0.7266905805295331,-0.5071247284048007,21.822529208052927,0.0054,0.45,4
0.0077608565614283,0.0125048285079886,0.7697135171508497,-0.5099425140066008,21.629204410050274,0.0054,0.45,4
0.0063635311454696,0.0133305992044466,0.5545920050129524,-0.4561168385779263,22.09673077149993,0.0054,0.45,4
0.0064697271209,0.0132270069425416,0.5632865049895228,-0.4582610949818994,22.05458890155932,0.0054,0.45,4
0.0067270836203884,0.0131612077984681,0.5730950980919395,-0.4668825969723547,22.192168198018468,0.0054,0.45,4
0.0068332929631814,0.0130576139555921,0.5902953737647544,-0.4704652553512634,22.12553262861311,0.0054,0.45,4
0.0069394872549076,0.0129539955004381,0.6117384606538093,-0.4739059898362891,22.04701645610709,0.0054,0.45,4
0.0070456046162151,0.0128503083969455,0.6373945621932483,-0.477128691586373,21.95498884557087,0.0054,0.45,4
0.0071515329501207,0.0127465151955002,0.667224223220619,-0.4800477667875301,21.847818671992865,0.0054,0.45,4
0.0065759257708536,0.0131234152860942,0.576235597388001,-0.4604409404650966,22.004457670084705,0.0054,0.45,4
0.011261966931942,0.0056983957381293,0.2104750999158139,0.0584044734779311,12.862401529213631,0.0054,0.45,4
0.0112860878599209,0.0057640961753099,0.330408726816411,0.086857518531317,12.71995287615668,0.0054,0.45,4
0.0113044978468006,0.0058469906069409,0.4866060738771953,0.1204969294924519,12.42576632816512,0.0054,0.45,4
0.0113365850923492,0.0059446515214045,0.6659799844981302,0.1490222330125771,11.79380857925748,0.0054,0.45,4
0.0111281635388578,0.0056230558827425,0.1382684957041524,0.0459802622233698,14.008444239579063,0.0054,0.45,4
0.0111234307856299,0.0055928146140238,0.0803836908585601,0.0271334156849341,13.870636727410254,0.0054,0.45,4
0.0111811681854696,0.0056761438938656,0.2115904056455844,0.0651535169188323,13.295254012831377,0.0054,0.45,4
0.0112434208157159,0.0080666490179687,2.8964746081853696,0.178335277099106,2.273879965458932,0.0054,0.45,4
0.0111171574643759,0.0081445849486499,2.9098223772841183,0.2041630819485359,3.158187117371888,0.0054,0.45,4
0.0116177599411294,0.0063457406439213,1.3859602810155958,0.0552260975652925,5.687172164955723,0.0054,0.45,4
0.0115307922319497,0.0062750217808227,1.260852980052389,0.1163026721861543,7.366724008578863,0.0054,0.45,4
0.0113428293385988,0.0060598621189443,0.8846761550611263,0.17993379166061,10.722344834895448,0.0054,0.45,4
0.0114523320923744,0.0061917882228807,1.1138881160633902,0.1559908846363708,8.778307297209908,0.0054,0.45,4
0.0113711502107105,0.0061462060908447,1.039063330643385,0.186091251129291,9.813834795627251,0.0054,0.45,4
0.0115982310631962,0.0064585394992644,1.5647133460529103,0.063195569284394,4.628916295418143,0.0054,0.45,4
0.0114987554829804,0.0075989398743886,2.6908982746732018,0.104242466135544,0.6469626507081644,0.0054,0.45,4
0.0115018316092887,0.007443109112684,2.592734875343906,0.10424812091314,0.8555299019882084,0.0054,0.45,4
0.0115782395456583,0.0065796137607182,1.7391004162022643,0.0723924247118648,3.7294804288004575,0.0054,0.45,4
0.0115587672339706,0.0067085152880642,1.9070484134026304,0.0817870440486639,2.992974661215201,0.0054,0.45,4
0.0115411009350098,0.0068449527952589,2.0670206157860425,0.0901797299204325,2.3866551351661283,0.0054,0.45,4
0.0115260107197744,0.0069872280669478,2.216277651746676,0.0969074282830959,1.885840430181059,0.0054,0.45,4
0.0115145746725803,0.007135792471397,2.354939520647821,0.1012533658385022,1.4696233564412695,0.0054,0.45,4
0.0115068521113681,0.0072883653501526,2.480763759489692,0.1034284020693345,1.127315091675879,0.0054,0.45,4
0.0113702591208405,0.0078324876562506,2.8096213587684056,0.1518799786984944,1.4735274902913889,0.0054,0.45,4
0.0113713059008917,0.0076757398969849,2.7307609351152564,0.1586751079669778,1.6444111808746185,0.0054,0.45,4
0.0112434697456716,0.0079103089860867,2.8360634350658844,0.1910482863798328,2.405051248716789,0.0054,0.45,4
0.0109910420941402,0.0082225751285967,2.916364307756534,0.2230465344137744,4.008083646945116,0.0054,0.45,4
0.0107389003057275,0.0088445771350246,2.960555426186298,0.1479918315176524,5.495206057165124,0.0054,0.45,4
0.010738927352581,0.0086892035762984,2.953470628860518,0.180156301614808,5.504125431430247,0.0054,0.45,4
0.0108649812281337,0.008456100229878,2.948482575931314,0.2086040716476045,4.744470979026752,0.0054,0.45,4
0.0107389203966088,0.0085338673113397,2.936789575353689,0.2117816011120658,5.545055153822161,0.0054,0.45,4
0.0108649691831699,0.0083005790964253,2.9164173471282595,0.2357055048677993,4.82781626178157,0.0054,0.45,4
0.0106128689665811,0.0095435654391818,2.8478203633452304,-0.0083152408193134,6.612797466757889,0.0054,0.45,4
0.0104868898544865,0.0096205277771602,2.795351066329084,-0.032640275066203,7.450166362074698,0.0054,0.45,4
0.0106128799468067,0.0093884313397399,2.882836313038424,0.0290289711498057,6.484768165275361,0.0054,0.45,4
0.0106128414950255,0.0092330656737571,2.908650416772657,0.0661547750497299,6.389614063240366,0.0054,0.45,4
0.0103609878062186,0.0096968015625682,2.738681903572173,-0.0575630817765458,8.269622435544298,0.0054,0.45,4
0.0106128053882691,0.009077650880964,2.925255047665591,0.1029372674947427,6.326077111710831,0.0054,0.45,4
0.0106128192781034,0.00892223956654,2.9326285210075835,0.1392908277811615,6.293400523629393,0.0054,0.45,4
0.0096144091197048,0.0105420956207115,2.140892353178113,-0.3136246745081069,13.460524364427064,0.0054,0.45,4
0.0097363993515416,0.0104791868592229,2.2098316549415444,-0.2966909750616162,12.804908422254266,0.0054,0.45,4
0.0098586927454558,0.0104150727343268,2.279401257818911,-0.2776205291637412,12.116504804843268,0.0054,0.45,4
0.010231060595759,0.0102133568704024,2.489895818587317,-0.2068824735422025,9.817848840639412,0.0054,0.45,4
0.0099822662285642,0.0103492102383448,2.3497971602460583,-0.2562045134216951,11.38553347514356,0.0054,0.45,4
0.0101061558277435,0.0102812526472453,2.420446938167679,-0.2324089155888215,10.618505019211284,0.0054,0.45,4
0.0102339680814096,0.0100708175013588,2.559365859395801,-0.1674108132672349,9.530154140087738,0.0054,0.45,4
0.0102349073096545,0.0099232075850153,2.6225520743912507,-0.1257565066074936,9.281173870102393,0.0054,0.45,4
0.0102352290958015,0.009772806137791,2.678269422183043,-0.0826857459873657,9.069203996267795,0.0054,0.45,4
0.0095023530677024,0.0104762786342437,2.145994818942228,-0.2934608669516097,13.764084628698496,0.0054,0.45,4
0.0093759514337587,0.0105386504451703,2.0769714647470443,-0.3072619469307689,14.3628755630231,0.0054,0.45,4
0.0078486155236037,0.0124015014769995,0.8153389586855732,-0.5111753618954237,21.421027659079275,0.0054,0.45,4
0.0080388679325265,0.012287017366339,0.8750702368321629,-0.5175198156710739,21.138978766892823,0.0054,0.45,4
0.0079203272607453,0.0123156881610091,0.8558402236917232,-0.5113947881727032,21.212466845959835,0.0054,0.45,4
0.0080308784262644,0.0121273936674676,0.9493108489225808,-0.5064616100148417,20.786561324867066,0.0054,0.45,4
0.008113282934223,0.0120472520720165,0.9948319394568056,-0.50571566765859,20.511759115264425,0.0054,0.45,4
0.0083052608962555,0.0119188891865161,1.0782549548722906,-0.5074770414928692,20.09202003530597,0.0054,0.45,4
0.0082045114841871,0.011978180063968,1.0376754377106598,-0.5059829543350998,20.3256764088971,0.0054,0.45,4
0.0082940170705188,0.0117900041411755,1.1454364418786946,-0.4923310374002824,19.77901030501596,0.0054,0.45,4
0.009205265546551,0.0109716491450914,1.7825203401350709,-0.4101876603348758,15.940692010112318,0.0054,0.45,4
0.0092419835008552,0.010862971879646,1.85724236885136,-0.3866700588451585,15.549345718224073,0.0054,0.45,4
0.0091269853462137,0.0110339480619337,1.7270797676470169,-0.4204847787059628,16.371704752462737,0.0054,0.45,4
0.0087756014854744,0.0114390980133516,1.412493941749201,-0.4772806837625816,18.220253804930703,0.0054,0.45,4
0.0088547837809382,0.0113228765478799,1.496291412639561,-0.462514087243277,17.765138366099503,0.0054,0.45,4
0.0089458905158837,0.011220014745548,1.57584302771283,-0.4489767166248621,17.29154786138476,0.0054,0.45,4
0.009035894071944,0.0111235051804843,1.6528468739950422,-0.4348041745834848,16.821578310749718,0.0054,0.45,4
0.0086050504328874,0.0115691134063957,1.3096781537930042,-0.4858671599757244,18.86515982109472,0.0054,0.45,4
0.0086470326978883,0.0114410176954564,1.3904474704053162,-0.4689966324865664,18.474087599477915,0.0054,0.45,4
0.0083573761884234,0.0116818875405293,1.211644591263824,-0.4834812359135999,19.4699261795044,0.0054,0.45,4
0.0084815820057541,0.0116091892802963,1.268976201159015,-0.4827198918549684,19.146855779441413,0.0054,0.45,4
0.0092502680261474,0.0106023581320415,2.007774858301808,-0.3197751661789487,14.946212138455314,0.0054,0.45,4
0.0092360528090338,0.0107164190973738,1.9410029737606056,-0.3496682292143212,15.246005321437098,0.0054,0.45,4
0.0074072144199453,0.0126795816958102,0.6957846238737372,-0.4939045966353445,21.86053183404436,0.0054,0.45,4
0.0072570757484378,0.0126426156220274,0.7011648742762331,-0.4825666575315171,21.723836448016574,0.0054,0.45,4
0.007511273852858,0.0125750645760037,0.7341951238101162,-0.4967811355906852,21.701158821713364,0.0054,0.45,4
0.0076151777853849,0.0124708886976576,0.7764965138809421,-0.4990345168200635,21.52355685224521,0.0054,0.45,4
0.0077156654877141,0.0123685929535837,0.8217618857263526,-0.500456573071126,21.321940367621327,0.0054,0.45,4
0.006212387012104,0.01329281283117,0.5546379161791722,-0.451924664356554,21.89940620761101,0.0054,0.45,4
0.0063185812635847,0.0131892196322874,0.563390809289242,-0.452509094277162,21.86246250011021,0.0054,0.45,4
0.0064247766276185,0.0130856267650102,0.576368065449098,-0.4531661528738466,21.818769965677507,0.0054,0.45,4
0.0066821265416622,0.013019822410688,0.5934162668367855,-0.4626038870804236,21.945409731844705,0.0054,0.45,4
0.0067883233954682,0.0129162217200739,0.6147956714262347,-0.4646915840921362,21.8758757946503,0.0054,0.45,4
0.006894488626665,0.0128125929749017,0.6403330476094915,-0.466637082547521,21.7943231471032,0.0054,0.45,4
0.0070005726031188,0.0127089218027502,0.6699767265793356,-0.4683655441598969,21.69924138940011,0.0054,0.45,4
0.0071064696770646,0.0126052171290161,0.703655792146868,-0.4697930346546184,21.5891556250844,0.0054,0.45,4
0.0065309731700023,0.0129820337067018,0.5935413985979646,-0.4538536991442868,21.767416687559663,0.0054,0.45,4
0.011204679996072,0.0057428097453886,0.3301879444623524,0.0964845245284242,13.06150513793981,0.0054,0.45,4
0.0112211458310874,0.0058274468326628,0.4859378631051751,0.1345389310364779,12.690562184187828,0.0054,0.45,4
0.0112503949575265,0.0059266272679779,0.6623118892747192,0.1682269809121744,12.079352263657809,0.0054,0.45,4
0.0112730014149778,0.006039908371738,0.8658850952708529,0.1988757996141484,11.163957908513789,0.0054,0.45,4
0.0110495189807213,0.0055955600719613,0.1365769593189988,0.0498277307613076,14.70210049098438,0.0054,0.45,4
0.011046970012135,0.0055657279615252,0.0795024410660884,0.0294152065500855,14.584905554614275,0.0054,0.45,4
0.01110379577434,0.0056504487449092,0.2081428174518085,0.0703903824150923,13.858132599461582,0.0054,0.45,4
0.0111244824622048,0.0057178276873415,0.3262485307282641,0.1049256152665662,13.54451983032437,0.0054,0.45,4
0.0111169879396089,0.0079884284247732,2.855393166391164,0.2219675162252225,3.2911294893379943,0.0054,0.45,4
0.0109908556505574,0.0080666507258576,2.8679076376615456,0.2454380192526379,4.137197363199296,0.0054,0.45,4
0.0115067268342336,0.0063850846537907,1.4459286966342446,0.129202228587484,6.310747498110388,0.0054,0.45,4
0.01142205909142,0.0063072244233603,1.3182908442796777,0.1770950917969036,7.80655972583945,0.0054,0.45,4
0.0112901983406305,0.0061489593084519,1.0583091415096746,0.2184641145441068,10.1266799751329,0.0054,0.45,4
0.0113475291362614,0.0062326197755334,1.1958688257553474,0.2072126553738035,9.097999790728556,0.0054,0.45,4
0.0114814228229828,0.0065030927408061,1.6265618382574487,0.1422556134618177,5.3847774899492,0.0054,0.45,4
0.0113736408421115,0.0075187269001124,2.6385052989292466,0.1649049663692472,1.8683542014491488,0.0054,0.45,4
0.01137808282108,0.0073619071270267,2.532073199710444,0.1700359520744964,2.1508307127909974,0.0054,0.45,4
0.0114565039077292,0.0066294067648059,1.801810457218732,0.154219755818446,4.611366530987309,0.0054,0.45,4
0.0114330720234986,0.0067638722047408,1.9698799005652587,0.1641695950471925,3.9562501818548967,0.0054,0.45,4
0.0114125044091091,0.0069047774137714,2.127723686841566,0.1711517915295314,3.40219947065189,0.0054,0.45,4
0.0113964045366114,0.0070533006860171,2.2759330840239187,0.1741999014444135,2.9180132208897978,0.0054,0.45,4
0.0113852749012977,0.0072062684792445,2.4111017347525863,0.1734765953212899,2.500813560852635,0.0054,0.45,4
0.011243679865736,0.0077533783382069,2.763389043815699,0.2035657383365348,2.5857849270531563,0.0054,0.45,4
0.0112445935010161,0.0075955993928438,2.677398219180436,0.2156672311138886,2.823182729650924,0.0054,0.45,4
0.0111166002276264,0.007831768105718,2.789117416365956,0.2395379432566194,3.47351434988645,0.0054,0.45,4
0.0108649573311262,0.008144895233186,2.873912461352227,0.2622548203704818,4.949472190657164,0.0054,0.45,4
0.0106128759071334,0.0087668549588189,2.9306901843304694,0.1751412308227173,6.291862321622836,0.0054,0.45,4
0.0106129288857716,0.008611551143171,2.91930281091458,0.2104111766607123,6.322636305975454,0.0054,0.45,4
0.0107388650855214,0.0083785132735695,2.910272939325043,0.2428279122575522,5.620388668510503,0.0054,0.45,4
0.0106128721414945,0.008456392788189,2.898277613830043,0.2450254587322184,6.3880036267096285,0.0054,0.45,4
0.0107388837410445,0.0082231069313041,2.873637107725493,0.2732037622254725,5.73255435388518,0.0054,0.45,4
0.0104869552115888,0.0094659713699933,2.8349581879170347,0.00754949983601,7.305246351544427,0.0054,0.45,4
0.0103610674749966,0.0095431903643892,2.78253554578195,-0.0151501879808723,8.108436485848815,0.0054,0.45,4
0.0104868926566191,0.0093108281568272,2.8655338218269724,0.0477419268446606,7.194920347731249,0.0054,0.45,4
0.0104867868607572,0.0091553722251937,2.8870130303623824,0.0877489245991943,7.117801768517949,0.0054,0.45,4
0.0102353094826096,0.0096202679504176,2.726047765791726,-0.0386001494835228,8.892603983725364,0.0054,0.45,4
0.0104867409867505,0.0089999034885681,2.899347079053418,0.1273873927323539,7.072766587508403,0.0054,0.45,4
0.0104868084088339,0.0088444641682789,2.902492241279649,0.1665432642302702,7.059541043459093,0.0054,0.45,4
0.0096228627672562,0.0104179081753632,2.211391986265422,-0.2790227467700661,13.148030503123245,0.0054,0.45,4
0.0097389593518629,0.0103519241762739,2.279411502418004,-0.2607842858049166,12.512168619667236,0.0054,0.45,4
0.0098618462235481,0.0102835152343538,2.350136485310285,-0.2402673624848721,11.8208785424431,0.0054,0.45,4
0.0101088316962119,0.0101422028854144,2.490854419490649,-0.1932584108607389,10.326866731876391,0.0054,0.45,4
0.0099844779997622,0.0102128869539455,2.4209587895429565,-0.2175333179690191,11.091959404393052,0.0054,0.45,4
0.0101102983843955,0.0099984152647558,2.5557658417988454,-0.1517186759867655,10.068706636882151,0.0054,0.45,4
0.0101097594816427,0.0098494125530417,2.6143841952635687,-0.1078343881942211,9.847417177620173,0.0054,0.45,4
0.0101097190502742,0.0096979490255899,2.665776638639851,-0.0625621373845374,9.65701687477503,0.0054,0.45,4
0.0093870639671647,0.0104023212999642,2.1511097250077253,-0.2686264072533246,14.052617296289684,0.0054,0.45,4
0.0095248644382846,0.0103533815622549,2.216167680533325,-0.2584702622406765,13.444060879915726,0.0054,0.45,4
0.0092672569593662,0.0104833065295891,2.075158340698465,-0.2870664912673488,14.621562821652349,0.0054,0.45,4
0.0078145929920328,0.0122725943939448,0.8678974962741289,-0.5014030553943921,21.106770966274308,0.0054,0.45,4
0.007923086563595,0.0122014224929669,0.9069944067966574,-0.5043635009786297,20.95217667136774,0.0054,0.45,4
0.0079250326632849,0.0120845474764045,0.9600783852179016,-0.4945381685935549,20.71196751973084,0.0054,0.45,4
0.0079981139943805,0.0119885097313435,1.0121226414123798,-0.4911425788553085,20.429713704854688,0.0054,0.45,4
0.0081114153647932,0.0119093367851736,1.0627863571094815,-0.4917967576694367,20.238346932387312,0.0054,0.45,4
0.0082019913314768,0.0118416588365422,1.1074469371379865,-0.4913842469386353,20.001164130656537,0.0054,0.45,4
0.0082156012042579,0.011710579544462,1.17685209921097,-0.4755262315311702,19.696831345904425,0.0054,0.45,4
0.009112516974732,0.0109092140628482,1.7988606206771338,-0.3915789802215918,16.056477621292036,0.0054,0.45,4
0.009114960728897,0.0107772158206929,1.8754673045377548,-0.3592926012256574,15.770141861089604,0.0054,0.45,4
0.0090011811206835,0.010990094809302,1.7256056009696932,-0.4041399936380312,16.567465003196602,0.0054,0.45,4
0.0087056049980175,0.0112956019327116,1.4855051266711463,-0.4478450930495178,17.97477878478053,0.0054,0.45,4
0.0088174787875975,0.0111807439800427,1.5741614854872077,-0.433302428748942,17.503078501660266,0.0054,0.45,4
0.0089089497630263,0.0110825897257981,1.6508749838141108,-0.4188984606754888,17.027610128178768,0.0054,0.45,4
0.0085780147062761,0.0113376749572997,1.437665733957689,-0.4457083728164132,18.332364693346268,0.0054,0.45,4
0.0085790133581576,0.0112166097293535,1.5053067861389764,-0.4223477201907739,18.06405191028263,0.0054,0.45,4
0.0082534995476631,0.0115816622614748,1.2495497143261236,-0.4597906318581304,19.357037197864063,0.0054,0.45,4
0.0085000077829963,0.0114456148879969,1.363454101904389,-0.4587421415946705,18.72435080450712,0.0054,0.45,4
0.008371178177729,0.011523066952639,1.2995213236368657,-0.4607760615718126,19.05593314462062,0.0054,0.45,4
0.0091706184325135,0.0105348664983551,2.021036675454078,-0.2968633861749687,15.081717814938123,0.0054,0.45,4
0.0091201363746741,0.0106369808266066,1.953708030209132,-0.3225673424703443,15.449920834560771,0.0054,0.45,4
0.0090065037104611,0.0107017089396084,1.8884423180787009,-0.3330712371092806,15.90419083463337,0.0054,0.45,4
0.0073621054582546,0.0125387004011745,0.7391113297237552,-0.4845929411793134,21.58165610132521,0.0054,0.45,4
0.0072120499913789,0.0125015373130828,0.7412681960628883,-0.4708308862618016,21.462671903314305,0.0054,0.45,4
0.0074668647162061,0.012435008625928,0.7809056129041217,-0.4860760876574451,21.420844356836465,0.0054,0.45,4
0.0075715034383407,0.0123318046165143,0.8263515608395687,-0.4869696718237581,21.239074055752727,0.0054,0.45,4
0.0076785540575919,0.0122289150950453,0.8755725011368597,-0.4873853585061993,21.0236863525908,0.0054,0.45,4
0.0060612434235799,0.0132550268271534,0.5516834396599136,-0.4470277911921346,21.70203878801246,0.0054,0.45,4
0.0061674370528893,0.0131514332901295,0.5605082105775914,-0.4460379314029793,21.67056132788097,0.0054,0.45,4
0.0062736311130294,0.0130478399040778,0.5735298853595251,-0.4451467354300517,21.633516963179307,0.0054,0.45,4
0.0063798257342954,0.0129442465454523,0.5907145259097338,-0.4443230626989947,21.59000552950619,0.0054,0.45,4
0.0066371691405024,0.0128784384455446,0.614872106140795,-0.4545228996075502,21.70687421137711,0.0054,0.45,4
0.0067433541805823,0.0127748336949457,0.6403115931985123,-0.4551163578445706,21.635674982392,0.0054,0.45,4
0.0068495044553641,0.0126712135905488,0.6698004652985227,-0.455568552928036,21.55237293136666,0.0054,0.45,4
0.0069555736190555,0.0125675875828542,0.7032638429083596,-0.4558064660557664,21.455566164628348,0.0054,0.45,4
0.0070614736522748,0.0124639897389066,0.7406039597178234,-0.4557493851488158,21.3439078164175,0.0054,0.45,4
0.006486020492824,0.01284065263397,0.6120176359654814,-0.4435283461979242,21.538523095958023,0.0054,0.45,4
0.0111389754467305,0.0058047853737965,0.4830402634594359,0.1474387537932195,13.11601284222681,0.0054,0.45,4
0.0111541822906289,0.0059030244950571,0.6573887276622196,0.1883514722312725,12.468645452769062,0.0054,0.45,4
0.0111832443304427,0.0060139872148925,0.8465285378791015,0.2207465074066555,11.681218155236191,0.0054,0.45,4
0.0111908413014746,0.0061313206456186,1.049169433862163,0.2514419997134353,10.76975322203436,0.0054,0.45,4
0.0109718987981143,0.0055658043154034,0.1344190352221503,0.053478209942456,15.500248064352034,0.0054,0.45,4
0.0109713487627291,0.0055363787496562,0.0782732161566269,0.03156958962185,15.395533912218928,0.0054,0.45,4
0.0110258357524438,0.0056227351858689,0.2053390650561712,0.0758171091725097,14.541022365728834,0.0054,0.45,4
0.0110443770980424,0.005691481469387,0.3236002775708881,0.1137329217764386,14.16977882656583,0.0054,0.45,4
0.0110561578094793,0.0057805204919864,0.4811666836683131,0.1606526075846258,13.67301384702199,0.0054,0.45,4
0.0108974802392231,0.0055346663271078,0.1317667885438521,0.0567650082195945,16.3056059356848,0.0054,0.45,4
0.0108966319623247,0.0055047977209747,0.07677055123602,0.0335853632628035,16.25393260212128,0.0054,0.45,4
0.010990382336751,0.0079104000442171,2.8080719110263144,0.2674343718776534,4.313848844031085,0.0054,0.45,4
0.0108645938885746,0.0079889665215452,2.82041365445498,0.2882564831021206,5.117159406891656,0.0054,0.45,4
0.0113899499203968,0.006422558696342,1.5045390742204,0.197078484775085,6.913479297457925,0.0054,0.45,4
0.0113049923049628,0.006336836543759,1.3732740870205733,0.2362623890836056,8.367655070114353,0.0054,0.45,4
0.0112205453081924,0.0062437619654527,1.231993763493307,0.2623463605236917,9.675495988222922,0.0054,0.45,4
0.011358590652331,0.0065463784174829,1.6863304985515446,0.214402772991693,6.15113412007917,0.0054,0.45,4
0.011248016108755,0.0074372380139691,2.5772149102871693,0.2264068570142151,3.1133486487763444,0.0054,0.45,4
0.011253917925843,0.0072786825026053,2.4618027267910936,0.2353989081221836,3.4690477916325784,0.0054,0.45,4
0.0113285326728892,0.0066786972203811,1.8617317972491023,0.2285018789360389,5.480797672392243,0.0054,0.45,4
0.0113006178830114,0.0068189776185859,2.028552426932837,0.2387896826159595,4.902251410832412,0.0054,0.45,4
0.011278053036635,0.0069658810816744,2.184504808356404,0.2434913617170254,4.384330209233792,0.0054,0.45,4
0.0112630106487477,0.0071210266823799,2.3307591653267057,0.2417858813674916,3.899968224133053,0.0054,0.45,4
0.0111158650089155,0.007674165937747,2.709921665931656,0.2569112275637723,3.717653145472561,0.0054,0.45,4
0.0111167185037049,0.0075147109255324,2.6163806145953683,0.2733466408970939,4.020596420881156,0.0054,0.45,4
0.0109891807226101,0.0077537741627366,2.7361019264243747,0.2890748848778914,4.5498330526376405,0.0054,0.45,4
0.0107390065473133,0.0080674932448953,2.826462269562436,0.302812923887909,5.88543023181273,0.0054,0.45,4
0.010486951325648,0.0086890952737152,2.896338426264484,0.2051091390517254,7.078736011880642,0.0054,0.45,4
0.0104870705050975,0.0085339537507081,2.8807369226632926,0.2429563735122204,7.131802174924897,0.0054,0.45,4
0.0106126721116688,0.0083014842537916,2.867416852706692,0.2788809219925787,6.490794160554152,0.0054,0.45,4
0.0104869042927636,0.0083793149922181,2.855519985555974,0.2799483304069995,7.222597764273531,0.0054,0.45,4
0.0106124057560354,0.0081471905355426,2.826596557160872,0.3117737988772849,6.633126329813962,0.0054,0.45,4
0.0103609683039298,0.0093884797216505,2.817658954249372,0.0275708260972813,7.982847751102361,0.0054,0.45,4
0.0102351653843803,0.0094662890438675,2.76544300321949,0.0060872346408191,8.752219024431746,0.0054,0.45,4
0.0103608311830954,0.0092331435200582,2.843884207666639,0.0703150257838644,7.891445948319244,0.0054,0.45,4
0.0103607025179709,0.009077610247459,2.861083539333503,0.1128255219671421,7.833131455605262,0.0054,0.45,4
0.0101095605838866,0.00954418480931,2.709367327087467,-0.0162178146203716,9.501091699515728,0.0054,0.45,4
0.0103607047567359,0.0089220773823971,2.8692159224485945,0.1549130929338038,7.807463463382816,0.0054,0.45,4
0.0103608722339521,0.0087665770498317,2.86820710346762,0.1964372378979967,7.814478001943146,0.0054,0.45,4
0.0096331407982407,0.0102932208092542,2.278202634036429,-0.2427923559783281,12.84161930782182,0.0054,0.45,4
0.0097430743189004,0.0102219426696955,2.345606684195485,-0.2225992232865322,12.239847760007146,0.0054,0.45,4
0.0098621842327238,0.0101475675552246,2.4162416262849145,-0.2002688313896834,11.55998578194442,0.0054,0.45,4
0.0099852726391628,0.0100728138209284,2.48676139653819,-0.1765342681794474,10.831601381355958,0.0054,0.45,4
0.0099846466054675,0.0099272769089873,2.5472657971245423,-0.1328638517960799,10.604068321846968,0.0054,0.45,4
0.009983473856656,0.0097765257864961,2.60181216485201,-0.0867435474909094,10.404550399971113,0.0054,0.45,4
0.0099842892066497,0.0096224894349045,2.649827328261225,-0.039017848563107,10.23039507852566,0.0054,0.45,4
0.0092610219279143,0.0103760647840441,2.1267102315149,-0.2553202093081412,14.450962096511631,0.0054,0.45,4
0.0093369507609792,0.0103101694975614,2.180961594416162,-0.2390407229258687,14.063738703875035,0.0054,0.45,4
0.0094373781174702,0.0102796644642063,2.2259473763091013,-0.233739462996224,13.63086618363564,0.0054,0.45,4
0.0095410001511957,0.0102488421900555,2.2718114872570108,-0.227545569754631,13.157044780272496,0.0054,0.45,4
0.0091584022118565,0.0104456518940112,2.06241046422282,-0.2704967048103421,14.941064905581852,0.0054,0.45,4
0.0091558387329482,0.0103450607592467,2.1097793086156886,-0.2403737270862056,14.764136191634952,0.0054,0.45,4
0.0078006867617248,0.012119247211442,0.9328324803730113,-0.4877515314604065,20.81050931286049,0.0054,0.45,4
0.0078668274145523,0.0119880790042589,0.9979851887375164,-0.4796916747184237,20.526254838323585,0.0054,0.45,4
0.0079271305593583,0.0118957332772654,1.047671983539224,-0.4742317046789566,20.30441457609233,0.0054,0.45,4
0.0080122305819976,0.0118672258284957,1.0717173578760917,-0.4784399678162988,20.149905778381093,0.0054,0.45,4
0.0080886492569396,0.0117694762431252,1.129578553269462,-0.4726042693101228,19.91459127058144,0.0054,0.45,4
0.0081318808227877,0.0116185407773555,1.2113845553273863,-0.4543177075322646,19.552611549819144,0.0054,0.45,4
0.0089692655774022,0.0108379282465908,1.8048558146334712,-0.365906696795213,16.31030462210434,0.0054,0.45,4
0.0088701690911926,0.0109459666131802,1.720452458765995,-0.3853570052830512,16.804939815962744,0.0054,0.45,4
0.0086873241302288,0.0111312089358018,1.575472661999615,-0.4133380173589014,17.64149650814976,0.0054,0.45,4
0.0087817889076911,0.0110369130580489,1.6490537545901125,-0.3999331278396409,17.23503999376985,0.0054,0.45,4
0.0085672833675794,0.0110812851759976,1.5763496145207176,-0.3922584560581122,17.780845941495304,0.0054,0.45,4
0.0084675217040534,0.0111531446803647,1.516117029811611,-0.3989803323635592,18.12359510336039,0.0054,0.45,4
0.008468331238431,0.0113007426893379,1.4373096476486251,-0.4294765901711807,18.41545700769661,0.0054,0.45,4
0.0081669336706415,0.011508249108604,1.2728811693004105,-0.4393895237550561,19.279935863969524,0.0054,0.45,4
0.008253211779034,0.011443319003289,1.3214361131994,-0.4363351202864831,19.04590595516952,0.0054,0.45,4
0.0083628931198886,0.0113681367217054,1.380991370314076,-0.4328697492237676,18.736201230919217,0.0054,0.45,4
0.0090743960472142,0.010524049884095,1.9992269583168405,-0.2881865490838969,15.381411666031765,0.0054,0.45,4
0.0090094767809452,0.0106021965576973,1.941198465049542,-0.3060461214480133,15.697350473222729,0.0054,0.45,4
0.0089010667318959,0.0107318080445216,1.844489715741026,-0.3337470769636044,16.28395844580176,0.0054,0.45,4
0.0089139987066819,0.0106353566562178,1.8978639706370488,-0.3086523698676591,16.068195684654317,0.0054,0.45,4
0.0073176017953306,0.0123981358275535,0.7826598474131329,-0.4714381908216806,21.319501790776204,0.0054,0.45,4
0.0071672156383996,0.0123605033905219,0.781700534534515,-0.455324902028785,21.21648708818404,0.0054,0.45,4
0.0074227844721955,0.0122953081621401,0.8275775773204012,-0.471535047172473,21.15781104089781,0.0054,0.45,4
0.0075296677894126,0.0121919788638798,0.8764948978959716,-0.4711193312301343,20.97768148421167,0.0054,0.45,4
0.0076392078700085,0.0120892725272633,0.9290292431284796,-0.4703302902813936,20.784741258062294,0.0054,0.45,4
0.0059101000155344,0.0132172409428082,0.5457646278589796,-0.4414558693626365,21.502997671918084,0.0054,0.45,4
0.0060162934333547,0.0131136472901293,0.5546784165142479,-0.438895594739089,21.47728091203205,0.0054,0.45,4
0.0061224870077267,0.0130100536984392,0.5677650833266914,-0.4364490161021288,21.447127684539414,0.0054,0.45,4
0.0062286808216651,0.0129064601483324,0.5849848329113932,-0.4340965727161232,21.411646785501507,0.0054,0.45,4
0.0063348748053106,0.0128028664831742,0.6062872081472185,-0.4318107316420832,21.36934775280348,0.0054,0.45,4
0.0065922120378085,0.0127370558942462,0.6373841855400836,-0.4427150619986281,21.477640825905382,0.0054,0.45,4
0.006698390849733,0.0126334547312924,0.6667484113456928,-0.4418272260041293,21.40595075831081,0.0054,0.45,4
0.0068045329941931,0.0125298564698041,0.7000311002303413,-0.4408008593903318,21.322088220219083,0.0054,0.45,4
0.0069105961692905,0.0124262816318993,0.7371364396884049,-0.439564645427622,21.22474748275912,0.0054,0.45,4
0.0070165460337839,0.0123227635364957,0.777952597000792,-0.4380432230444571,21.11276631805856,0.0054,0.45,4
0.0064410679991822,0.012699272046225,0.6316109873340925,-0.4295544452385424,21.318821265974066,0.0054,0.45,4
0.0110700664062866,0.0058798514520134,0.652637644040468,0.2050798503309453,13.075014337343989,0.0054,0.45,4
0.0110806215467446,0.0059919347718695,0.8437355888186294,0.2472364246833691,12.244224701153655,0.0054,0.45,4
0.0110967220251294,0.0061038507198927,1.0274119716498904,0.2777834253661422,11.443068265465936,0.0054,0.45,4
0.0111139846215898,0.0061998384907925,1.1798367392086264,0.2949623327666635,10.55402679316039,0.0054,0.45,4
0.0109471691703898,0.0055931025168915,0.2036189127939049,0.0817562869441334,15.315398151023302,0.0054,0.45,4
0.0109653835671174,0.0056620149757971,0.318344187116536,0.1216135957391378,14.865632574008211,0.0054,0.45,4
0.0109747283051513,0.0057515961184001,0.4737070975087799,0.1720098006441904,14.31269705216467,0.0054,0.45,4
0.0109861787537769,0.0058515830838155,0.6423134580495325,0.219957495076331,13.660507957539108,0.0054,0.45,4
0.010824148777296,0.0055016036640905,0.1289838365627191,0.0598914914087244,17.183665395485665,0.0054,0.45,4
0.0108228844632061,0.0054710146777099,0.0749951067991618,0.0354143221768593,17.182326414521363,0.0054,0.45,4
0.0108693907345864,0.0055611874321639,0.2012990721354698,0.0875299052174711,16.139900043476462,0.0054,0.45,4
0.0108640610295594,0.0078327517539637,2.7553903700490943,0.3135649670619768,5.336423291000332,0.0054,0.45,4
0.0107380543324807,0.0079112366196255,2.767891956811333,0.3318506040674391,6.087663295834811,0.0054,0.45,4
0.0112658176730735,0.0064584701267234,1.561508095106687,0.2612546167963359,7.612044899885041,0.0054,0.45,4
0.0111774535186893,0.0063674464487006,1.4321636361685082,0.2948117168853543,8.923477468412187,0.0054,0.45,4
0.0111170331609274,0.0062878795772915,1.317644864643617,0.3092445940989441,9.9177522068004,0.0054,0.45,4
0.0112289230035642,0.006588906741086,1.743898807352647,0.2813611624146881,6.9321619480922605,0.0054,0.45,4
0.0111215952774986,0.0073541330216344,2.507694325340012,0.2873506846449813,4.374791904352261,0.0054,0.45,4
0.0111282719102604,0.0071922395809689,2.3819885911496423,0.2992522311302157,4.812961212615918,0.0054,0.45,4
0.0111930222373123,0.0067270133039414,1.9175936594241365,0.297027824669694,6.369501035349102,0.0054,0.45,4
0.0111583317462794,0.0068747043808525,2.0831611441611,0.3077776438014204,5.8749657321034325,0.0054,0.45,4
0.0111367113779321,0.0070305951873932,2.2388465577618533,0.3082188813910033,5.370561690253315,0.0054,0.45,4
0.0109862486338044,0.0075951312891138,2.6501449199825977,0.3107851146445777,4.861144110609337,0.0054,0.45,4
0.010988578806688,0.0074341789404385,2.54955173861282,0.3298706710081203,5.214654184117396,0.0054,0.45,4
0.0108601680833465,0.0076758428272343,2.677485263011349,0.3389610991034157,5.635137645441076,0.0054,0.45,4
0.010612008457993,0.0079937800055688,2.7756725141775003,0.3435104333436761,6.817683274896965,0.0054,0.45,4
0.0103612093198411,0.0086111626651326,2.8579374494111804,0.2372524268983801,7.854677881690253,0.0054,0.45,4
0.0103615857853911,0.0084562296230899,2.8382781184416896,0.2771329936421329,7.929737372166592,0.0054,0.45,4
0.0104862634125219,0.0082256170655741,2.8206161026159418,0.315903460898579,7.35435610820666,0.0054,0.45,4
0.010360972112736,0.0083022550615003,2.808969458816389,0.3159625125174359,8.046899419859075,0.0054,0.45,4
0.010485245916065,0.0080731841849421,2.776056534344736,0.3506029775053956,7.528984405577063,0.0054,0.45,4
0.0102348807554009,0.009310924906173,2.7962623690641952,0.0511717383462879,8.64655888752447,0.0054,0.45,4
0.0101091207735928,0.0093888243648565,2.7445950175188294,0.0307716571155435,9.38162697850052,0.0054,0.45,4
0.0102346754943008,0.0091554264785045,2.8181961011510066,0.0961155725009967,8.574406488496074,0.0054,0.45,4
0.0102346088992295,0.0089997741327405,2.8312174371804493,0.1407582415688295,8.535547232171124,0.0054,0.45,4
0.0099835587939279,0.009466871544685,2.689290092731944,0.0095495231884223,10.096711910537064,0.0054,0.45,4
0.0102347121088029,0.0088441375174935,2.835243454890767,0.184891780100038,8.529764763729348,0.0054,0.45,4
0.010235000796179,0.0086884827224356,2.830171973930589,0.228368030223871,8.557382707582208,0.0054,0.45,4
0.0096252931001658,0.0101678825101544,2.33510279064113,-0.2047837024067888,12.653555271911072,0.0054,0.45,4
0.0097369799970747,0.0100876825308728,2.40505415012918,-0.1817760147195599,12.036358696043138,0.0054,0.45,4
0.0098591183557184,0.01000629827862,2.477140899865708,-0.1574585517106837,11.339226915174647,0.0054,0.45,4
0.0098559628716719,0.0098580634872281,2.533617900941455,-0.1114280349701954,11.139683151775555,0.0054,0.45,4
0.009856465923986,0.0097039633084568,2.58547974200227,-0.0627772934760547,10.95188842075075,0.0054,0.45,4
0.0098571462025523,0.0095469187512242,2.629960220787753,-0.0126602729420638,10.79735099698302,0.0054,0.45,4
0.0092511349594138,0.0102789742227052,2.1693361741059376,-0.2254685613908517,14.320302316650968,0.0054,0.45,4
0.0091608386193148,0.0102515014300511,2.153803789751888,-0.2119733544577075,14.609586112749469,0.0054,0.45,4
0.0093481548323939,0.0102138227159027,2.228689903118096,-0.2100021030773302,13.839748007796947,0.0054,0.45,4
0.0094829356214441,0.0101499448785312,2.299074180549749,-0.1954176412553983,13.218171387265755,0.0054,0.45,4
0.0090497408143505,0.0104193136287187,2.043057499676216,-0.2560676139252495,15.27333427238617,0.0054,0.45,4
0.0090540631769964,0.0102996638581706,2.0993893227040314,-0.2202246462089702,15.069585488009809,0.0054,0.45,4
0.0077287954749753,0.0119771524016099,0.9867536443937583,-0.4658339625839576,20.539891308091555,0.0054,0.45,4
0.007824580785318,0.0118639440612442,1.0490608805102253,-0.4605340818824773,20.27722857005364,0.0054,0.45,4
0.0079339000154371,0.0117709077574641,1.107244206471467,-0.4582765722992227,20.026838223332955,0.0054,0.45,4
0.0080637254668548,0.0115048908469707,1.256428058819922,-0.4285653028364318,19.39714166440225,0.0054,0.45,4
0.0080029337700962,0.0116360283739277,1.1822835716863829,-0.4446021462112799,19.7135812110396,0.0054,0.45,4
0.0088347819236179,0.0108141492417022,1.7837623719928042,-0.3502179271096717,16.62483090122544,0.0054,0.45,4
0.008743738193743,0.0109034656671862,1.7132427459549449,-0.3654651559370929,17.035600578891856,0.0054,0.45,4
0.0086554688673963,0.0109904097506453,1.6454450869075152,-0.3790552579534518,17.399357536265814,0.0054,0.45,4
0.0085504232251592,0.0109761509469273,1.627927963729262,-0.3662498123611086,17.58449282070507,0.0054,0.45,4
0.0084640982739747,0.0110203439576071,1.5846428335998275,-0.3686493957629104,17.87554573602542,0.0054,0.45,4
0.0083679574169996,0.0110801487028722,1.5317595990906512,-0.3730947648995452,18.153224650757384,0.0054,0.45,4
0.0083592219101838,0.0112201151267711,1.457910064584975,-0.4029415637869094,18.44611248415498,0.0054,0.45,4
0.0081325996455139,0.0113904610401482,1.3256674149781256,-0.414465767943926,19.080111630414983,0.0054,0.45,4
0.0082255373042424,0.0112762389766028,1.4014057161532525,-0.4013550312162707,18.7443967565367,0.0054,0.45,4
0.0089426950714169,0.0105137869767891,1.9664416208023168,-0.2764473958104998,15.727401128696354,0.0054,0.45,4
0.0088146042585303,0.0106956215007249,1.840101467196103,-0.3175078533982107,16.43621651747362,0.0054,0.45,4
0.0088208443699821,0.0105780286543095,1.900298906872996,-0.2854782066803976,16.203233206834966,0.0054,0.45,4
0.0072729661062763,0.012257234662857,0.8264243545972142,-0.4544770251841011,21.07220424071554,0.0054,0.45,4
0.0071224388626412,0.0122193380854883,0.8223643317812214,-0.4361658067949158,20.9851420197058,0.0054,0.45,4
0.0073788604524301,0.0121540809685434,0.8747076813490159,-0.4531247265383274,20.910240735621752,0.0054,0.45,4
0.0074842171597089,0.0120502666161248,0.926650817657651,-0.4510338458177585,20.73098399627315,0.0054,0.45,4
0.0075851464612863,0.0119442005811246,0.9823217066220958,-0.4474758048338296,20.51942678016417,0.0054,0.45,4
0.0057589566640316,0.0131794550954436,0.5369261616153197,-0.4352201837743866,21.30065050147005,0.0054,0.45,4
0.0058651500135319,0.0130758614050833,0.5459490776450054,-0.4311111020369877,21.28101780306569,0.0054,0.45,4
0.0059713434168163,0.012972267737303,0.5591246540391118,-0.4271194612458769,21.25803524357028,0.0054,0.45,4
0.0060775369142317,0.0128686740934714,0.5764072849430737,-0.4232378250366792,21.2308175786792,0.0054,0.45,4
0.006183730509858,0.0127650804355106,0.5977404913955368,-0.4194504583338292,21.197878037889264,0.0054,0.45,4
0.0062899239580632,0.012661486583706,0.6230568112178297,-0.4157315913464477,21.157815181104112,0.0054,0.45,4
0.0065472580852276,0.0125956764772977,0.6608844561896096,-0.4272816789175536,21.25868443836274,0.0054,0.45,4
0.0066534300571485,0.0124920856693278,0.6940231436699483,-0.4249375600586869,21.18758954479947,0.0054,0.45,4
0.0067595687415627,0.0123885117086416,0.7309302915913239,-0.4224598278424412,21.1042495876126,0.0054,0.45,4
0.0068656487536735,0.0122849707388416,0.7714957401395245,-0.4197787097538722,21.00746305425476,0.0054,0.45,4
0.0069716633216682,0.0121814755102171,0.8156016392492048,-0.4168195319448998,20.89611328261965,0.0054,0.45,4
0.0063961166559441,0.0125578924027656,0.6522782253257193,-0.4120457497393042,21.10925339496196,0.0054,0.45,4
0.0056078133297412,0.0131416692590815,0.5252218821781263,-0.4283145988484199,21.093349031326127,0.0054,0.45,4
0.010995370528296,0.0059621437382238,0.8256562887994777,0.264923548772809,12.917598874900769,0.0054,0.45,4
0.0110067126272816,0.0060743562402451,1.0057039698931105,0.3002020610428114,12.09269276125826,0.0054,0.45,4
0.0110214834188091,0.0061723468995866,1.1571630805464987,0.3219307173649532,11.340718983188369,0.0054,0.45,4
0.0110263304081479,0.0062690227323082,1.304133830812001,0.3402737073168716,10.716023095070204,0.0054,0.45,4
0.010887152264243,0.0056302497680205,0.3122880703294248,0.1290917378422349,15.61989372144203,0.0054,0.45,4
0.0108943738800706,0.0057202716421292,0.4649674118490667,0.1826383348845301,15.016501333956969,0.0054,0.45,4
0.0109031112666745,0.0058210655030691,0.6312121551000868,0.2340664689843205,14.33010108203632,0.0054,0.45,4
0.010909727549125,0.0059323363774674,0.8112440863470408,0.2825450378656419,13.585261569456298,0.0054,0.45,4
0.0107494667792481,0.0054651298453252,0.1255277417775151,0.0627938233860197,18.06388441146051,0.0054,0.45,4
0.0107501707787714,0.0054350595583565,0.0729775815058262,0.0371020711539396,18.06765452965876,0.0054,0.45,4
0.0107970267850159,0.0055258603627485,0.1929830308553934,0.0902970538800337,16.98520666274379,0.0054,0.45,4
0.0108097786388489,0.0055961680359907,0.305370432256562,0.1360358852260196,16.445876573907498,0.0054,0.45,4
0.0107373694288491,0.0077553318385017,2.6980289670638355,0.3596370132396275,6.340808081386764,0.0054,0.45,4
0.0106125534286394,0.0078424511625692,2.71518590378743,0.3734418296745447,7.042688354364201,0.0054,0.45,4
0.011134732484244,0.0064940474903252,1.6175439147230186,0.3220482445524394,8.30450761042212,0.0054,0.45,4
0.011045021588738,0.0063865017027122,1.473806950394233,0.3503886539456921,9.629124757150306,0.0054,0.45,4
0.0110926012482593,0.0066304155872191,1.7981607972741982,0.3438933999635913,7.743738659585483,0.0054,0.45,4
0.0109943704867223,0.0072679242047416,2.430028789633184,0.3464909280005967,5.622111020784058,0.0054,0.45,4
0.0110002512217933,0.0071012870809285,2.292812785901788,0.3604315934088459,6.143264541632889,0.0054,0.45,4
0.0110490075816802,0.0067711568533271,1.965021964906475,0.360799778466024,7.2261831449276,0.0054,0.45,4
0.0109925781940146,0.0069346030425872,2.136025030431379,0.3765687596686646,6.842146089258391,0.0054,0.45,4
0.010854718364751,0.007517288593135,2.5856180508155977,0.3638972584045842,6.034725657018227,0.0054,0.45,4
0.0108582514146698,0.0073558398391717,2.4791593748453504,0.3846995259668014,6.403668839371407,0.0054,0.45,4
0.010729799437544,0.0076002169065821,2.6155020506095643,0.3877491675600076,6.69635538999007,0.0054,0.45,4
0.0104841449563768,0.0079228384246409,2.72215697687448,0.3836414967193625,7.744754256986247,0.0054,0.45,4
0.0102357916782541,0.0085326330388968,2.8159166288783264,0.2710402424044713,8.618027960177676,0.0054,0.45,4
0.0102363627217098,0.008377234578869,2.792175216729806,0.312632334542257,8.715036811467549,0.0054,0.45,4
0.0103593822909117,0.0081503233919359,2.770283988326866,0.3533688405243294,8.209148223980698,0.0054,0.45,4
0.0102353341727293,0.0082248107188365,2.759118296623213,0.352515303938611,8.85846273109898,0.0054,0.45,4
0.0103568673420364,0.0080007243200866,2.722504214255657,0.3891505818102331,8.418455302854339,0.0054,0.45,4
0.0101087351768,0.0092332954741717,2.771090767405612,0.0777668238471467,9.295883929378126,0.0054,0.45,4
0.0099828616592362,0.009311418054557,2.720114529647239,0.0581779742260827,9.997599517841197,0.0054,0.45,4
0.0101085174004456,0.0090776305930222,2.788840588431921,0.1245585816836911,9.243738111085849,0.0054,0.45,4
0.010108479316953,0.0089218568420101,2.797770927227258,0.1709529060837227,9.224905664167318,0.0054,0.45,4
0.0098567833971524,0.0093900636328485,2.66550250148918,0.0376909083950663,10.680319810807797,0.0054,0.45,4
0.0101087080362834,0.0087661232394878,2.797804682657,0.2167189751355085,9.239348936246657,0.0054,0.45,4
0.0101092120289549,0.0086102188623229,2.7888080893153577,0.2617319926733792,9.287550365522646,0.0054,0.45,4
0.0096040682572745,0.0100388950928869,2.384198504133401,-0.1641256758985033,12.527984347405884,0.0054,0.45,4
0.0097254652166829,0.0099446410967318,2.460087052501889,-0.1369357447837329,11.878671336387525,0.0054,0.45,4
0.0097263767442176,0.0097895012277818,2.5162971936344216,-0.0874414763109565,11.680222254112524,0.0054,0.45,4
0.0097283943551723,0.0096276621674317,2.5667341797162746,-0.0350518550671601,11.486325927908366,0.0054,0.45,4
0.0097295756803002,0.0094691546757034,2.6073082491577426,0.0167438381447625,11.346266927986273,0.0054,0.45,4
0.009084482366998,0.0102057834218049,2.149764807054165,-0.1929416229075852,14.830260276710442,0.0054,0.45,4
0.0092425992236629,0.0101780469473287,2.2113790344706743,-0.1936434075783249,14.17262701967684,0.0054,0.45,4
0.0091503033733732,0.0101670635448796,2.186848606363165,-0.1848410213394278,14.499121681580007,0.0054,0.45,4
0.0093471607875062,0.0100957991529057,2.279086256275475,-0.1727565550792117,13.682068013686816,0.0054,0.45,4
0.0094767278458785,0.0100049389339386,2.357214668163268,-0.1491767848818077,13.044611953218412,0.0054,0.45,4
0.0089125504140889,0.0103722182764913,2.0239035691461,-0.2323519845045596,15.581260163808365,0.0054,0.45,4
0.0089631712093227,0.0102013397886351,2.113604075077656,-0.1833063136408589,15.197578845760516,0.0054,0.45,4
0.0076809547772095,0.011835987115408,1.0413946870403803,-0.4421861720412137,20.299713522806737,0.0054,0.45,4
0.0077774997391922,0.0117308256770522,1.1022688720015228,-0.4364285362447657,20.072349947254484,0.0054,0.45,4
0.007867070640283,0.0116208328336453,1.1671111819843594,-0.4280300649272602,19.788221897771795,0.0054,0.45,4
0.0080094790075982,0.0113721145228147,1.3105147493414178,-0.3977705567250791,19.21831273541968,0.0054,0.45,4
0.0079396036969396,0.0114971508097031,1.237730896409998,-0.414036774547971,19.513009736809867,0.0054,0.45,4
0.0087164781328977,0.0107722073182086,1.7749219104060414,-0.3298558284994003,16.835664189128593,0.0054,0.45,4
0.0086060747907726,0.0108626809798074,1.7003115152222976,-0.3435057738016093,17.245999601247316,0.0054,0.45,4
0.0084750632673683,0.0109003070898842,1.6482239908782506,-0.3405351373078161,17.587435774206792,0.0054,0.45,4
0.0083778823622416,0.0109526481593421,1.5980970832628996,-0.3438739757962014,17.891801579911203,0.0054,0.45,4
0.008278754684389,0.0110006771472871,1.5504073557824969,-0.3452517301665305,18.17159658281525,0.0054,0.45,4
0.008262397992273,0.0111345426132308,1.4804711548521805,-0.3746794808578946,18.423698434724248,0.0054,0.45,4
0.008076710643331,0.0112379537814354,1.3890535670156745,-0.3774874604166996,18.890950177916725,0.0054,0.45,4
0.0081618302287833,0.0111597701130489,1.4455584398161427,-0.3696145803303146,18.64116784933464,0.0054,0.45,4
0.008817858366048,0.0104653451791238,1.952860117384564,-0.2526779045882056,16.02470454593676,0.0054,0.45,4
0.0087050976028162,0.0106465519123725,1.8345316096498023,-0.2949530166646545,16.632021800410225,0.0054,0.45,4
0.0087013162399162,0.0105385242513479,1.884969967083259,-0.2640733909444979,16.464294697593946,0.0054,0.45,4
0.0072283548494952,0.0121159818783315,0.8702707578650432,-0.4338549543311695,20.84097900512411,0.0054,0.45,4
0.0070776484796122,0.0120780218227714,0.863132371679244,-0.4135050285887455,20.769329509876844,0.0054,0.45,4
0.0073336963711328,0.0120124043410737,0.9215746160160442,-0.4309248150065135,20.678508513819622,0.0054,0.45,4
0.0074377676720161,0.0119082607188957,0.9761905036471028,-0.4271470618487296,20.49598175181472,0.0054,0.45,4
0.0075363580636626,0.0118022160773286,1.0338573371962134,-0.4217324371791015,20.294809524251864,0.0054,0.45,4
0.0057140066579645,0.0130380755569383,0.5343763053218221,-0.4226959604083142,21.080154694770865,0.0054,0.45,4
0.0058202000037735,0.0129344818626105,0.5476671026050216,-0.4171866174712577,21.064661548183608,0.0054,0.45,4
0.0059263933843218,0.0128308881790344,0.5650431898401616,-0.411791805935948,21.04598715956748,0.0054,0.45,4
0.0060325868101766,0.0127272944985979,0.5864422173884823,-0.4065083679532522,21.022638594070923,0.0054,0.45,4
0.0061387802268359,0.0126237007746104,0.6117904973933297,-0.4013227125053889,20.993212172366665,0.0054,0.45,4
0.0062449734660214,0.0125201069512326,0.6410035198113607,-0.3962109092544975,20.9563312030721,0.0054,0.45,4
0.0065023062879277,0.012454300105777,0.6853159399754337,-0.4083482423142097,21.050860466724853,0.0054,0.45,4
0.0066084750423833,0.0123507203162386,0.7220672520655876,-0.4045851656532457,20.981349844643702,0.0054,0.45,4
0.0067146200260554,0.0122471597532871,0.762421715803256,-0.4006951540094526,20.899516516238126,0.0054,0.45,4
0.0068207193388241,0.0121436227044971,0.80625753164512,-0.3966072585574251,20.80420354257881,0.0054,0.45,4
0.0069267671104274,0.0120401040858157,0.8534491924628945,-0.3922440535454107,20.69440910759888,0.0054,0.45,4
0.0063511665326509,0.0124165133323091,0.6739864679875414,-0.3911388835001704,20.910666295546346,0.0054,0.45,4
0.0054566637110108,0.0131038859034878,0.5107152395094784,-0.4207162800770964,20.87941571969996,0.0054,0.45,4
0.0055628575144509,0.0130002915844207,0.5200249753231795,-0.4136453286499431,20.873046641158748,0.0054,0.45,4
0.0026669385308764,0.0125901348882693,0.0030831936712902,-0.0130165674309395,14.135185740190176,0.0054,0.45,4
0.0026950441945311,0.0125745713565779,0.0053528720051305,-0.0224024948546246,14.13441411463168,0.0054,0.45,4
0.0026825396861474,0.0125174621083765,0.002605120209452,-0.0124842621437051,13.86602650993569,0.0054,0.45,4
0.0109180689032418,0.0060457315453232,0.9886855813962792,0.3218413193360039,12.773117315526015,0.0054,0.45,4
0.0109348439353049,0.0061396406441067,1.1287162765100407,0.3439999577078487,12.123100254905866,0.0054,0.45,4
0.0109331853386881,0.0062360456381326,1.2732030612490983,0.3673973369477879,11.362083585457478,0.0054,0.45,4
0.0109272718711227,0.0063315327462973,1.411148133031418,0.3866647160486103,10.718822552560049,0.0054,0.45,4
0.010814266374525,0.00568694968404,0.4560856730989525,0.1930497847072352,15.78268955336068,0.0054,0.45,4
0.0108195960366957,0.0057892355409962,0.6213396700774046,0.2483706406061991,15.05909937793187,0.0054,0.45,4
0.0108313844372276,0.0060147628003324,0.9705180608170484,0.3415890045514623,13.478768017574083,0.0054,0.45,4
0.0108233138817034,0.0059018703615439,0.7992472114178987,0.3003995700591211,14.289177108345692,0.0054,0.45,4
0.0106768507162635,0.0054270228662207,0.1219224149129662,0.065412746470295,19.00270149112308,0.0054,0.45,4
0.010678555053765,0.0053969635172527,0.0707628142528059,0.0385919158284397,19.01876737322768,0.0054,0.45,4
0.0107227349328742,0.0054891343813739,0.1877963276880649,0.0943672062048823,17.848259378906604,0.0054,0.45,4
0.0107334040684634,0.0055597835469548,0.2976227475609032,0.1424664484211396,17.282074596138017,0.0054,0.45,4
0.0107375402725019,0.0056488405665945,0.4406778134638324,0.2002795587433174,16.572920376718702,0.0054,0.45,4
0.010612583625039,0.007693868285412,2.6451874155847523,0.4015265338353125,7.314038772615809,0.0054,0.45,4
0.0104827561165823,0.0077776403504226,2.6603795405779103,0.4142496810127011,7.999109440462845,0.0054,0.45,4
0.0109985135555564,0.0065329994603215,1.676780456623767,0.379726058963045,9.013967852831472,0.0054,0.45,4
0.0109117185270849,0.0064470951628388,1.5702502523081443,0.4061507624968949,10.192080060453067,0.0054,0.45,4
0.0109513974762567,0.0066684473422601,1.8450927996981976,0.4014198653444299,8.534577882231387,0.0054,0.45,4
0.010866247821474,0.007191094720474,2.355378936559241,0.4015418403528685,6.857269086001225,0.0054,0.45,4
0.0108707977847996,0.0070358995787283,2.2228504207658126,0.4150655722488574,7.3853785307841955,0.0054,0.45,4
0.0109053588140436,0.0068022914203547,1.994322989961744,0.4166087102804333,8.18552832359559,0.0054,0.45,4
0.010848955691351,0.0069133326100562,2.105464518850766,0.4317446563131374,8.014033265310644,0.0054,0.45,4
0.0107365682832042,0.007270942420883,2.4018357113611124,0.4344774455055184,7.533083873849597,0.0054,0.45,4
0.0107073452494511,0.0074427284672254,2.517081290170766,0.4190769569858661,7.199372531714361,0.0054,0.45,4
0.0106033885022953,0.0075559503507057,2.5689635185375743,0.4283516965911703,7.657525123187839,0.0054,0.45,4
0.0103519628328473,0.0078554246031213,2.666294843845848,0.4229544988981977,8.675980682290195,0.0054,0.45,4
0.010110441309716,0.0084540721268934,2.7707078040002773,0.3057660095086006,9.368510800423252,0.0054,0.45,4
0.0101121366881293,0.0082983712625842,2.743329756140556,0.3484376539048273,9.483554248431908,0.0054,0.45,4
0.0102315532151163,0.0080754295372401,2.7168576584848942,0.390767316782104,9.054055886364834,0.0054,0.45,4
0.0101088869165197,0.0081473920167886,2.70631560580355,0.3890925266273407,9.657399486379887,0.0054,0.45,4
0.0102256591356297,0.007930200816726,2.6664405230534043,0.4269332342851694,9.301354223336782,0.0054,0.45,4
0.0099825154663829,0.0091556248339356,2.742465265862436,0.1067846612933959,9.931628195420378,0.0054,0.45,4
0.0098564637262206,0.0092338794122318,2.6923870303431947,0.0878396216411701,10.599576174287716,0.0054,0.45,4
0.0099823149042954,0.0089997952223193,2.7561542905239125,0.1550675792155082,9.899430699091484,0.0054,0.45,4
0.009982348222184,0.0088440077156399,2.7611289178329907,0.2027970555480717,9.900755830440362,0.0054,0.45,4
0.0097301363555826,0.0093122596752038,2.638901812367926,0.0681762753386235,11.247437914010533,0.0054,0.45,4
0.0099826786351321,0.0086881195074196,2.757302966432192,0.2498097672600315,9.935973277988309,0.0054,0.45,4
0.0099834310974991,0.0085318435734544,2.744529742794221,0.295966128592853,10.005259830549818,0.0054,0.45,4
0.0095764715269374,0.0098784644410441,2.437179773509655,-0.1119468251601906,12.412561338348825,0.0054,0.45,4
0.0095993623062636,0.0097086911158013,2.500781843975494,-0.0571542840622966,12.146349734883628,0.0054,0.45,4
0.0096012676456398,0.009547730723843,2.5461365598940624,-0.0039829911161515,11.98993288596988,0.0054,0.45,4
0.0096033611366267,0.0093902594596728,2.5824028642530137,0.0483358730951906,11.87494076647362,0.0054,0.45,4
0.0090658393908272,0.0101064192272573,2.184729158524281,-0.1602419940988934,14.707167405073235,0.0054,0.45,4
0.0091978787322183,0.0100611407733798,2.245271477488028,-0.1538815500368321,14.170081143119418,0.0054,0.45,4
0.0093339027937686,0.0099670253373397,2.3255250288366764,-0.1306053853397145,13.565962071729931,0.0054,0.45,4
0.0094381170138634,0.0098912761914702,2.3872056003898017,-0.1106929366796443,13.022347998246762,0.0054,0.45,4
0.008958120951344,0.0100628767130695,2.1670547679781307,-0.1386663600999428,15.027201474608548,0.0054,0.45,4
0.0087923809607565,0.010369191882927,1.9887127230425712,-0.2217974666227661,15.926447112373603,0.0054,0.45,4
0.0088226394922411,0.0102661442292562,2.0423544372243048,-0.1927682176619577,15.68410045583492,0.0054,0.45,4
0.0088431964186744,0.0101359052283821,2.101813037646693,-0.15332529406067,15.462867537146169,0.0054,0.45,4
0.0076331217555542,0.0116971098234921,1.0937364788151795,-0.4153931660175684,20.08031998539037,0.0054,0.45,4
0.0079557889632403,0.0112433729759968,1.3604123865028903,-0.3650086858809576,19.038007945620848,0.0054,0.45,4
0.0080010858307478,0.0111474335330746,1.4152659872327844,-0.3489573536468224,18.83539077983261,0.0054,0.45,4
0.0077254871121686,0.0115870272130186,1.1578015169574571,-0.4066873174741341,19.835737695302413,0.0054,0.45,4
0.007811369203595,0.0114753975992743,1.2238432566949482,-0.3957528710379963,19.581991934080808,0.0054,0.45,4
0.0078883087653464,0.0113586166207949,1.292568266136639,-0.3815091911383446,19.32301081614353,0.0054,0.45,4
0.0085945720261577,0.010710774605273,1.7730603185176157,-0.3025628852469528,17.002307998286373,0.0054,0.45,4
0.0084830458505918,0.0107720302890883,1.7134789515725797,-0.3082839160629145,17.37004263755347,0.0054,0.45,4
0.0083816241616676,0.0108295108533175,1.6591345333463778,-0.3131475276200511,17.659138845182255,0.0054,0.45,4
0.0082927505588699,0.0108894775960736,1.607583340927347,-0.3192765950356162,17.92230332157391,0.0054,0.45,4
0.0082117982187144,0.0109334835637223,1.566281669934116,-0.3215586121980886,18.170269881404945,0.0054,0.45,4
0.0081688138897842,0.0110361240937879,1.5070286806839743,-0.3419556987745122,18.416274049299464,0.0054,0.45,4
0.0080832528356108,0.0111059636574367,1.453593566945018,-0.348783812561837,18.6064901609123,0.0054,0.45,4
0.0080161406465894,0.0110696570636327,1.4548973933217473,-0.3326244827611956,18.66149781091733,0.0054,0.45,4
0.0079150968947031,0.0111436583858862,1.3973787642889095,-0.3380187638815192,18.938171768244043,0.0054,0.45,4
0.0079597950652023,0.0110846113245562,1.4347146715512156,-0.329569007017891,18.794948528507305,0.0054,0.45,4
0.0087040334498496,0.0104250875048599,1.9375032030606405,-0.2310509043833531,16.264786873255318,0.0054,0.45,4
0.008586329162757,0.0105834368381644,1.8312496345704576,-0.2664427241169033,16.8189168164978,0.0054,0.45,4
0.0086192803252664,0.01048081206776,1.8875025637009173,-0.2398496958766101,16.589660576905317,0.0054,0.45,4
0.0071830927689491,0.0119744350987119,0.9139457581082472,-0.4096697455031883,20.62553004077967,0.0054,0.45,4
0.0070325408790969,0.0119365220216263,0.9038553308119556,-0.3874859533434209,20.568789561430066,0.0054,0.45,4
0.0072879839446964,0.011870727050189,0.9678986860664384,-0.4052144244657832,20.46419696662188,0.0054,0.45,4
0.0073909727380231,0.0117665997113079,1.0247254976902462,-0.399836439499424,20.28361257997545,0.0054,0.45,4
0.0074893326698519,0.0116604911567779,1.084401563614122,-0.392832499761575,20.087112652373943,0.0054,0.45,4
0.0056690515583985,0.0128966977372327,0.5334586828348101,-0.4066627338059079,20.86540384885617,0.0054,0.45,4
0.0057752459113751,0.0127931038958547,0.5509604481598913,-0.3997869571622316,20.855602891840903,0.0054,0.45,4
0.0058814408027467,0.0126895096928217,0.5724625307848267,-0.3930282229160484,20.84213485029184,0.0054,0.45,4
0.0059876357479468,0.0125859153371573,0.5978851650727486,-0.3863861090184902,20.823583716484137,0.0054,0.45,4
0.0060938299967737,0.0124823211972831,0.6271372039536239,-0.3798493238989197,20.798563638844005,0.0054,0.45,4
0.0062000232428805,0.012378727535391,0.6601169063719671,-0.3733956218972997,20.76573361237669,0.0054,0.45,4
0.0064573513769991,0.01231292666894,0.7106321885041463,-0.3860629092046249,20.854928242364505,0.0054,0.45,4
0.0065635257317225,0.0122093506446229,0.7508251188911271,-0.3809299471286946,20.787904507751005,0.0054,0.45,4
0.0066696775804259,0.0121057879410164,0.7944395160302333,-0.3756772532538908,20.70843318146917,0.0054,0.45,4
0.0067757847006064,0.0120022307218087,0.8413426048344018,-0.3702312835931124,20.61543837685872,0.0054,0.45,4
0.0068817759722669,0.0118986406904665,0.8913957613519701,-0.3645002040736771,20.507813738662417,0.0054,0.45,4
0.0063062155520576,0.0122751349051508,0.6967125868654195,-0.3669920414771683,20.72380607728054,0.0054,0.45,4
0.0053054857766897,0.013066113809155,0.4934795554791338,-0.4123863841346991,20.65713731514168,0.0054,0.45,4
0.0054116817108272,0.0129625173139081,0.5029687145418428,-0.403939226983571,20.65801199962576,0.0054,0.45,4
0.0055178797612114,0.0128589218565281,0.5165732951245497,-0.3955453415836703,20.658622224429,0.0054,0.45,4
0.0027070844366259,0.012504428816062,0.004346475239487,-0.0203531565748391,13.969170882341308,0.0054,0.45,4
0.00269628172598,0.0124443817621432,0.0021620921081266,-0.0118764481948589,13.753123197598027,0.0054,0.45,4
0.0027377563442369,0.0125253919734955,0.0077988908682538,-0.0330537963837269,14.095202819125047,0.0054,0.45,4
0.0108413053251122,0.0061132078830418,1.115056774307856,0.3693674777269052,12.740560871908317,0.0054,0.45,4
0.0108657983625755,0.0061948170782275,1.2277997533756462,0.3816937054711078,12.153807535889644,0.0054,0.45,4
0.0108368910784695,0.006273704836885,1.345712418642622,0.4084992117748522,11.749197968864893,0.0054,0.45,4
0.0108098642113898,0.0063763917202871,1.4883985888081324,0.4339016954247601,11.28147826079919,0.0054,0.45,4
0.0107387799458919,0.0057526716653819,0.6055152628671058,0.2599409614452703,15.80633376393808,0.0054,0.45,4
0.010760748977008,0.0060787680552476,1.088257010565983,0.3870306932424721,13.503158978469772,0.0054,0.45,4
0.0107398868841713,0.00586840607214,0.7841093221649996,0.3161979857770594,15.019057749427786,0.0054,0.45,4
0.0107455536200457,0.0059808035193497,0.9503556956603528,0.3596249161292381,14.2200465322332,0.0054,0.45,4
0.0106055156609284,0.0053866681616566,0.1177110428241018,0.0675838915398768,19.8870047567076,0.0054,0.45,4
0.0106081006291263,0.0053567593283725,0.0683503428069116,0.0399111100876557,19.92784429048801,0.0054,0.45,4
0.0106495385763953,0.0054502390475499,0.1821640650861265,0.0980356504296448,18.75235929209345,0.0054,0.45,4
0.0106581347336104,0.0055211375817957,0.2891206829027969,0.1482156152846596,18.143724151363312,0.0054,0.45,4
0.0106595696424824,0.0056103071902129,0.428812420506889,0.2086803776567954,17.401620457364867,0.0054,0.45,4
0.0106573872220689,0.0057172949952323,0.5949377506329636,0.2731107563822767,16.584762542229438,0.0054,0.45,4
0.0104826735013085,0.0076390046254805,2.592531629550414,0.4416541695406658,8.277086952257504,0.0054,0.45,4
0.0103495053319568,0.0077157580653288,2.6040324405453315,0.4535354488441392,8.946845238501908,0.0054,0.45,4
0.0108552084466785,0.006574156789815,1.734638414313049,0.434687484575118,9.753457021051974,0.0054,0.45,4
0.0107944386511603,0.0064797411144359,1.62204364055644,0.4499216297744084,10.780835969823546,0.0054,0.45,4
0.0108076948037212,0.0066996655737208,1.880589012215956,0.453526346669895,9.42787121366024,0.0054,0.45,4
0.0107372476775859,0.0071146754406305,2.2786895829402742,0.4526598374144153,8.090527941741618,0.0054,0.45,4
0.010740868363301,0.0069691620078561,2.1513617079588827,0.4647161667492328,8.617491684361555,0.0054,0.45,4
0.0107692469840613,0.0068336071751602,2.02205454868486,0.4635039835932817,9.070683959743954,0.0054,0.45,4
0.0106108910674829,0.0071849287354846,2.32064780326478,0.4821114338634965,8.612589787766522,0.0054,0.45,4
0.0106015635763329,0.0073277332771857,2.4238593147902505,0.4652971117356418,8.268855983642675,0.0054,0.45,4
0.0105629400348659,0.0074439926093764,2.494601772091291,0.457248143010297,8.1649894222351,0.0054,0.45,4
0.0104673780141539,0.0075160197885931,2.52188235948962,0.4678425525620109,8.677226510268424,0.0054,0.45,4
0.0102128015927362,0.0077854388840402,2.605682141617185,0.4625820045856565,9.631750727384452,0.0054,0.45,4
0.0099855371088335,0.0083756027475049,2.722908495081079,0.3408132873817551,10.103074778514182,0.0054,0.45,4
0.009987987783099,0.0082192527114355,2.6919233236057285,0.3842508974059338,10.23790317798551,0.0054,0.45,4
0.0101028813669425,0.0080002388100543,2.6607748649185585,0.4276812086402092,9.882021297835268,0.0054,0.45,4
0.0099830981811093,0.0080673495611073,2.650726554931786,0.4257495499546007,10.44419055188126,0.0054,0.45,4
0.0100978884627755,0.0078639487502323,2.6109651466875854,0.4619054248300033,10.105630063221945,0.0054,0.45,4
0.0098562707964826,0.0090779148150177,2.71074348580278,0.1376896308207088,10.553198241923878,0.0054,0.45,4
0.0097301472983729,0.0091560733031313,2.6618251466538414,0.1192898916856199,11.186591941131836,0.0054,0.45,4
0.0098561630589631,0.0089220870311433,2.720525559384829,0.187050063921674,10.54091514525738,0.0054,0.45,4
0.0098562279809621,0.0087663022012597,2.721693000782602,0.2357324935326369,10.56261728842955,0.0054,0.45,4
0.0096037705252413,0.0092340828037061,2.6097116307599486,0.1003178102894028,11.800112529085215,0.0054,0.45,4
0.0098564658739551,0.0086101785371305,2.71411170046575,0.2836367327943818,10.619482769968869,0.0054,0.45,4
0.0098575941350942,0.008453368614816,2.6977611524501817,0.3305607810605693,10.710402785179582,0.0054,0.45,4
0.009465107489014,0.0097713325785056,2.436741538784609,-0.0724165534315154,12.78481829700242,0.0054,0.45,4
0.0094714174061447,0.0096229004856916,2.483001857616364,-0.0232335504301133,12.617318030712148,0.0054,0.45,4
0.0094752779218017,0.0094678061947522,2.522996992135289,0.0286916014991535,12.484754557425726,0.0054,0.45,4
0.0094770146301643,0.0093119507533519,2.5547111054554823,0.0811102317774592,12.394013318337842,0.0054,0.45,4
0.0090768484652154,0.0099899648957344,2.232957792082152,-0.1232208102822667,14.524773489783042,0.0054,0.45,4
0.0092051784195936,0.009914373573805,2.302486540513737,-0.1063257238499983,13.97928579143627,0.0054,0.45,4
0.0093383539634358,0.0098346233982971,2.374015675050608,-0.0873025454330969,13.393100468034376,0.0054,0.45,4
0.0089564679630197,0.0099383913669903,2.2118910869824737,-0.0978507703642437,14.884595020093924,0.0054,0.45,4
0.008839033913851,0.0100141326061432,2.146431129757761,-0.1136905537151535,15.338827540856988,0.0054,0.45,4
0.0087048284846198,0.0103171556326851,1.9845317759326804,-0.1985064287078516,16.101193601604496,0.0054,0.45,4
0.0087197418845113,0.0102010030132948,2.0368758214284504,-0.163750127129176,15.914074081120162,0.0054,0.45,4
0.0087283389559363,0.0100831654850234,2.0851853069993527,-0.1269726647307416,15.742804831655816,0.0054,0.45,4
0.0075852766962732,0.0115531007816082,1.146865050709054,-0.3844021773246355,19.86777410598782,0.0054,0.45,4
0.0078476204775268,0.0112306087755477,1.3426292537352822,-0.3496121136365774,19.1351696311194,0.0054,0.45,4
0.0076775981665404,0.0114435717417512,1.211994614654488,-0.3740976299864638,19.63292433855988,0.0054,0.45,4
0.007765730529839,0.0113329369001996,1.2789545022294364,-0.3619281377712606,19.388362980848413,0.0054,0.45,4
0.0084738507037833,0.0106279999401827,1.7789822694076587,-0.2681137122259312,17.14990587875091,0.0054,0.45,4
0.0078272014767789,0.0111172203336403,1.3889228570356404,-0.3213937751131873,19.00276401890298,0.0054,0.45,4
0.0083749350476716,0.0106994898634879,1.7186573226695003,-0.2778009129603218,17.47708046316877,0.0054,0.45,4
0.0082860678829135,0.0107631121216519,1.6652294250787665,-0.2855967256701829,17.741738785412924,0.0054,0.45,4
0.0082001192576256,0.0108262398176228,1.613299583526983,-0.2929355197191091,17.998836664849833,0.0054,0.45,4
0.008117988031563,0.0109172729636617,1.550412831368184,-0.3070453157821315,18.2930375465402,0.0054,0.45,4
0.0080671344251621,0.0110046880832907,1.497339072826943,-0.322897262234548,18.48560855395684,0.0054,0.45,4
0.0079712195671702,0.0110101025540322,1.471382979108306,-0.3130582854990212,18.64681736373824,0.0054,0.45,4
0.0078954323864498,0.0110522050858479,1.4341035926025991,-0.3142335365392958,18.82892029501855,0.0054,0.45,4
0.0085885363221361,0.0103794960148364,1.9226686822276529,-0.206906462306728,16.501286048771004,0.0054,0.45,4
0.0084984387833729,0.0104819655976383,1.851691075014104,-0.2287552357489457,16.88994957947192,0.0054,0.45,4
0.0071380351352822,0.0118328714477883,0.9573348273989416,-0.3822393692233699,20.42677228976644,0.0054,0.45,4
0.0069874172181088,0.0117949204847554,0.944444704530444,-0.3583543344933925,20.384609343911865,0.0054,0.45,4
0.0072419115357164,0.0117287000122866,1.0136706687352257,-0.3761742963555641,20.26739056328527,0.0054,0.45,4
0.0073443155948795,0.0116240467218239,1.0726986751847798,-0.369195902757437,20.08951597212912,0.0054,0.45,4
0.007443150928228,0.0115174128197483,1.134446213580241,-0.3606361939988706,19.89328612897663,0.0054,0.45,4
0.0056240784113436,0.0127553265826056,0.5342333586671236,-0.3872370379960255,20.65807637751354,0.0054,0.45,4
0.0057302790577608,0.0126517299295198,0.5558766617114271,-0.3790387973641813,20.654839723876275,0.0054,0.45,4
0.0058364807841174,0.0125481326804625,0.5814178207634254,-0.3709645341537122,20.647474342083925,0.0054,0.45,4
0.0059426804113768,0.0124445369793232,0.6107587948971361,-0.3630169174576323,20.63457230248738,0.0054,0.45,4
0.006048876833545,0.0123409431461831,0.6437906900205613,-0.3551867968732661,20.6147761365632,0.0054,0.45,4
0.0061550704103442,0.0122373507448293,0.6803946720113702,-0.3474532951342883,20.586784294746337,0.0054,0.45,4
0.006412401380302,0.0121715500620293,0.736800935020869,-0.3605956473450276,20.67155220571288,0.0054,0.45,4
0.0065185777733331,0.0120679722911586,0.7802517264574461,-0.3541527312475488,20.607810667653307,0.0054,0.45,4
0.006624728677923,0.0119643965901674,0.8269258857304315,-0.3475982620643237,20.531484075335243,0.0054,0.45,4
0.0067308068398562,0.0118607941111273,0.8766788197995109,-0.3408506966356224,20.44151949839259,0.0054,0.45,4
0.006836697243826,0.0117570960638191,0.9293601036424376,-0.3338041204973244,20.3368806134268,0.0054,0.45,4
0.0062612609150004,0.0121337610358495,0.7204420881496144,-0.3397842996846215,20.549357419802345,0.0054,0.45,4
0.0051542509400993,0.0130283662019723,0.473600376574947,-0.4032705035395772,20.424744044060347,0.0054,0.45,4
0.005260445600146,0.0129247660323392,0.4832913584034849,-0.3935435673340997,20.433310476001896,0.0054,0.45,4
0.0053666496967407,0.0128211659489994,0.4970930580169034,-0.3838186731515138,20.442619245813912,0.0054,0.45,4
0.0054728575265227,0.0127175654977241,0.5149427464153514,-0.3741427990357918,20.45176411208055,0.0054,0.45,4
0.0027210810713007,0.0124317174747025,0.0036570507904652,-0.0195125796246546,13.8387591464886,0.0054,0.45,4
0.0027080760012186,0.0123709337905478,0.0017481362311566,-0.0112991180413001,13.610669457870676,0.0054,0.45,4
0.002733397936975,0.0123607825197631,0.0030693559760427,-0.0188130628765112,13.710389857576011,0.0054,0.45,4
0.0027178596275765,0.0122971652333921,0.0013901624967206,-0.0106311141669136,13.443121865567662,0.0054,0.45,4
0.0027477192113134,0.0124511988727971,0.0062347182780936,-0.0298804743613578,13.946653597087694,0.0054,0.45,4
0.0027804169737072,0.0124851991565635,0.0103438256720253,-0.0435253958988035,14.134030782030058,0.0054,0.45,4
0.0027839863943234,0.0125449747416796,0.0133194545182528,-0.0507828872050943,14.310061105836208,0.0054,0.45,4
0.0027439446846133,0.0122881360900737,0.0025515618493969,-0.0178705681876483,13.54138315322153,0.0054,0.45,4
0.0027255602518438,0.012223127973192,0.0010531892360237,-0.0098220365985443,13.259429699501103,0.0054,0.45,4
0.010754966544328,0.0061956495729442,1.255123104593922,0.4200305120294288,12.729389504058314,0.0054,0.45,4
0.0107237308835591,0.0063007669387962,1.4023856880911365,0.4513642519830603,12.31203687085388,0.0054,0.45,4
0.0106883757169765,0.0061245890438742,1.1732724268077086,0.4249734565974359,13.450503102246534,0.0054,0.45,4
0.0106815681574272,0.0064280906375852,1.5693840574314637,0.4822906890906146,11.767981112314772,0.0054,0.45,4
0.0106212162307058,0.0063252516981829,1.449791106381241,0.4877084393627114,12.681297741363212,0.0054,0.45,4
0.0106538293200964,0.0058288962267458,0.7638763523167019,0.3306523670807947,15.768928037876751,0.0054,0.45,4
0.0106742325809294,0.0060404578597173,1.0604969742294648,0.4048736270610034,14.18668718138298,0.0054,0.45,4
0.0106555150361619,0.0059471796994071,0.9351107572927588,0.3793327626907556,14.937838627069192,0.0054,0.45,4
0.0106249269321806,0.0061039378361538,1.1623716213418624,0.4405658098122421,14.247074594345396,0.0054,0.45,4
0.0105365024100939,0.0053450327041297,0.1135238113796397,0.0695130757332349,20.8011411507158,0.0054,0.45,4
0.0105388702775761,0.005314481639484,0.0658085639948509,0.0410249016620936,20.87409493204364,0.0054,0.45,4
0.0105759935056033,0.0054094084651704,0.1776680616107047,0.1022427108517613,19.6518484863017,0.0054,0.45,4
0.0105840217794339,0.0054802546023503,0.2799066536037595,0.1533167002721205,19.01912773968546,0.0054,0.45,4
0.0105829062214829,0.0055692193871015,0.415527125570884,0.2159808971043613,18.25073299103633,0.0054,0.45,4
0.0105769755989981,0.0056758623798831,0.5775707181114941,0.2832630866549631,17.40442117907649,0.0054,0.45,4
0.0105700354490116,0.0057891927691602,0.7452045879600973,0.3442988062736062,16.5835756966439,0.0054,0.45,4
0.010466421439718,0.005299850032354,0.1089448432379413,0.0711687568636217,21.69195977053055,0.0054,0.45,4
0.0104709254726056,0.0052701677083738,0.0631128977265733,0.0419420401318376,21.76058398879241,0.0054,0.45,4
0.0103461598931415,0.0075844489843136,2.537236604948033,0.4807757063936839,9.252344812074584,0.0054,0.45,4
0.0102124726635552,0.0076488444295394,2.5429166633093705,0.4925241598388454,9.904496289832396,0.0054,0.45,4
0.0107064803759676,0.0065841173567343,1.7523046128792872,0.4853921303298946,10.701316755608476,0.0054,0.45,4
0.0106713665456745,0.006740001142171,1.9230320373011849,0.4978162408858945,10.116551767976691,0.0054,0.45,4
0.0105941983204138,0.0070383822432129,2.2001396783502574,0.5032778376833277,9.316314191672348,0.0054,0.45,4
0.0105086777345681,0.0071409124674844,2.2737629907897503,0.5148851403605287,9.534205454797718,0.0054,0.45,4
0.0106293344112238,0.0068847389089083,2.065064575519791,0.505008109723946,9.702134814637343,0.0054,0.45,4
0.0105656710617814,0.0065230256794293,1.6898117976459577,0.5253197339639653,11.832289980903374,0.0054,0.45,4
0.0104907631303831,0.0072550959539762,2.3566525357022976,0.5044848866787608,9.265126336166242,0.0054,0.45,4
0.0104708872099723,0.0073787153634435,2.4380532425618324,0.4905330260841096,9.056677669303172,0.0054,0.45,4
0.0103444682552724,0.0074482449892776,2.459849211748704,0.5067050855348656,9.60321700802249,0.0054,0.45,4
0.0104016977975182,0.0071734891625699,2.2851845455032485,0.5371864112540622,10.061115662535023,0.0054,0.45,4
0.0100651465258341,0.0077119134741625,2.540292785479596,0.5023562670235643,10.568577381742182,0.0054,0.45,4
0.0098616316393107,0.008296708196347,2.673032325006611,0.3757844645334859,10.822094329646283,0.0054,0.45,4
0.0098627433507209,0.0081374438627739,2.637467991127353,0.4203916207837482,10.994243890056696,0.0054,0.45,4
0.0099726433879254,0.0079290514644878,2.603845926840782,0.4628011403707679,10.70228712018635,0.0054,0.45,4
0.0098712628980673,0.0079850404696363,2.5964540882604648,0.4604449241159081,11.124597619498786,0.0054,0.45,4
0.0099846535327622,0.0078181253813922,2.565593578504767,0.4885788122721867,10.838389094172651,0.0054,0.45,4
0.0097300231372621,0.0090002538284334,2.6762801169635426,0.1699478877634999,11.160364821982885,0.0054,0.45,4
0.0096038947290398,0.0090783248708403,2.6287193504831303,0.1519456536480017,11.759555641679126,0.0054,0.45,4
0.009729903011357,0.0088445537905907,2.6822888406414056,0.2199975078463118,11.168303696375526,0.0054,0.45,4
0.0097298245066938,0.0086890896010962,2.679790753826097,0.2691765052590755,11.21035741110964,0.0054,0.45,4
0.0094775851974802,0.0091563351715349,2.578109815133143,0.1333969391794568,12.338983886979678,0.0054,0.45,4
0.0097296354568897,0.0085331367405864,2.6686077210707086,0.3174923398360914,11.28896535208487,0.0054,0.45,4
0.009731202267061,0.0083768023498896,2.649123858284455,0.3644833148246975,11.39660497240885,0.0054,0.45,4
0.0093404181895775,0.0096965601793667,2.4181222432847327,-0.0413432130759752,13.235014419107616,0.0054,0.45,4
0.009347060955279,0.0095452840626862,2.461345221167359,0.0093360692315921,13.080979786076815,0.0054,0.45,4
0.009350541228842,0.0093891919908324,2.497473064352725,0.0620883271009383,12.969514726967518,0.0054,0.45,4
0.0093513517435401,0.009234172237165,2.524866839559797,0.1146371384045635,12.898523638448507,0.0054,0.45,4
0.0090776053341862,0.0098565877197209,2.2799697101010747,-0.0792004506431475,14.360561438723954,0.0054,0.45,4
0.0092085956854239,0.0097753652293937,2.34993716247412,-0.0602797119001463,13.827051695645466,0.0054,0.45,4
0.0087207342593444,0.0099715442259585,2.1229447831939043,-0.0901265737327264,15.63162540444875,0.0054,0.45,4
0.008955700761758,0.0098142203804447,2.252898960606929,-0.0565302799015922,14.759621878071298,0.0054,0.45,4
0.0088274158313171,0.0098930486285289,2.1846568465772447,-0.0729762978745712,15.26382320851325,0.0054,0.45,4
0.0086016581613295,0.0102619805473272,1.9755372040098147,-0.1722037248050544,16.322488702586213,0.0054,0.45,4
0.0086181790139172,0.0101408225774476,2.0282199635738443,-0.1357060255453418,16.13487182901987,0.0054,0.45,4
0.0086301564092343,0.0100359098112873,2.070788988390284,-0.1031587478063404,15.991231626214075,0.0054,0.45,4
0.0086245120365635,0.0099516346144423,2.09825831030409,-0.0752447526031353,15.90580417906606,0.0054,0.45,4
0.0075404309827724,0.0114103877593729,1.198441793168926,-0.3508931680921741,19.68132073120576,0.0054,0.45,4
0.007733596234814,0.0111878474364134,1.3361224627476993,-0.3263149307452862,19.19942205598098,0.0054,0.45,4
0.007635752880476,0.0113015256674749,1.2649600932316496,-0.3395274808960341,19.44896367819901,0.0054,0.45,4
0.0083669293461241,0.0105567243363856,1.7807039653045889,-0.2370088289692802,17.259357382998118,0.0054,0.45,4
0.0077546414815585,0.0110771787468486,1.389359995850454,-0.3030253790307896,18.997734958231213,0.0054,0.45,4
0.0076748877825817,0.0110912480745899,1.3642237699948876,-0.2964534014854239,19.13549336025101,0.0054,0.45,4
0.0078124504298978,0.0110111132031362,1.4321883184796118,-0.2941572469358511,18.846090071924888,0.0054,0.45,4
0.0082579961573174,0.0106427533969051,1.712058421751138,-0.2496573098331849,17.61865324079554,0.0054,0.45,4
0.008190610257904,0.0107296039034862,1.6547317769893677,-0.2661233429665072,17.859879994406956,0.0054,0.45,4
0.0080913365174413,0.0107672171597461,1.611283786019672,-0.2649451856319065,18.12577836222517,0.0054,0.45,4
0.0080039875392172,0.010884488711483,1.5362295290417338,-0.2855479866673883,18.406499183686645,0.0054,0.45,4
0.0078922889961573,0.0109439797938295,1.481427179672943,-0.28726904333516,18.637270837734693,0.0054,0.45,4
0.0084822149697749,0.0103348781924989,1.9092398698464608,-0.1832115381195924,16.724446233385844,0.0054,0.45,4
0.0083720212748248,0.0104105012229245,1.84478213389036,-0.1947962814488654,17.08740101890427,0.0054,0.45,4
0.0070927694096759,0.0116910602760157,1.0003501020286425,-0.3517047194635416,20.24480911612676,0.0054,0.45,4
0.0069422418266942,0.0116531987556011,0.9848176792851092,-0.3263310285594633,20.21679316659049,0.0054,0.45,4
0.0071960428127874,0.0115862724818005,1.0588997881283266,-0.3440830785067272,20.08793331892701,0.0054,0.45,4
0.0072982328202222,0.011480717402863,1.120054727310823,-0.3355106965632901,19.91207809328679,0.0054,0.45,4
0.0073979042400012,0.0113734586442942,1.1837007694551878,-0.3254855474202167,19.71892728678834,0.0054,0.45,4
0.0055790726638548,0.012613962022644,0.5367650198552968,-0.3645558600407358,20.4591734675244,0.0054,0.45,4
0.0056852927783189,0.0125103582463628,0.5624693926555424,-0.3550876500892593,20.463375860769688,0.0054,0.45,4
0.0057915092922487,0.0124067587016214,0.5919506820505537,-0.3457561963047647,20.46293356700428,0.0054,0.45,4
0.00589771618881,0.0123031650126836,0.6250919031336792,-0.3365667953129201,20.45645896870232,0.0054,0.45,4
0.0060039134947017,0.0121995759456242,0.661766499865191,-0.3275120169254431,20.442626220125963,0.0054,0.45,4
0.0061101076044203,0.0120959851064784,0.7018405955910715,-0.3185715165431016,20.42017618518936,0.0054,0.45,4
0.0063674461082059,0.0120301747301048,0.7637954175249474,-0.3321363504884205,20.50131878208982,0.0054,0.45,4
0.0064736180876875,0.0119265904608681,0.8103088145298035,-0.3244545951709277,20.441566926154,0.0054,0.45,4
0.0065797498140234,0.0118229901093126,0.8598306168338657,-0.3166691004074549,20.3690550086371,0.0054,0.45,4
0.0066857834415012,0.0117193295072496,0.912205462948906,-0.3086916495038339,20.282802117215443,0.0054,0.45,4
0.0067916068212918,0.011615523126825,0.9672758375132284,-0.3004095330090759,20.18190753996681,0.0054,0.45,4
0.0062162952107677,0.0119923953812502,0.7451683898825952,-0.3097134385317186,20.387916848576143,0.0054,0.45,4
0.0050029270973425,0.012990677853156,0.4511795649479432,-0.3933010644412774,20.180438035780707,0.0054,0.45,4
0.0051091043409481,0.0128870654117858,0.4610894483144978,-0.382412183739709,20.19714140516293,0.0054,0.45,4
0.0052153130459722,0.0127834434495961,0.47511024719961,-0.371454568116606,20.215613703751213,0.0054,0.45,4
0.005321539490878,0.0126798258169054,0.4931783760252564,-0.3604928241109746,20.234943256806464,0.0054,0.45,4
0.0054277800587321,0.0125762135166488,0.5152146617652685,-0.3495841446978718,20.253502094837444,0.0054,0.45,4
0.0048514911904538,0.0129531103477749,0.4263420520918293,-0.3823993179566002,19.922412915893062,0.0054,0.45,4
0.0027612238902139,0.0123762947890525,0.005253001290125,-0.0284279892129526,13.842037481623146,0.0054,0.45,4
0.0027740187850842,0.0123017898764416,0.0045304067465391,-0.0271649732588116,13.675861706603868,0.0054,0.45,4
0.0028021041529918,0.0124220355620662,0.0098845226047925,-0.0444745009022965,14.076840212633288,0.0054,0.45,4
0.0028374152296777,0.012482483104948,0.0159220482750762,-0.0608414588357352,14.343654783933388,0.0054,0.45,4
0.0028571314788332,0.0125580308760885,0.0223377717631048,-0.0753059469556321,14.57644359206502,0.0054,0.45,4
0.0027519362871028,0.0122127607934004,0.0020103774756415,-0.0164422304525351,13.362847948969486,0.0054,0.45,4
0.0027311443562447,0.012148884426672,0.0007555261932352,-0.008886135881186,13.071111107938831,0.0054,0.45,4
0.0027835122617527,0.0122259625808595,0.0037834902160659,-0.0251675839566642,13.516995124320369,0.0054,0.45,4
0.0106270011446597,0.0062041377440143,1.2948218483088658,0.4644387910502616,13.331361641555516,0.0054,0.45,4
0.0105464893150321,0.006403210799614,1.553691563825519,0.5206958355743225,12.689410854582272,0.0054,0.45,4
0.0104672766179549,0.0064681894597633,1.6350655235705165,0.5496257426637962,12.750066645842628,0.0054,0.45,4
0.0105273233133057,0.0062899363282457,1.4213341262792492,0.5114284356330953,13.505255893789526,0.0054,0.45,4
0.0105633128053822,0.0059097043944942,0.9174214218752156,0.398208366184516,15.726204240509864,0.0054,0.45,4
0.0105724636826342,0.0060306788617948,1.0793596470431208,0.4369753413310979,14.92123549501613,0.0054,0.45,4
0.0105627409575475,0.0061244288536692,1.205767147056321,0.4663742859536418,14.302646370651658,0.0054,0.45,4
0.0103981120432352,0.0052527478742811,0.1040888225537613,0.0723936532042226,22.598469835842167,0.0054,0.45,4
0.0104043250701888,0.0052238583882628,0.0603050406601865,0.0426588686731799,22.66185843097381,0.0054,0.45,4
0.0105066537852759,0.0053659869862578,0.1696611014278009,0.1041057690057885,20.53746626284656,0.0054,0.45,4
0.0105110927087693,0.0054371865527549,0.2701392538210311,0.1577822015913047,19.882809699284223,0.0054,0.45,4
0.0105074759455051,0.0055258447233809,0.4013953482183293,0.2223568759619842,19.094946156215325,0.0054,0.45,4
0.010498850661072,0.0056302131467338,0.5559731208679813,0.2907886401567809,18.23880869505325,0.0054,0.45,4
0.010489036640347,0.0057442713125832,0.7205925829794531,0.3547467005770215,17.37001004144359,0.0054,0.45,4
0.0104806499179069,0.0058642354263012,0.8877465410803903,0.4104725293412638,16.545547256583404,0.0054,0.45,4
0.0104371254388651,0.0053206514924604,0.1628437942655876,0.1063511169225228,21.410599642923174,0.0054,0.45,4
0.0103329206761283,0.0052049363623747,0.0992667993220554,0.0733118064699242,23.4363883051932,0.0054,0.45,4
0.0103391253257639,0.0051755975044007,0.0574223568095926,0.0431885622887666,23.53243490664544,0.0054,0.45,4
0.0102162301811071,0.0075187379029848,2.4761437116757814,0.5183763564571314,10.176614615600094,0.0054,0.45,4
0.0100849924538749,0.0075767692744653,2.480173615893964,0.5287616255046652,10.759429137961078,0.0054,0.45,4
0.0104436799827943,0.0070473263068888,2.1922560241077167,0.5420288430169516,10.25096593630604,0.0054,0.45,4
0.0105639506199547,0.0066553528393471,1.8336637776233595,0.5302585132721768,11.242585819052962,0.0054,0.45,4
0.0105261049467456,0.0067932081463423,1.9723289218418016,0.5389722221249992,10.78258535344243,0.0054,0.45,4
0.0104886888869428,0.0069269322093869,2.093965100540951,0.5414586500398983,10.43739769970351,0.0054,0.45,4
0.0104488494648296,0.006568507168326,1.7446875761822331,0.5604115396259394,12.351244781872795,0.0054,0.45,4
0.0103468507249969,0.0072997548285152,2.366299850457977,0.5313330162969546,9.968909040165768,0.0054,0.45,4
0.010220203095987,0.0073874915423264,2.400979320962028,0.5421329757155191,10.502892295786904,0.0054,0.45,4
0.0103183141982157,0.0070862569720935,2.2088072986967835,0.5669778882535567,10.884679963827375,0.0054,0.45,4
0.0102948963854687,0.007187907314372,2.2808635804142905,0.5587642223471273,10.648956033079056,0.0054,0.45,4
0.0099338857025528,0.0077279763045413,2.516814879900504,0.5167005819133219,11.240580354453163,0.0054,0.45,4
0.0099565793945981,0.0076297725517369,2.4782435668616043,0.5361729461048103,11.34609832787848,0.0054,0.45,4
0.0097351901481851,0.0082134295811976,2.619715671596456,0.4117043533898186,11.521453796670928,0.0054,0.45,4
0.0097359115271267,0.0080464257835763,2.578513328616818,0.4583392806060722,11.706077623621878,0.0054,0.45,4
0.0097819991045774,0.0079440130205277,2.559614255162076,0.4809827864706033,11.67904067490344,0.0054,0.45,4
0.009829511275409,0.0078428759478132,2.5372920928097016,0.5017749088839224,11.615506431403531,0.0054,0.45,4
0.0096037143746821,0.0089229827100169,2.6394051647975405,0.2029797689838889,11.753745857967443,0.0054,0.45,4
0.0094775933739947,0.0090010457630624,2.593357357243695,0.1852337820242341,12.319108292661546,0.0054,0.45,4
0.009603497939643,0.008767864915266,2.6418285874931065,0.2532350213203804,11.781668563697728,0.0054,0.45,4
0.0096031793470089,0.0086127658641436,2.6358878272314583,0.3025519992929748,11.845095495297166,0.0054,0.45,4
0.0093513827245474,0.0090792842431344,2.544368767729898,0.1669258628008858,12.865342056221367,0.0054,0.45,4
0.0096021810077552,0.0084586791366311,2.621443174849128,0.3504423613596872,11.949327944058496,0.0054,0.45,4
0.0096009812150353,0.0083054918300365,2.5986264886585744,0.3966625309133764,12.113984731264942,0.0054,0.45,4
0.0092119736381216,0.0096298553215231,2.393610246480783,-0.0114620983924221,13.685723859602616,0.0054,0.45,4
0.0092217715172345,0.0094687031853072,2.436857951585752,0.0427160569597129,13.529563347152164,0.0054,0.45,4
0.0092254521445149,0.0093126002203459,2.469278883504066,0.0956883864603018,13.435919788073376,0.0054,0.45,4
0.0092252720032013,0.0091570303035749,2.4928763205059146,0.1485685511118468,13.390850840019269,0.0054,0.45,4
0.0090628402351498,0.0097072111105812,2.321576654189283,-0.0280604600461758,14.267935851667742,0.0054,0.45,4
0.0089196754043478,0.0097049565392046,2.273689122156096,-0.0171522517810735,14.762103448747194,0.0054,0.45,4
0.0086749484091361,0.0098513742102836,2.147793817400528,-0.0467238949135405,15.659293690278249,0.0054,0.45,4
0.0088176096103194,0.0097686290702805,2.2207672879361726,-0.0307959225848561,15.183481357617184,0.0054,0.45,4
0.008500296249169,0.0102015199407478,1.9678398565855155,-0.1437838782545998,16.51582246694665,0.0054,0.45,4
0.0085224969482815,0.010077281087284,2.0213027118086893,-0.1066004201560777,16.33102679889325,0.0054,0.45,4
0.0085561798383455,0.0099864758356045,2.064182966590102,-0.0804424280441439,16.164617736789136,0.0054,0.45,4
0.0085434306133418,0.0098876840234184,2.092860798679052,-0.0471836432972365,16.072860617377582,0.0054,0.45,4
0.0074967840102691,0.0112670156773139,1.248984915426278,-0.3146233429658876,19.51474489480165,0.0054,0.45,4
0.0076003773583096,0.0111673944895672,1.314322759803075,-0.3049758464046389,19.297213489103104,0.0054,0.45,4
0.0082300976512653,0.0104809414387389,1.7736004757153414,-0.2004896267897018,17.469266677568484,0.0054,0.45,4
0.0075881681377621,0.0110412362908736,1.364367275767463,-0.2733558515562507,19.14887804545969,0.0054,0.45,4
0.0076988341154044,0.0109808411468829,1.417130001361354,-0.2725488611295659,18.955557346067035,0.0054,0.45,4
0.0077908225286652,0.0108920968557729,1.4780797145860252,-0.261601416229158,18.722287893863097,0.0054,0.45,4
0.0081118762528356,0.0106265468823065,1.678182305745867,-0.2288713427471014,17.886900824070263,0.0054,0.45,4
0.0079742091636114,0.0107186745611835,1.6009017993921313,-0.2381330977888669,18.21925983377409,0.0054,0.45,4
0.0078798215254525,0.0108138723526245,1.5347333329150306,-0.2522175864132561,18.49899958573765,0.0054,0.45,4
0.0083839735381602,0.01026953012041,1.905344243554209,-0.1533451497354474,16.872571198045872,0.0054,0.45,4
0.0082704733601469,0.0103389676517506,1.843429779812,-0.1626372331469478,17.202454417773023,0.0054,0.45,4
0.0081594965799154,0.0103695039115779,1.7979367919329718,-0.1597279978299139,17.49189621388311,0.0054,0.45,4
0.0070474488744759,0.0115490071434408,1.0429240436331233,-0.3183164171527575,20.08006594315574,0.0054,0.45,4
0.0068970291506683,0.0115114496394958,1.0248761216410232,-0.2916828622016662,20.06563613213297,0.0054,0.45,4
0.0071505005452091,0.0114436723676566,1.103445886918201,-0.3092486559669813,19.926281463800603,0.0054,0.45,4
0.0072531180294387,0.0113372773930256,1.1665345969198706,-0.299232211668813,19.754065815295466,0.0054,0.45,4
0.0073556358022901,0.011227889594318,1.2328448681340862,-0.2877468337135603,19.557917725820136,0.0054,0.45,4
0.0055340285621023,0.0124726041403857,0.541123914978951,-0.3387746378444233,20.26974309198147,0.0054,0.45,4
0.0056402752895413,0.0123689982940689,0.5707955659228584,-0.3280986739341554,20.28217477933663,0.0054,0.45,4
0.0057465099500496,0.0122654015093974,0.6041047117345645,-0.3175782284602018,20.28940070708164,0.0054,0.45,4
0.0058527267263638,0.0121618159805645,0.6409153675638722,-0.3072213347685397,20.29005314435361,0.0054,0.45,4
0.0059589306641177,0.0120582312361596,0.6810856164221009,-0.2970207469372801,20.28284269880273,0.0054,0.45,4
0.0060651162872778,0.0119546500762917,0.7244606091111518,-0.2869571978891879,20.266546675306014,0.0054,0.45,4
0.0063224694209238,0.0118888114265749,0.7915948196685004,-0.300894205469683,20.34473537924505,0.0054,0.45,4
0.0064286245050603,0.011785220266328,0.8409626711855184,-0.292055895116139,20.2895926462181,0.0054,0.45,4
0.0065347362408602,0.0116815969168363,0.893109376793679,-0.2831256154545656,20.22151797647416,0.0054,0.45,4
0.006640735289905,0.0115778848030237,0.9478683940241922,-0.2740085308389429,20.139615902934622,0.0054,0.45,4
0.0067464771951138,0.01147399404248,1.0050641406724312,-0.2645833017574686,20.04307192534235,0.0054,0.45,4
0.0061712877995113,0.0118510714799407,0.7708802456444016,-0.2769985119058084,20.2400402865903,0.0054,0.45,4
0.004957599570607,0.0128494562225493,0.4364750564424787,-0.3704874001968517,19.947629277972062,0.0054,0.45,4
0.0050637989669973,0.0127457687712712,0.4507279572327829,-0.3584125921857148,19.975719591213345,0.0054,0.45,4
0.0051700632545982,0.012642106065381,0.4690396219637971,-0.3462637939506772,20.00577131958144,0.0054,0.45,4
0.0052763652495382,0.0125384810664945,0.4913247608598592,-0.3341182645576973,20.036067200256408,0.0054,0.45,4
0.0053826537961936,0.0124348607883705,0.5174773684534933,-0.3220336509997801,20.064875456876084,0.0054,0.45,4
0.0046999592873036,0.0129157404504616,0.3992460870313208,-0.3704750823673211,19.648774431975124,0.0054,0.45,4
0.0048058768024681,0.0128120145789103,0.409583830034598,-0.3577047082550539,19.68283193744087,0.0054,0.45,4
0.0028176654696786,0.0123442551884061,0.0087158688054882,-0.0422744485511144,13.94702062547376,0.0054,0.45,4
0.0028303799296547,0.012265498696935,0.0076455688754295,-0.0394289934181993,13.785400810004203,0.0054,0.45,4
0.0028792157434207,0.012397047626816,0.0162657960350358,-0.0636712730415591,14.280397403285736,0.0054,0.45,4
0.002952887557654,0.0125735391528652,0.0357279991746174,-0.1048193696657105,14.955271907530651,0.0054,0.45,4
0.00292163663479,0.0124876106664741,0.0257178180916815,-0.0851255126951335,14.624896039644607,0.0054,0.45,4
0.002757947368642,0.0121361433981275,0.0015434783761648,-0.0148153543418535,13.174893421964642,0.0054,0.45,4
0.0027346272961175,0.0120744987252344,0.0005084865873525,-0.0078295777439743,12.879703887437987,0.0054,0.45,4
0.0027910087145547,0.0121518484970839,0.0031775267818522,-0.0229851620817701,13.346597077345338,0.0054,0.45,4
0.0028403709256541,0.0121881919452554,0.0067431779341429,-0.0361081775654125,13.640426630250897,0.0054,0.45,4
0.0027613527906448,0.0120610907576346,0.0011616757916305,-0.0129464675868882,12.988580639536542,0.0054,0.45,4
0.0027359828350196,0.0120000218578379,0.0003137471011839,-0.0066558778485801,12.690254798652184,0.0054,0.45,4
0.010509243469223,0.0061930150067939,1.305152974882918,0.4987762457216684,14.20958018511046,0.0054,0.45,4
0.0103651193507798,0.0064805283871784,1.655893956605749,0.5785524302797743,13.3592463661585,0.0054,0.45,4
0.0104221655311463,0.0063624126861863,1.521064100056336,0.5523289481862904,13.65662677713934,0.0054,0.45,4
0.0104383186646649,0.0062502236784226,1.3881910824214838,0.5310606688389743,14.209185191959204,0.0054,0.45,4
0.0104788657085044,0.0059746164695582,1.034662302959747,0.45094065729704,15.70702201061336,0.0054,0.45,4
0.010480067236263,0.0060903796934853,1.183322061931599,0.4842781096455408,15.114766691362638,0.0054,0.45,4
0.0103682180463148,0.0052732844094409,0.156408567748624,0.1085814589256099,22.28907644048906,0.0054,0.45,4
0.0104394225844502,0.0053919354328589,0.2598575904420729,0.1615497276708682,20.755725244525056,0.0054,0.45,4
0.0104331628850238,0.0054826354212231,0.3900011913170939,0.2295487219759211,19.897139712432075,0.0054,0.45,4
0.010423491302316,0.0055833567943338,0.5343234027742486,0.2970412733036218,19.06651192361971,0.0054,0.45,4
0.0104105363766906,0.0056982900834042,0.6962761512838633,0.3639371882604263,18.158444444478537,0.0054,0.45,4
0.0103987656846828,0.0058144500344229,0.8547955437271687,0.4206187514707265,17.313283215566575,0.0054,0.45,4
0.0104004064010233,0.0059171374776786,0.9867188762695388,0.4586206963137421,16.610630764922075,0.0054,0.45,4
0.0103691180450862,0.0053445367435944,0.2491078440535936,0.1645251071513423,21.612984411724824,0.0054,0.45,4
0.0102694130462254,0.0051554598975135,0.0943743470716953,0.073902000371038,24.26318863365177,0.0054,0.45,4
0.0102753813450897,0.005125429366052,0.0545024131415464,0.0435199976744994,24.390206989497724,0.0054,0.45,4
0.0103008031488223,0.0052239220962291,0.1496975057384042,0.1103631574443413,23.139975490994605,0.0054,0.45,4
0.0100960862046967,0.0074530069029589,2.4163771410805084,0.5518259498021151,11.003856922552904,0.0054,0.45,4
0.0099738058349157,0.0075107846801424,2.423307808695192,0.5591391496434012,11.53209442852509,0.0054,0.45,4
0.0103504256768557,0.0069646376798298,2.11507457734162,0.5724783179619976,11.159999759214497,0.0054,0.45,4
0.0104156046621619,0.0067004004741438,1.879166914185976,0.570562265761022,11.913243032489149,0.0054,0.45,4
0.0103793553957036,0.0068342367748304,2.003848239683341,0.5751041039044655,11.54094551539628,0.0054,0.45,4
0.0103230823099282,0.0065995165163751,1.7797963910975694,0.5936256218336055,12.897406032443046,0.0054,0.45,4
0.0102622163222862,0.006507811174362,1.6894717748650916,0.6052608805389506,13.696210077527947,0.0054,0.45,4
0.0102070283341301,0.0072596209644645,2.317343309295046,0.5659476801035037,10.95673730388114,0.0054,0.45,4
0.0100928065763846,0.0073306052260648,2.343956273142579,0.574707190095631,11.334024778812609,0.0054,0.45,4
0.0102205187805289,0.0070114373486958,2.1400506801345824,0.59602439254871,11.718107189704623,0.0054,0.45,4
0.0101985994596635,0.0071327213897248,2.228382701733406,0.5858772444298194,11.433858583704058,0.0054,0.45,4
0.0098333926852236,0.0076938370084034,2.4789569652826526,0.5371327834273703,11.893014447107715,0.0054,0.45,4
0.0098504362879452,0.0075688487008668,2.4262414708295386,0.563217661129788,12.052252345144986,0.0054,0.45,4
0.009610804832375,0.0081424492362213,2.5681056637765565,0.4430639789207701,12.23914571094514,0.0054,0.45,4
0.0096135910653848,0.008014064663386,2.53597327695551,0.4783609229249689,12.380188255532884,0.0054,0.45,4
0.0096876506863939,0.0079008418310776,2.521293581141476,0.5017168852992903,12.234088679034311,0.0054,0.45,4
0.0097086887191835,0.0077686604381437,2.47931583277973,0.5329673700022594,12.315459394702255,0.0054,0.45,4
0.0094772867063086,0.0088464253518999,2.6004840374622304,0.2362472536418316,12.332503421289092,0.0054,0.45,4
0.0093511478808668,0.0089248621563043,2.556055045510549,0.2185539630261817,12.865060798126049,0.0054,0.45,4
0.0094769688285999,0.0086921301992021,2.5995917705171805,0.2862919957583446,12.378309246684834,0.0054,0.45,4
0.0094764577165088,0.0085381365546142,2.590570867725128,0.3351474365349333,12.45763063723531,0.0054,0.45,4
0.0092250687288643,0.009002887939278,2.508845462001608,0.2005547884096308,13.377222805283091,0.0054,0.45,4
0.009471394139276,0.0083873814056631,2.5724647354942767,0.3820194832963937,12.584272203476134,0.0054,0.45,4
0.0094421351752762,0.0082294947800845,2.5382651025801217,0.4313620079844181,12.837410961733784,0.0054,0.45,4
0.0090933340675427,0.0095447019914399,2.3753134046161537,0.0250699558341117,14.057877604310812,0.0054,0.45,4
0.0090992308661631,0.0093893468584735,2.411834619847298,0.0776186765562239,13.94871951682907,0.0054,0.45,4
0.0090990561626318,0.0092335456687754,2.439254228259785,0.1307013384017053,13.894386452346623,0.0054,0.45,4
0.0090991129721365,0.0090798332143493,2.4592808543881994,0.1827543828358901,13.868879643502732,0.0054,0.45,4
0.0085623578135211,0.009772297247773,2.134709285303221,-0.0108864067568741,15.94033825555796,0.0054,0.45,4
0.0089602744954199,0.0095964611361601,2.317003020652653,0.01658472379302,14.566544179968847,0.0054,0.45,4
0.0088337166130375,0.0096397083978953,2.262847382308764,0.0112734924209726,15.038155491167116,0.0054,0.45,4
0.0086965083421869,0.0097083194327157,2.19786348828672,-0.0009165676268226,15.496668747872077,0.0054,0.45,4
0.0083991569322418,0.0101225177120303,1.96574698426652,-0.1090196567175577,16.682746234069096,0.0054,0.45,4
0.0084390093371674,0.0099749216824226,2.0303467116344858,-0.0658506704644246,16.45605676228698,0.0054,0.45,4
0.0084418942771657,0.0098323537088374,2.07708561233742,-0.0197848284954064,16.326471174907166,0.0054,0.45,4
0.0074646969669721,0.0111069500489658,1.3073916267379069,-0.273440930403071,19.341613140780783,0.0054,0.45,4
0.0075032228958097,0.0109790001933913,1.3688880466355924,-0.246944179953207,19.152689151468884,0.0054,0.45,4
0.0080801959651425,0.0104681709732617,1.7351565785258634,-0.1798965531931115,17.752759169497725,0.0054,0.45,4
0.0075854549113967,0.0109150908822314,1.4158328838817815,-0.2414352274738563,18.99323958974155,0.0054,0.45,4
0.0076800803396034,0.0108258406423778,1.4771076935224856,-0.2304116431397471,18.789076932309328,0.0054,0.45,4
0.0077798118419286,0.0107808020636243,1.5221674319793694,-0.2310470590075556,18.598457657973288,0.0054,0.45,4
0.007955199296475,0.0105656538029349,1.659478853810905,-0.1933109957501446,18.085202416519817,0.0054,0.45,4
0.0078481398333058,0.0106885457522449,1.579051374595001,-0.2145562631346944,18.387740248102048,0.0054,0.45,4
0.0082791717900113,0.0101840281048568,1.9055279734931403,-0.1160711373207042,17.017549528788944,0.0054,0.45,4
0.0081623908963854,0.0102511667385621,1.844464892994015,-0.1242965879851319,17.349034286795586,0.0054,0.45,4
0.008059590675814,0.0103336083255033,1.7820578361472317,-0.1377402934829325,17.634821774175133,0.0054,0.45,4
0.0070020512180272,0.0114069865062411,1.084876365509736,-0.2823854086734329,19.93290765172168,0.0054,0.45,4
0.0068517894642691,0.0113698348677797,1.0645099609222977,-0.2547150385821966,19.931287949852564,0.0054,0.45,4
0.0071053186144521,0.0113015157987568,1.1470202551777453,-0.2720966098578113,19.783883149504216,0.0054,0.45,4
0.0072086332970598,0.0111951598141626,1.211482215805467,-0.2609586579307112,19.617482957781693,0.0054,0.45,4
0.0073124830963838,0.0110874033056144,1.2784142379052652,-0.248787359127265,19.429987913740728,0.0054,0.45,4
0.0054889270888468,0.0123312386475107,0.5473840295839324,-0.3100620808478349,20.09070443297689,0.0054,0.45,4
0.0055952092442909,0.0122276403312274,0.5809177351071603,-0.2982503309050054,20.11212575456405,0.0054,0.45,4
0.0057014746890538,0.0121240648239981,0.6179306824456409,-0.2866220496841368,20.12771881740325,0.0054,0.45,4
0.005807707932551,0.012020498906871,0.658268137822776,-0.2751835066896393,20.136127661666126,0.0054,0.45,4
0.0059139036366701,0.0119169354964009,0.7017678549036458,-0.2639277065602625,20.136097311174705,0.0054,0.45,4
0.0060200733501362,0.0118133701078747,0.7482631500296378,-0.2528352657577534,20.126477253009952,0.0054,0.45,4
0.0062774492519209,0.011747491690317,0.8201786502787068,-0.2670996682142963,20.202276625426688,0.0054,0.45,4
0.0063835899448437,0.0116438966604141,0.8721844216653764,-0.2572003026715641,20.152286649114203,0.0054,0.45,4
0.0064896737168355,0.0115402522079509,0.9267225468905752,-0.2472217975223346,20.089175468247987,0.0054,0.45,4
0.0065956230929608,0.0114365015822401,0.983612701417159,-0.2370652012226321,20.012142013813943,0.0054,0.45,4
0.0067012902857604,0.0113325799705966,1.0426573226359093,-0.2266112269012983,19.92051334854428,0.0054,0.45,4
0.0061262315483534,0.0117098008477227,0.7975812027104191,-0.2418739660493873,20.10622148370011,0.0054,0.45,4
0.0049120102465026,0.0127081859423262,0.4240624189724978,-0.3446452494183675,19.72094085225699,0.0054,0.45,4
0.0050183182417944,0.0126044050006898,0.4426315513918598,-0.3314206267025462,19.762268032843284,0.0054,0.45,4
0.0051246961838473,0.0125007125934465,0.4651916742893432,-0.3181309319526533,19.80488483963624,0.0054,0.45,4
0.0052310393343459,0.0123970504569528,0.4916226172396705,-0.3048469354156137,19.84693164781589,0.0054,0.45,4
0.0053373894434945,0.0122934113836003,0.5218141561740276,-0.2916458804176454,19.88678793878301,0.0054,0.45,4
0.0045484020393914,0.0128787845259052,0.3701059547078211,-0.3574498507475505,19.35804074131112,0.0054,0.45,4
0.0046539218909028,0.0127749195257716,0.3805928321544753,-0.3440087077354468,19.40100938811855,0.0054,0.45,4
0.004759850428745,0.0126707998994267,0.3952536855013236,-0.3301071208707508,19.44925763972904,0.0054,0.45,4
0.0030874827826403,0.0125969452425007,0.0580747586153773,-0.1419343685939615,15.4541974575781,0.0054,0.45,4
0.0028902910522688,0.01230795007337,0.0140471245460658,-0.0575592293295434,14.114055400087487,0.0054,0.45,4
0.0029058840488663,0.0122307866646881,0.0131195905656293,-0.0536894466981969,14.011300590601712,0.0054,0.45,4
0.0029571226308808,0.0123466901273862,0.0226782596165042,-0.0770484308259541,14.402419381575418,0.0054,0.45,4
0.002989115739388,0.0124168194758627,0.0300671607933852,-0.0929164482168913,14.743802148950891,0.0054,0.45,4
0.0030445559649166,0.0125042484486523,0.0434810067429092,-0.1177010634495005,15.09834221290934,0.0054,0.45,4
0.0043971366759746,0.012842492324277,0.3392304466061386,-0.3432514094741132,19.049144382426903,0.0054,0.45,4
0.0042467091885504,0.0128071663100111,0.307035670982247,-0.327826454676984,18.72167853055989,0.0054,0.45,4
0.0040980228311047,0.0127729781386575,0.2740569085632721,-0.3111182777777501,18.377248553368705,0.0054,0.45,4
0.0039530269034652,0.0127416662172075,0.2412922708828867,-0.2935132475622905,18.02063688592272,0.0054,0.45,4
0.0032046434947652,0.0126174741591873,0.0798953822110382,-0.1704224164198889,15.855323794384054,0.0054,0.45,4
0.0033144545359439,0.0126348398602124,0.101574406102547,-0.1939491389685392,16.214865691691987,0.0054,0.45,4
0.003811550938451,0.0127159022688312,0.2094606967435109,-0.2754120234914245,17.65831490595463,0.0054,0.45,4
0.0036774771856201,0.0126932318450145,0.1794718121003415,-0.2566420594719499,17.29533605849923,0.0054,0.45,4
0.0034290059777992,0.0126531014672573,0.1253483440126122,-0.2159911295800513,16.572093929631674,0.0054,0.45,4
0.0035500796330426,0.0126725395680927,0.151394924201164,-0.2368980449416088,16.932913878411757,0.0054,0.45,4
0.0027947420866913,0.0120739098806556,0.0025850529571701,-0.0199485896898457,13.17072109930914,0.0054,0.45,4
0.0028469734454296,0.0121120583334503,0.0060091002040997,-0.032137771553707,13.467590132189253,0.0054,0.45,4
0.0029157301224733,0.0121517701001371,0.0122139522508481,-0.0482046990357147,13.840741298185865,0.0054,0.45,4
0.0027962223804991,0.0119953651433304,0.0021509503886353,-0.016677206486092,12.989149196042234,0.0054,0.45,4
0.0027625304472306,0.0119847939742408,0.0008698388231996,-0.0108443184095723,12.799722214421424,0.0054,0.45,4
0.0027351229459137,0.0119189430334047,0.0001840179483939,-0.0052645413813006,12.492827263194853,0.0054,0.45,4
0.0102051924365892,0.0051023181337016,0.0892569140270203,0.0741927519978307,25.073069551209745,0.0054,0.45,4
0.0102131489517824,0.0050733971549011,0.0515284849753829,0.0436542487150531,25.19257643098465,0.0054,0.45,4
0.010401264766432,0.0061634661217461,1.2917250095621595,0.5257818495061253,14.976490973061567,0.0054,0.45,4
0.0102713935101651,0.0063815985916109,1.5581836789132435,0.5946999692159612,14.366930050511156,0.0054,0.45,4
0.0103392370278756,0.006263203497933,1.4195632559360212,0.5620962292110273,14.650276647198966,0.0054,0.45,4
0.0103762871162226,0.0060355768544448,1.142666865134908,0.5031229043175233,15.836124472716504,0.0054,0.45,4
0.0103002937053396,0.0052950746319635,0.2379850827887533,0.1667664506508923,22.443118437429675,0.0054,0.45,4
0.0103601613327209,0.0054349708030757,0.3747679046244663,0.2342063019237227,20.74374146716788,0.0054,0.45,4
0.0103119115541005,0.0059572227141373,1.065035891754139,0.5010679407252729,16.717468505300165,0.0054,0.45,4
0.0103435898415843,0.0055381468371216,0.5205111103105563,0.3069974682438283,19.86071921618708,0.0054,0.45,4
0.010328907090956,0.0056530143353055,0.6771400512752718,0.375034413072902,18.950983437222053,0.0054,0.45,4
0.0103171802893924,0.0057641287840058,0.8240391978845515,0.4302361173053777,18.131324893679388,0.0054,0.45,4
0.0103135925675499,0.0058649615795916,0.9514522056346736,0.4704674795669539,17.332319594269055,0.0054,0.45,4
0.0102886938349016,0.0053830541076113,0.3563029349507605,0.2363514428369707,21.58814923354876,0.0054,0.45,4
0.0102371762111484,0.005172583865345,0.1409224533683188,0.1101475824413106,23.95804037826888,0.0054,0.45,4
0.0102330243068911,0.00524362823767,0.2265875503075115,0.1682488910629993,23.260895270443346,0.0054,0.45,4
0.0101427999517064,0.0050474084971518,0.0840767699344917,0.0741168150133474,25.875071914442824,0.0054,0.45,4
0.0101524849704112,0.0050195436603177,0.0485170837610663,0.0435905412834,25.98705838883252,0.0054,0.45,4
0.0099884790761479,0.0073936528176283,2.3624017739305856,0.5799636984911983,11.752722703319163,0.0054,0.45,4
0.0099856195849963,0.0072973661414051,2.30502486245042,0.5975809835353683,12.053900298205038,0.0054,0.45,4
0.0098690920571722,0.0074476250739558,2.369067020737399,0.5860931408464282,12.246321627746063,0.0054,0.45,4
0.0102455839408997,0.0068835320920246,2.0384894467970773,0.6023706457070227,12.076476696357554,0.0054,0.45,4
0.0102566763990782,0.0067308673955799,1.9047844282658208,0.6081941030536829,12.65191424493698,0.0054,0.45,4
0.0101953355350549,0.0065936848229981,1.7755301024187835,0.6229343501136778,13.63074402490531,0.0054,0.45,4
0.010159996299755,0.0064681090984897,1.6548144460414118,0.6271021431536755,14.505549960432674,0.0054,0.45,4
0.0101187579373746,0.006942855303098,2.076166428393251,0.6228451215408489,12.504742184803533,0.0054,0.45,4
0.0100594233251946,0.0071924931104541,2.2502332775343947,0.6028528835730972,11.96031677800305,0.0054,0.45,4
0.0100914157027783,0.0070586127073181,2.1609322674358933,0.6153610085597804,12.224594518690685,0.0054,0.45,4
0.0097249385827367,0.0076295280441126,2.4261240921986444,0.5641249572379997,12.520371462211823,0.0054,0.45,4
0.009746811137088,0.0075038072970653,2.37266237860294,0.5892597993915932,12.704569566179863,0.0054,0.45,4
0.0094778512537233,0.0080459044442829,2.5076112533089794,0.4809516739551375,12.917468876962827,0.0054,0.45,4
0.0095548092154746,0.0079338421793647,2.496679973917946,0.5049496813753878,12.770601492523284,0.0054,0.45,4
0.0095622306449778,0.0078151828718347,2.459857390212585,0.53506206562705,12.896014985228506,0.0054,0.45,4
0.0095938111919465,0.0076879744630304,2.420075284618313,0.5634272056858505,13.00339938771503,0.0054,0.45,4
0.0093506805103738,0.0087708923040598,2.559907433513588,0.269271617621742,12.897600203988535,0.0054,0.45,4
0.0092244945162432,0.0088495851309455,2.5172076305427296,0.2516152662447246,13.3980434179219,0.0054,0.45,4
0.0093502854605664,0.0086190425905505,2.556075779058465,0.3182800477585645,12.9612219965862,0.0054,0.45,4
0.0093480581260645,0.0084732169465357,2.5445873984978533,0.3643115995914427,13.05465411757804,0.0054,0.45,4
0.0090987564446958,0.0089271392767532,2.4719486794961445,0.2339265623221125,13.875796951602352,0.0054,0.45,4
0.0093420874116327,0.0083341434905588,2.525812555372539,0.4072330604626775,13.183339078936331,0.0054,0.45,4
0.0093105382005094,0.0082315686668215,2.499823487301938,0.4397287669954536,13.387268378276037,0.0054,0.45,4
0.0093410020542482,0.0081297564810924,2.4885147817768414,0.4671366578068833,13.415153170536223,0.0054,0.45,4
0.0089709684155868,0.00945557745318,2.354229412522109,0.0637177244177077,14.447256396554131,0.0054,0.45,4
0.0089717529396757,0.0093071467453434,2.383810871880961,0.1141743821327124,14.381811070196015,0.0054,0.45,4
0.0089726901162774,0.0091555753438312,2.407538779938379,0.1654851134162074,14.343119391234223,0.0054,0.45,4
0.0089736355531349,0.0090028640509279,2.424651777689037,0.2167043757950033,14.333715278498255,0.0054,0.45,4
0.0084636664889563,0.0097061273839638,2.1211214549591824,0.0197066964108378,16.18624633835807,0.0054,0.45,4
0.008584652573568,0.0096448754581896,2.1779117940673487,0.0295178057350526,15.780593860162153,0.0054,0.45,4
0.0088389781868014,0.0095165274122009,2.2955527211001194,0.0525184845699206,14.94137279477961,0.0054,0.45,4
0.0087100379518092,0.0095800655360943,2.236627268403407,0.041022828950495,15.37875224425215,0.0054,0.45,4
0.0082996716834906,0.0100365497122407,1.96469683527248,-0.0718606098158883,16.838994186814435,0.0054,0.45,4
0.008324390983372,0.009897045815892,2.018702266968921,-0.029604185535838,16.66151849800373,0.0054,0.45,4
0.0083413752454988,0.0097645207180337,2.064425838356452,0.0117711673986577,16.53319554028933,0.0054,0.45,4
0.0073962074678602,0.0109787107915934,1.3421501354068308,-0.2329495637680082,19.25164992990833,0.0054,0.45,4
0.0074729616091994,0.0108623538848548,1.4080943072908998,-0.2131984261758744,19.05276283617923,0.0054,0.45,4
0.0079691439480903,0.0104172863196632,1.7228733274661303,-0.1520384857728811,17.870511273090134,0.0054,0.45,4
0.0078674875401226,0.0104686030803852,1.6730771992057307,-0.154887942763616,18.124113266904114,0.0054,0.45,4
0.0075725282503888,0.010766716172618,1.4725669064627311,-0.2009123242796427,18.825863384986608,0.0054,0.45,4
0.0076999427852289,0.0106835145209338,1.5404934845470224,-0.1947197879132795,18.59546833915881,0.0054,0.45,4
0.007799854387081,0.0105687572121138,1.6142496386754328,-0.175231299718703,18.32876033608912,0.0054,0.45,4
0.0081595770656496,0.01008816276383,1.9027327474785027,-0.0735777707355355,17.203315159822168,0.0054,0.45,4
0.008045877018841,0.0101927907218409,1.8302592631414447,-0.0934916990446792,17.53952464884965,0.0054,0.45,4
0.0079478910744985,0.0102800533290521,1.768670652686074,-0.1087483198177886,17.79543965317593,0.0054,0.45,4
0.0069567328118892,0.0112653853408819,1.1260402543290156,-0.2443071313026883,19.803619427800683,0.0054,0.45,4
0.0068065628061199,0.0112284634924717,1.1036465530639747,-0.2157465540649882,19.813880561436623,0.0054,0.45,4
0.0070604691312398,0.0111604803386719,1.189320265934224,-0.2331063608490982,19.66040384379304,0.0054,0.45,4
0.0071645532187068,0.0110563247881481,1.2540544639229518,-0.2215115170353458,19.50213937725636,0.0054,0.45,4
0.007257643160379,0.0109480149382108,1.318981581167385,-0.2067103075986781,19.33352888184771,0.0054,0.45,4
0.0054437585800985,0.0121898119096837,0.5556309326207449,-0.2785938858864758,19.923024799768744,0.0054,0.45,4
0.0055501208975358,0.0120862542081745,0.592915608915887,-0.2657355275257299,19.954132449630816,0.0054,0.45,4
0.0056564282241572,0.011982725040249,0.6334960821092371,-0.2530922965926168,19.9786862044162,0.0054,0.45,4
0.0057626586802259,0.0118792074353417,0.6771977397914594,-0.2406694265120215,19.99536287295554,0.0054,0.45,4
0.0058688328903,0.0117756727551718,0.7238513197589107,-0.2284572557945546,20.00298085075423,0.0054,0.45,4
0.0059749835741331,0.0116721185895311,0.7732795330746046,-0.216438077777038,20.00047314160517,0.0054,0.45,4
0.0062323684246117,0.0116062245972892,0.8495389925223683,-0.2309957471222839,20.07433857986201,0.0054,0.45,4
0.0066560197793399,0.0111912698885839,1.080022268166162,-0.1867728929998822,19.81430857919557,0.0054,0.45,4
0.0063384666137236,0.0115026245762172,0.9039514405011244,-0.2201363293443286,20.029938919641925,0.0054,0.45,4
0.0064445012593788,0.0113989637123795,0.960635198542677,-0.2092148800083914,19.972230308618467,0.0054,0.45,4
0.006550387408719,0.0112951893764467,1.019395602948505,-0.198129780358282,19.900585762477167,0.0054,0.45,4
0.0060811058953963,0.0115685566460091,0.8252876085649877,-0.2045787954883462,19.98686550243659,0.0054,0.45,4
0.0048661719764764,0.012566751667666,0.4140716948828045,-0.3159246234364956,19.502297050144023,0.0054,0.45,4
0.0049726688114137,0.0124628895995525,0.4369275027514457,-0.3015950227533228,19.557941104834484,0.0054,0.45,4
0.0050791647071535,0.0123591677890588,0.4636776956819954,-0.2872126494026463,19.61398954792569,0.0054,0.45,4
0.0051856136586687,0.0122554814474105,0.4941932443335357,-0.2728534004637964,19.668780867505443,0.0054,0.45,4
0.0052920861423942,0.0121518253587274,0.5283486299185469,-0.2586085593461423,19.720360765758965,0.0054,0.45,4
0.0045019320501492,0.0127384371449589,0.3497655334124509,-0.329363611920817,19.100397239976008,0.0054,0.45,4
0.0046072933617816,0.0126338014384567,0.3644883996232088,-0.3147672642786435,19.15874550422021,0.0054,0.45,4
0.0047134857617696,0.0125291873131511,0.3834984281849958,-0.299733161572015,19.223553582408044,0.0054,0.45,4
0.0031680124357517,0.012520236001085,0.0642148068336431,-0.146556680640379,15.54183279570242,0.0054,0.45,4
0.0029827653912649,0.012277498779437,0.0227161087232443,-0.0744497665263228,14.394618190489927,0.0054,0.45,4
0.0029988601504042,0.0121971248629253,0.0220266437945294,-0.0678518530209968,14.241658155670818,0.0054,0.45,4
0.0030644636243113,0.012339383587846,0.0360190565557399,-0.0983242767421147,14.827965985495942,0.0054,0.45,4
0.003118343222387,0.0124269521066505,0.0490928740862786,-0.1217815285831341,15.204879786174276,0.0054,0.45,4
0.0043500238730568,0.01270318955725,0.3174317406439932,-0.3137892555177867,18.780671745942968,0.0054,0.45,4
0.0041989843550554,0.0126696856965537,0.2841081311645025,-0.2973339912200546,18.44158378793104,0.0054,0.45,4
0.0040498018784938,0.0126363005073752,0.2502487876960742,-0.2796190909521218,18.08310522270787,0.0054,0.45,4
0.0039044879347807,0.0126116112017898,0.2174621302901243,-0.2624690278443025,17.719968707263572,0.0054,0.45,4
0.0032750838762295,0.0125309080567442,0.0836660188580143,-0.1681989768897359,15.895347764918997,0.0054,0.45,4
0.0033883449517529,0.012543353593729,0.1057456259596263,-0.1888253112268218,16.255690405045325,0.0054,0.45,4
0.0037657108397981,0.0125909401016836,0.1863693495111113,-0.2450743124944867,17.353758694751033,0.0054,0.45,4
0.0036333224137201,0.0125730625462641,0.157210071433688,-0.2271091226966349,16.985875906533156,0.0054,0.45,4
0.0035074275594033,0.0125574394905889,0.130258978874119,-0.2084069771773158,16.619133150175603,0.0054,0.45,4
0.0028510830879064,0.0120335946166466,0.005416239138739,-0.0275822886972257,13.314938279265126,0.0054,0.45,4
0.0029218856103243,0.0120743339200661,0.0114718585157318,-0.0421294098665698,13.702978365152,0.0054,0.45,4
0.0030033923173656,0.0121140782618818,0.020600042264282,-0.0590315069590878,14.110915944571603,0.0054,0.45,4
0.0028526918882482,0.0119550295828011,0.0051016370920551,-0.0226083332095599,13.150838249668949,0.0054,0.45,4
0.0027953664501497,0.0119148473025816,0.0019033894475169,-0.0131012829272752,12.811494033331348,0.0054,0.45,4
0.0027615560978511,0.0119039433061463,0.0007063467921949,-0.0084714077380223,12.60830856435576,0.0054,0.45,4
0.0027317569246527,0.0118379073562603,0.0001353806858565,-0.0037684539936796,12.294219258595245,0.0054,0.45,4
0.0101735957252367,0.0051194033014852,0.1333679025325452,0.1104151409251294,24.75023782147228,0.0054,0.45,4
0.0101440868311281,0.006345261930675,1.5323988573620193,0.6217882662895781,15.133621050205562,0.0054,0.45,4
0.0102909151729942,0.0061478057645434,1.29630280569943,0.5552020917174406,15.598305577103346,0.0054,0.45,4
0.0102194494225944,0.0062495796921423,1.4221027783129647,0.5920679531060512,15.342899182546471,0.0054,0.45,4
0.0102512894166663,0.0060448444571486,1.1855516366760324,0.5436750761370641,16.413872992710676,0.0054,0.45,4
0.0102187600918712,0.0053311678800424,0.340179899509257,0.23891280930423,22.40176294404425,0.0054,0.45,4
0.0102684515221773,0.0054880064204529,0.5003971941906916,0.3126533226413439,20.68692742924054,0.0054,0.45,4
0.0102187550975143,0.0059263072253705,1.0561861545573297,0.5216120841107834,17.409607133465617,0.0054,0.45,4
0.010246596682688,0.0056072986399042,0.660264023495058,0.3865885293122311,19.69929659282848,0.0054,0.45,4
0.0102354905413419,0.0057124509971373,0.7942849360443843,0.4390548538619079,18.93821193411901,0.0054,0.45,4
0.0102344241529382,0.0058138827260916,0.9175133987014082,0.4792499715962986,18.203396208023666,0.0054,0.45,4
0.0101972717457837,0.0054357432176928,0.4783290586681039,0.3158828248281759,21.48034532815064,0.0054,0.45,4
0.010167346765022,0.005190254999349,0.215018227662982,0.169008792381739,24.06159323697727,0.0054,0.45,4
0.0101504909065132,0.0052772285399719,0.3236828642015465,0.2403983411766299,23.193698030105832,0.0054,0.45,4
0.0100838608465647,0.0049923576149839,0.0790185124327238,0.0737280465861129,26.604667896216515,0.0054,0.45,4
0.0100934456744613,0.0049639131937188,0.0454998837896559,0.043339823461355,26.745863504531503,0.0054,0.45,4
0.0101108502000999,0.0050643457157804,0.1263430280484113,0.1107264361701111,25.52511683232245,0.0054,0.45,4
0.0098877454446347,0.0073315278278757,2.308286304196967,0.6056221305778181,12.463222925414248,0.0054,0.45,4
0.0099227615867001,0.0072111749150569,2.2412324303345863,0.6210688332384863,12.654221998380406,0.0054,0.45,4
0.0097694778891074,0.0073820477385871,2.3146356385785123,0.6110879494861815,12.901873962850772,0.0054,0.45,4
0.0101278899595568,0.0068152525387706,1.9728438314154404,0.6310408564624764,13.007566220235317,0.0054,0.45,4
0.0100331199599583,0.0068774085745296,2.016738369540439,0.6440356138516559,13.26369421498772,0.0054,0.45,4
0.010109662485242,0.0066894279737931,1.8631281822293644,0.6400887848730689,13.625791865840725,0.0054,0.45,4
0.010064828431964,0.0065658506232455,1.750880020500107,0.6499840922560675,14.47233075903512,0.0054,0.45,4
0.010037439324953,0.0064434488043668,1.6370998275450093,0.6519091499922974,15.147195190977806,0.0054,0.45,4
0.0099937527357873,0.006974037405546,2.0873736734902724,0.6417223941415359,13.066337300471824,0.0054,0.45,4
0.009956778971394,0.0070977298342131,2.171274110362995,0.6327154208871698,12.843455938579671,0.0054,0.45,4
0.0096214870525733,0.0075588678899076,2.371606695386824,0.5903202889249558,13.153529369588854,0.0054,0.45,4
0.0096471586811351,0.0074367108984179,2.3190278570478813,0.6135282008242379,13.329105493343295,0.0054,0.45,4
0.0093393760423989,0.0080074815255714,2.4594838080055035,0.5013522024844824,13.572083153327767,0.0054,0.45,4
0.0094327224267783,0.0078932170865164,2.452456237537468,0.5253970598382162,13.364985932696612,0.0054,0.45,4
0.0094959961774032,0.007616513988309,2.368421111360852,0.5883185077672488,13.60004078853663,0.0054,0.45,4
0.0094620524677919,0.0077463390235094,2.410671309882509,0.560269438233148,13.484782830254824,0.0054,0.45,4
0.0093008575972813,0.0079032883989084,2.4206786397749864,0.5315999555194227,13.879281131276892,0.0054,0.45,4
0.009223520585465,0.0086978587641852,2.517981193236813,0.3012610535814696,13.452469681457698,0.0054,0.45,4
0.0090972117520462,0.0087765123164714,2.477048268962118,0.283676811419669,13.91960236091367,0.0054,0.45,4
0.0092221008319241,0.0085522409443718,2.511590875791463,0.3478510346046357,13.533721698476777,0.0054,0.45,4
0.009222566384187,0.0084135082743949,2.4996298329834192,0.3909422186954474,13.632398779320855,0.0054,0.45,4
0.0089729229935036,0.0088512528389286,2.43424799664858,0.2669352739495645,14.358996240303968,0.0054,0.45,4
0.0092193763087998,0.0082945374462863,2.4832754873082927,0.4270184736179702,13.749953336669003,0.0054,0.45,4
0.0092301414874649,0.0081789970855976,2.466868650545457,0.4601454930660973,13.854707503723684,0.0054,0.45,4
0.0092459701660006,0.0080850923844514,2.452024458811635,0.4857063290249496,13.906027490467356,0.0054,0.45,4
0.0088431967461064,0.0093779517905308,2.32693053010615,0.0991628449445693,14.856707167177037,0.0054,0.45,4
0.008845375331283,0.00923088335726,2.3536779452993035,0.1487334383362586,14.803779244202458,0.0054,0.45,4
0.0088471575826158,0.0090791850464423,2.374763093197291,0.1995232550651868,14.77799798344808,0.0054,0.45,4
0.0088492082716544,0.008926687299845,2.3894124528997813,0.2499198301301892,14.776013385727522,0.0054,0.45,4
0.0083606303763281,0.0096403328509701,2.10504610462181,0.0506032706538652,16.421066410703848,0.0054,0.45,4
0.008485783156232,0.0095839835509899,2.160700163592704,0.0581737255640792,16.050923755353526,0.0054,0.45,4
0.0085942517760919,0.0095219672750114,2.2119652939525385,0.0697636183848627,15.68095037700478,0.0054,0.45,4
0.0087121202191667,0.0094489952405481,2.267961637891457,0.0849737995083658,15.322702184016263,0.0054,0.45,4
0.0084984411294516,0.0094829004182745,2.188987979207006,0.0906425282233847,15.984896966422893,0.0054,0.45,4
0.0082036592673177,0.0099540287235041,1.9617492823447515,-0.0358098905528393,16.982530887167027,0.0054,0.45,4
0.0082206085270056,0.00982006957236,2.0089585645320374,0.0053669288335396,16.85375253290132,0.0054,0.45,4
0.0082343531828284,0.0096951940741166,2.049189264775763,0.0443405482810901,16.751750434976756,0.0054,0.45,4
0.0073448904857349,0.0108337206262081,1.385769513903652,-0.1887653659060321,19.158450711581725,0.0054,0.45,4
0.0074381865048823,0.0106964712048492,1.463945946217564,-0.1644468866085634,18.929962123164007,0.0054,0.45,4
0.0078558495019928,0.0103559858515847,1.712891574019064,-0.1205498944718515,18.03319315160493,0.0054,0.45,4
0.0077574680904848,0.0104377722233535,1.6531817770830763,-0.1325567449581148,18.2730306690415,0.0054,0.45,4
0.0075565684992345,0.0106177572744102,1.5269198981041157,-0.1582101775596647,18.72210275676505,0.0054,0.45,4
0.0076624265646091,0.0105277647139179,1.5914721535264749,-0.1464855003817975,18.492615027996624,0.0054,0.45,4
0.008094106812333,0.0099793869774555,1.918773953606992,-0.0324143794343354,17.267188791659244,0.0054,0.45,4
0.0080216989648725,0.0100642575346383,1.8679294479551345,-0.0511100742938637,17.473341006271664,0.0054,0.45,4
0.0079235666531845,0.0101413108036894,1.811163660277322,-0.0638866204337158,17.73037250206778,0.0054,0.45,4
0.0078271979290825,0.0102224103797845,1.7533134532566133,-0.0773172144463241,17.96760812019197,0.0054,0.45,4
0.0069115543263406,0.0111242634031495,1.1663675280129462,-0.204416479969388,19.69184802222094,0.0054,0.45,4
0.0067613226215931,0.0110872497757883,1.1422790705812935,-0.1750532960293221,19.71327097521791,0.0054,0.45,4
0.0070160225189525,0.0110202328869069,1.2304540130430028,-0.1925573078224298,19.555574091342688,0.0054,0.45,4
0.0071143395113457,0.0109146449485953,1.2948739690740765,-0.1788869792500833,19.406012245183664,0.0054,0.45,4
0.0072078288781644,0.010808679735274,1.3592236809770843,-0.1637885756850172,19.24873978189601,0.0054,0.45,4
0.0053986068371394,0.0120482690952128,0.5659794440005411,-0.2445649267877931,19.76771253769007,0.0054,0.45,4
0.0055050701994419,0.0119448108343191,0.6068846658696846,-0.2307643374194145,19.809095728210533,0.0054,0.45,4
0.0056113907329611,0.0118413900881073,0.6508684595946407,-0.217214376563701,19.843081622130565,0.0054,0.45,4
0.005717581017566,0.0117379131448033,0.6977624664142478,-0.2039045234756414,19.86839130527392,0.0054,0.45,4
0.0058237268456604,0.011634378840267,0.7473939111858806,-0.1908365357733,19.88402749836129,0.0054,0.45,4
0.0059298555457748,0.0115308428145982,0.7995555612190007,-0.178004700057565,19.888984678117943,0.0054,0.45,4
0.0061871822753004,0.0114649911987991,0.879674897703958,-0.1928294737527926,19.96121585587516,0.0054,0.45,4
0.0066106227220664,0.0110499165135691,1.1171771120981508,-0.1453185567884846,19.72434954036073,0.0054,0.45,4
0.0065049760197281,0.0111538565986657,1.055215513772051,-0.1574562301590454,19.80480649666183,0.0054,0.45,4
0.0062932128208364,0.0113614011823275,0.936249434697353,-0.1811238922113346,19.922792012185315,0.0054,0.45,4
0.0063993184992484,0.0112577540766213,0.9948516341295818,-0.1693982185484262,19.870858153442487,0.0054,0.45,4
0.0060359085762446,0.0114273182557269,0.8540235745343693,-0.1653672330984213,19.88233540098409,0.0054,0.45,4
0.0048202728592845,0.0124250205237062,0.4066823311462686,-0.2844897546511744,19.29309862127631,0.0054,0.45,4
0.0049271260889241,0.0123212114855904,0.4338054107087837,-0.2691351898864988,19.36441674988511,0.0054,0.45,4
0.0050337410831189,0.0122175942775518,0.4646693885865369,-0.2537418033256152,19.43472425783673,0.0054,0.45,4
0.0051400726512642,0.012113610135281,0.4991690830675541,-0.23829322650524,19.50225884230974,0.0054,0.45,4
0.005246815349118,0.0120099989969121,0.5372212750020998,-0.2231058904164609,19.56674794140575,0.0054,0.45,4
0.004454511592989,0.012597762656152,0.3320579315880319,-0.2986821444569265,18.847063535550827,0.0054,0.45,4
0.0045599461893355,0.0124917124376709,0.3510422989362815,-0.2827832738810389,18.92269857575854,0.0054,0.45,4
0.0046671419326912,0.0123869890093337,0.3745583910240334,-0.2667433054287869,19.007745329317988,0.0054,0.45,4
0.0032316834999216,0.0124319376452244,0.0679317648768159,-0.1434059633176098,15.572023081463485,0.0054,0.45,4
0.0030800693445977,0.012163529341494,0.031544590589172,-0.0768441168212565,14.561905085719584,0.0054,0.45,4
0.0031096940516314,0.0122455599866797,0.0381332005786017,-0.0932354164159365,14.826876588760372,0.0054,0.45,4
0.0031817989120184,0.0123390037010706,0.0536724616629833,-0.1194510968805909,15.213434310458938,0.0054,0.45,4
0.0043008695158044,0.0125635932275544,0.2981616875430426,-0.2819169529077988,18.515183376087226,0.0054,0.45,4
0.0041473719900207,0.0125290036273807,0.2632232877636143,-0.2639807173958744,18.154980740712634,0.0054,0.45,4
0.0039973437052113,0.0125028410405621,0.2289211472447635,-0.2469162058732398,17.789158996994235,0.0054,0.45,4
0.0038530052113042,0.0124834920441888,0.1961648320393174,-0.2304756419910082,17.418428210849402,0.0054,0.45,4
0.0033434302785691,0.0124374612984876,0.0882817219012654,-0.162199001421908,15.930238042589016,0.0054,0.45,4
0.0034612241643809,0.0124454167715911,0.1114222380078259,-0.1801604753881809,16.298860634316526,0.0054,0.45,4
0.0037153208178883,0.0124681681967229,0.1654474721375467,-0.2140645412272615,17.043637694510746,0.0054,0.45,4
0.0035847501365348,0.0124557343655216,0.1371337866477684,-0.1973760626989221,16.669917888671534,0.0054,0.45,4
0.0029263516126677,0.0119943702565545,0.0111204063930016,-0.035357799628992,13.573833257368358,0.0054,0.45,4
0.0030117946181638,0.0120390647424593,0.0205724419536292,-0.0512650419597257,14.004925109187369,0.0054,0.45,4
0.00311215326235,0.0120864310816572,0.0344667852124806,-0.0703709444447376,14.554807502630345,0.0054,0.45,4
0.0029278993640466,0.0119144330536327,0.0111783769188837,-0.0279965249061983,13.424849104240367,0.0054,0.45,4
0.0028515313052876,0.0118729800447503,0.0050690244996856,-0.0169648244542985,12.99517594371116,0.0054,0.45,4
0.0027922922924367,0.0118334878460257,0.0018912602130254,-0.0092856032946207,12.635342511240736,0.0054,0.45,4
0.0027578104261064,0.0118216502907992,0.0006819916730289,-0.0058534690677773,12.414087500125689,0.0054,0.45,4
0.002725928973715,0.0117570059431986,0.0001923433069369,-0.0021790280157104,12.097921374251346,0.0054,0.45,4
0.0100266501868615,0.0049357543281589,0.0740118516488222,0.0730433347367085,27.31287200061928,0.0054,0.45,4
0.0100360851373943,0.0049065529284544,0.0424969540015578,0.0428862665261314,27.47988356093048,0.0054,0.45,4
0.0101033015047731,0.0051350148001401,0.2033759704889581,0.1690444845259457,24.82512182759397,0.0054,0.45,4
0.0101147116611164,0.0062481406631242,1.435071636904382,0.617480614579397,15.86731709588818,0.0054,0.45,4
0.0100289359166362,0.0063071988059534,1.505022435132922,0.6435679562460658,15.879966345413072,0.0054,0.45,4
0.0101577868817132,0.0061307025788812,1.302799167554138,0.5884141054086164,16.39387426658403,0.0054,0.45,4
0.0101562625552649,0.0060175790993478,1.177499326533817,0.564342100277199,17.09679831977986,0.0054,0.45,4
0.0101259201837477,0.0053805516022806,0.4559535153626639,0.3181486399677027,22.237099619486184,0.0054,0.45,4
0.0101729435283702,0.0055526977566128,0.6308162283595274,0.3903790314337466,20.487452865089992,0.0054,0.45,4
0.0101089213563532,0.0059394868419238,1.1021289419025229,0.5583696757557473,17.88596778062633,0.0054,0.45,4
0.0101532039554624,0.0058543137557314,0.9925763486207096,0.5197028617928868,18.195046341647576,0.0054,0.45,4
0.0101529664730227,0.0056609009081467,0.7677348743778701,0.4482116438380749,19.634198747260992,0.0054,0.45,4
0.0101462474989778,0.0057568126810785,0.88245297794864,0.4887170328278026,18.94304874064407,0.0054,0.45,4
0.0100996239294606,0.0054903623997084,0.5952511970063168,0.3901047332936356,21.3043981284363,0.0054,0.45,4
0.0100838807802333,0.0052213705519561,0.3070659150316352,0.2408761131941404,23.94936075611636,0.0054,0.45,4
0.0100565289307993,0.0053220980271257,0.4318784704393204,0.318216088525539,22.997633432157205,0.0054,0.45,4
0.0100497818330989,0.0050075038647269,0.1192501151426996,0.1106019081184514,26.269182019918848,0.0054,0.45,4
0.0100409238853418,0.0050779679840897,0.19172444971039,0.1683791924521765,25.562358687029008,0.0054,0.45,4
0.0097944907704928,0.0072582576269466,2.249064369736491,0.630393062891235,13.114475151182685,0.0054,0.45,4
0.0098224877517029,0.0071380859087749,2.17940835020233,0.6458706814673684,13.324697417311398,0.0054,0.45,4
0.0096715692362793,0.0073143577240312,2.259576241841366,0.6345029261638991,13.549803457921833,0.0054,0.45,4
0.0100052372360904,0.0067800962471751,1.9363657188766736,0.6557654380861789,13.818403305217812,0.0054,0.45,4
0.0099199618857225,0.0068748014720791,2.005490377946524,0.6630606838739891,13.841783811267122,0.0054,0.45,4
0.0099664410523342,0.0066627193483517,1.8361452516256345,0.6674070904431489,14.48840775987872,0.0054,0.45,4
0.009930627078202,0.0063906390896817,1.5930435920168493,0.6698007095852382,15.926397111301029,0.0054,0.45,4
0.0099200956452379,0.0065377141548004,1.7270258486785717,0.6766217848562486,15.21622398427807,0.0054,0.45,4
0.0098390153856921,0.0069954527446989,2.0857348738647548,0.6626574104115445,13.774249037502075,0.0054,0.45,4
0.0095240368771288,0.0074887825242711,2.31869935304779,0.6140138852156798,13.769292101767872,0.0054,0.45,4
0.0095499444123373,0.0073725735697929,2.267625347675952,0.6351148507440354,13.91921897614421,0.0054,0.45,4
0.0091967828064263,0.0079822627179468,2.414527700132408,0.5169432157960467,14.224171025091891,0.0054,0.45,4
0.0094041577203961,0.0075469284809122,2.31890149487516,0.6106552870750037,14.123290524352448,0.0054,0.45,4
0.0093336208973033,0.0077983381999417,2.396688393961537,0.5564285887620736,13.9362188217558,0.0054,0.45,4
0.009370218516877,0.0076709753610207,2.36077268963474,0.5848783621690242,14.005084858493532,0.0054,0.45,4
0.009207229615017,0.0078447732026571,2.3795482916350505,0.5522695544572122,14.412642749455088,0.0054,0.45,4
0.0090941136405805,0.0086293663131099,2.474720760616026,0.3313484120521842,13.997788691174287,0.0054,0.45,4
0.008969398865816,0.0087040456773622,2.4360836833918307,0.3149327618404638,14.42604672127729,0.0054,0.45,4
0.0090916431442504,0.0084871838024904,2.466167140876687,0.3761862781264293,14.096535083383843,0.0054,0.45,4
0.0090951832969548,0.0083526478983335,2.4539938394682923,0.4170242779897187,14.191999462154962,0.0054,0.45,4
0.008849055780459,0.0087757316498728,2.396589727094898,0.2990273373807213,14.807960812160683,0.0054,0.45,4
0.0091019722393252,0.0082260200614798,2.4380372097113434,0.4540378464274617,14.295202805625758,0.0054,0.45,4
0.0091333422194305,0.0081060850245892,2.425158837069352,0.4864409503324597,14.331096937219844,0.0054,0.45,4
0.0090648510135531,0.008016916921487,2.387038170572028,0.5144740059303948,14.673170578191648,0.0054,0.45,4
0.0087131222071704,0.0093062988863651,2.296507772284848,0.1328347921509541,15.261678162112071,0.0054,0.45,4
0.0087189298909356,0.0091560355828136,2.3223216049245146,0.1826686448752836,15.213809818902986,0.0054,0.45,4
0.0087234248849783,0.009004033846794,2.3416382664878554,0.2326628871137664,15.19584333354016,0.0054,0.45,4
0.0087293394730952,0.0088524365369242,2.3549184877913816,0.2816530771311629,15.212126046375383,0.0054,0.45,4
0.0082455823131713,0.0095710322575533,2.0851614611308444,0.0835075308837298,16.671864931085725,0.0054,0.45,4
0.0083849837617569,0.0095021482542353,2.1472402080014708,0.0937966628842867,16.306730381662103,0.0054,0.45,4
0.0085706769254124,0.009390693021623,2.2329141207354684,0.1154828571708094,15.70329147253608,0.0054,0.45,4
0.0084535716107639,0.0094099379836602,2.190020392553502,0.1184445839970023,16.051473289893483,0.0054,0.45,4
0.0081237073712127,0.0096290538219922,2.031219976524007,0.0760787949193155,16.98655867649514,0.0054,0.45,4
0.0081033575706305,0.0098678356696834,1.956984538903468,0.0018536794827684,17.164363719193116,0.0054,0.45,4
0.0081147760349916,0.0097464808357408,1.9964313860679888,0.039363956226282,17.06020772193784,0.0054,0.45,4
0.0072990238780801,0.0107059191017335,1.4225644521307457,-0.1484722944704232,19.08087467427946,0.0054,0.45,4
0.0073509338705672,0.010614556606829,1.4711422851609768,-0.1303985423684259,18.956657586341606,0.0054,0.45,4
0.0074357703393324,0.0105577783772173,1.516140570765925,-0.1257926745841685,18.79596862691722,0.0054,0.45,4
0.0077289146850119,0.0103010254446297,1.6956830180544185,-0.0889931552957386,18.19714506653716,0.0054,0.45,4
0.0076301757627206,0.0103851613965455,1.635943551792163,-0.1014563186018056,18.41276025982068,0.0054,0.45,4
0.0075305498628872,0.0104736256561344,1.5744638454155797,-0.1142726268281505,18.61759436339548,0.0054,0.45,4
0.0079902570032108,0.0099357575450777,1.9002673238916568,-0.0076363981815295,17.459872323304634,0.0054,0.45,4
0.0077034890932341,0.0101649702425659,1.736276402107923,-0.0453743520869026,18.13309582422882,0.0054,0.45,4
0.0078977106720616,0.01000451166898,1.8493936636608688,-0.0188847913921231,17.68137758010216,0.0054,0.45,4
0.0078010242597421,0.010083841187831,1.79342608054073,-0.0322937346552093,17.910826997668337,0.0054,0.45,4
0.0081284952025916,0.009512582232949,2.0615673700842394,0.1129593405984261,16.93749017038383,0.0054,0.45,4
0.0068662334242294,0.0109832659267955,1.205890616233608,-0.1629046320330256,19.597465787711787,0.0054,0.45,4
0.0067160211034314,0.0109460154881374,1.1804377212603414,-0.1328852814306697,19.62922264459048,0.0054,0.45,4
0.0069694104567533,0.0108790774787325,1.270378996837601,-0.1499936247317726,19.46700145175473,0.0054,0.45,4
0.0070676400410858,0.0107752793916663,1.334427716392165,-0.1359510262601353,19.325735197021885,0.0054,0.45,4
0.00716323347455,0.0106745891917397,1.3973710204631375,-0.1217506459357056,19.175088239256493,0.0054,0.45,4
0.0053535719881973,0.0119066198978964,0.5785499595216103,-0.2081997337405003,19.62590168232994,0.0054,0.45,4
0.0054600832789256,0.0118033449677824,0.6229083774810023,-0.1935728298527712,19.677855766607788,0.0054,0.45,4
0.0055662979004192,0.0116999782519243,0.670118523648036,-0.1791980116306937,19.72149933818313,0.0054,0.45,4
0.005672429170956,0.0115965041341735,0.7200347284557482,-0.1651005729650779,19.755774852080663,0.0054,0.45,4
0.0057786130994437,0.0114929992133426,0.7724633769401646,-0.1513078009889913,19.77984133154104,0.0054,0.45,4
0.005884730357414,0.0113895594527863,0.8271317414723033,-0.1378064079134308,19.7925133595469,0.0054,0.45,4
0.0061419253279527,0.0113238121106717,0.9105969581391936,-0.1528785098660906,19.86326810955799,0.0054,0.45,4
0.0065652959048103,0.0109084446106102,1.1541844459410135,-0.1025515717593213,19.650625185766724,0.0054,0.45,4
0.0064593253742853,0.0110123455979412,1.091096630728872,-0.1152854035569343,19.725036365778568,0.0054,0.45,4
0.0063534527909343,0.0111163208893565,1.0292949665507358,-0.1278920905475385,19.785107145825872,0.0054,0.45,4
0.0062476521093764,0.0112201376475151,0.9690612622632148,-0.1403945569752763,19.830991800249475,0.0054,0.45,4
0.005990635593711,0.0112861045563313,0.8838049633057644,-0.1245147554304518,19.79305143952053,0.0054,0.45,4
0.0047749233835911,0.0122830550876283,0.4021819833981686,-0.2505842258861995,19.09598848918564,0.0054,0.45,4
0.0048813893680224,0.0121792970157308,0.4333483434390488,-0.2342007812428446,19.18202454912856,0.0054,0.45,4
0.0049875432228021,0.0120751925348773,0.4681778255139164,-0.2176686008973969,19.266273656626502,0.0054,0.45,4
0.0050945122183298,0.0119713924558727,0.5067096889218462,-0.2013610580959764,19.349032274238137,0.0054,0.45,4
0.0052017907803947,0.0118679791589052,0.5485980986808848,-0.1853815022856002,19.4273999275462,0.0054,0.45,4
0.0044042352212927,0.0124545106683787,0.3166536560384567,-0.264988433808161,18.59389476455705,0.0054,0.45,4
0.0045122518022703,0.0123488402164788,0.3405295781232309,-0.248280898480993,18.696147259974776,0.0054,0.45,4
0.0046217963688036,0.012244121507185,0.368847833342719,-0.2313748024971078,18.80611889091682,0.0054,0.45,4
0.0032947075103353,0.0123350101486964,0.0727503298465541,-0.1363546094590096,15.593281195840875,0.0054,0.45,4
0.0031823169465435,0.0121600434254694,0.0466659606876959,-0.0907916764473764,14.902588096513872,0.0054,0.45,4
0.0032441774991225,0.0122348840055669,0.0592833375767903,-0.1116757187952959,15.272540067181774,0.0054,0.45,4
0.0042465503286662,0.0124150117799895,0.280572353152405,-0.2456620259031112,18.23902201190168,0.0054,0.45,4
0.0040907431533188,0.0123866326354822,0.2444078814913856,-0.2281519855028778,17.86405516557731,0.0054,0.45,4
0.003939282977682,0.0123701656836756,0.2094162486394599,-0.212669728643204,17.492410030931328,0.0054,0.45,4
0.0037964318064765,0.0123574315695344,0.1767914662997643,-0.1976722554058248,17.10976436702578,0.0054,0.45,4
0.0034103042006965,0.0123372566061615,0.0944721296354329,-0.1524307705116219,15.969659133533291,0.0054,0.45,4
0.0035336199627585,0.0123413215028804,0.1194034542171636,-0.1679507797478809,16.351221367473457,0.0054,0.45,4
0.0036618773306291,0.0123480917746065,0.1468425397258724,-0.1829280023261527,16.730928471208035,0.0054,0.45,4
0.0032042246196829,0.012063104113268,0.0486940555621392,-0.0774764718980894,14.8381824130171,0.0054,0.45,4
0.0030169599826906,0.011955470031405,0.0208592256010739,-0.0416267163955411,13.910446170994254,0.0054,0.45,4
0.0031227923432064,0.0120127442794982,0.0354446946702788,-0.0607541602591867,14.439942888007076,0.0054,0.45,4
0.0030230328758198,0.0118724974436152,0.0222443730266881,-0.0316755074078346,13.80378121837722,0.0054,0.45,4
0.0029260602229137,0.011829172655706,0.0116725216256127,-0.0194553352030602,13.285000986392529,0.0054,0.45,4
0.0028474416512175,0.0117895548708464,0.0053980155052763,-0.0108282998546685,12.829944931798233,0.0054,0.45,4
0.0027870611173542,0.011751930863516,0.0021591196639419,-0.0052271244363378,12.460871952970368,0.0054,0.45,4
0.0027517702923052,0.0117417325112665,0.0008382978223721,-0.003147666722523,12.228484190902549,0.0054,0.45,4
0.0027176555823248,0.0116763147450014,0.0003549316830201,-0.0004827873073906,11.91394638708162,0.0054,0.45,4
0.0099692099148851,0.0048753979298167,0.0688212323599413,0.0719643469327215,27.99719582747974,0.0054,0.45,4
0.0099804547593341,0.0048475133135291,0.0394921890489274,0.0422270320342759,28.157418844899503,0.0054,0.45,4
0.0099926677928803,0.0049491116636205,0.1106589601111985,0.108531050699724,26.971525413063205,0.0054,0.45,4
0.0100189716116145,0.0051636794524033,0.2904162016157121,0.2403472904512039,24.68639106416803,0.0054,0.45,4
0.010029136787376,0.0061813392447843,1.3778465244680582,0.6281986537751583,16.7249994964813,0.0054,0.45,4
0.0099300529307037,0.0062585437319535,1.4672270447423748,0.6592746366679298,16.663774993477304,0.0054,0.45,4
0.0100445581157741,0.0060465575343347,1.2342939699076771,0.6012632270756139,17.301521138895172,0.0054,0.45,4
0.0100184659286759,0.0059370906442856,1.1227251434514596,0.5829169807438591,18.200611377075013,0.0054,0.45,4
0.0100258427574956,0.0054328634998261,0.5686063362311587,0.392647893718524,22.05533147805468,0.0054,0.45,4
0.0100735937771783,0.0056075085587612,0.7402359139972741,0.4551010772688451,20.402116800121217,0.0054,0.45,4
0.0100576683695985,0.0058350843716855,1.0008938295646896,0.5438072319042419,18.78936904011868,0.0054,0.45,4
0.0100570017516633,0.0057126520415547,0.8649331584336623,0.5027157392546804,19.66723161817889,0.0054,0.45,4
0.0099983440942031,0.005548399144223,0.707206449734885,0.457834733952132,21.17335637186986,0.0054,0.45,4
0.0099539409337855,0.0058786184115033,1.0770952595285104,0.5853332884363417,18.96698353739481,0.0054,0.45,4
0.0099886296261022,0.0052643039675746,0.410637347740209,0.3185680727115723,23.73868796457588,0.0054,0.45,4
0.0099531640407911,0.0053763890783222,0.5452787157912412,0.3955509019099518,22.76207117044017,0.0054,0.45,4
0.0099802387944566,0.0050191287562673,0.1800948397249115,0.1670037881387979,26.27175655498385,0.0054,0.45,4
0.0099558063193235,0.0051041502882769,0.2737601659354816,0.2388227919491632,25.3942230385386,0.0054,0.45,4
0.0096960719434287,0.0071869210706934,2.190298587240428,0.6535562500713102,13.80477770787438,0.0054,0.45,4
0.0097255565647282,0.0070798926665411,2.127940824262517,0.6658891296740651,14.03964229242602,0.0054,0.45,4
0.0095808590992541,0.0072479131564126,2.2068995676191867,0.6550086560968892,14.153859046713068,0.0054,0.45,4
0.0098651365346899,0.0067617789309676,1.9134438377423528,0.6794591500773429,14.536585910818554,0.0054,0.45,4
0.0097783733786131,0.0068635616544704,1.98467496651678,0.6840065330143587,14.51676091976022,0.0054,0.45,4
0.0098323844089808,0.006234535595234,1.4543616746740404,0.6753083506233193,17.19616291600044,0.0054,0.45,4
0.0098385111884675,0.0063299022582429,1.5425325463444075,0.6824909828764288,16.678922452390356,0.0054,0.45,4
0.0098318071564388,0.0066417831944048,1.815032201308636,0.6895716448236735,15.132144693161443,0.0054,0.45,4
0.0098266506703681,0.0064408677239624,1.643006652016602,0.690016386539272,16.064015845888022,0.0054,0.45,4
0.0097966854817938,0.0065413038933288,1.730397538280693,0.6959428552187853,15.74072844030439,0.0054,0.45,4
0.0096845658218454,0.0069687086679211,2.049449431317244,0.6846174781326785,14.574668918691597,0.0054,0.45,4
0.0096428373402444,0.0068500592509662,1.9631235975755943,0.7012335360531249,15.097820637938744,0.0054,0.45,4
0.009478673424188,0.0072988702951613,2.2163264380518832,0.6546338548079226,14.420923102617952,0.0054,0.45,4
0.009419996833452,0.0074092976854482,2.260412805164109,0.6382742487384131,14.39038511651924,0.0054,0.45,4
0.0093208227561258,0.0074823492700914,2.2732163193449377,0.6297634547806209,14.647881376427213,0.0054,0.45,4
0.0090740546533751,0.0078988381685849,2.360491089229168,0.545205152199408,14.796458343565506,0.0054,0.45,4
0.0092839875438664,0.0075907184834258,2.310107927606605,0.6085799716323906,14.561077612064636,0.0054,0.45,4
0.0092379798359564,0.0077163867291023,2.345735496907792,0.5822074488170289,14.508114515373617,0.0054,0.45,4
0.0091000818995609,0.0077695250018304,2.330038476117814,0.5763582859407695,14.927503196831989,0.0054,0.45,4
0.008960772485092,0.008558568814638,2.429846879545856,0.3615120518143345,14.545310768367164,0.0054,0.45,4
0.0088423165432097,0.0086328421311621,2.395132200208994,0.344837073044247,14.87520716319347,0.0054,0.45,4
0.008955109621281,0.0084169250143653,2.4185021674154545,0.4053168946515034,14.651668244838143,0.0054,0.45,4
0.0089679289384581,0.0082809438536744,2.407245960904609,0.4450737964053782,14.72865669958918,0.0054,0.45,4
0.0087332541562829,0.0087133970906987,2.3608668531608195,0.3257231170036334,15.250754145164397,0.0054,0.45,4
0.0089862242575433,0.0081313146772148,2.388989431033828,0.4869339193015837,14.813641803313631,0.0054,0.45,4
0.0089358425287594,0.0079669504542957,2.341711737564204,0.5335612344300454,15.21944466212727,0.0054,0.45,4
0.0085884341301161,0.0092332343254124,2.267453277870457,0.1664418830038552,15.623231542703577,0.0054,0.45,4
0.008595241309693,0.0090816010957651,2.291152449299275,0.2158664768466711,15.59171845178922,0.0054,0.45,4
0.0086009097426009,0.0087747007922536,2.31771460431622,0.3141240566288972,15.621868538899225,0.0054,0.45,4
0.0086007952593902,0.0089284215285303,2.3084498742324944,0.2651976779567092,15.585930259863728,0.0054,0.45,4
0.0082413266494015,0.0094469592139358,2.1127699777172886,0.1241014618641046,16.632307895351616,0.0054,0.45,4
0.0083511062061633,0.0093720072792668,2.16424153845481,0.1392058393096562,16.363385187359537,0.0054,0.45,4
0.008462650031035,0.0093019409449013,2.2140673951129046,0.1532749867753876,16.019978107673754,0.0054,0.45,4
0.0080436462200062,0.0095738530781832,2.0196430876829043,0.1012872332952652,17.172123967975313,0.0054,0.45,4
0.0080121202209589,0.0096701792421408,1.9847958534002208,0.07376944556763,17.279406901289715,0.0054,0.45,4
0.0079948662288554,0.0097983209270129,1.943477689301524,0.0350713713755961,17.3661938452162,0.0054,0.45,4
0.0072522576557617,0.0105840321087958,1.4552477359792275,-0.1088252785523349,19.04166714162144,0.0054,0.45,4
0.0073353027995198,0.0105242434668722,1.5003710828902537,-0.1031671724342122,18.89961887014419,0.0054,0.45,4
0.0073933817061679,0.010422504025127,1.55410985223047,-0.0819827931955382,18.75679202014712,0.0054,0.45,4
0.0076020396933615,0.0102445694449983,1.678347375448248,-0.0567439278278064,18.350099198521534,0.0054,0.45,4
0.0075047441359107,0.0103281067854925,1.62021288565317,-0.0690897445673571,18.541608833044464,0.0054,0.45,4
0.0078793759363355,0.0098650960971999,1.8875379945920523,0.0263529821870704,17.63837121373825,0.0054,0.45,4
0.0075823783467151,0.0101088484258065,1.7190621576424776,-0.0140494766208331,18.2913995992722,0.0054,0.45,4
0.0076794055366593,0.010029378587303,1.7744950549719265,-0.0016404013806463,18.08832646608401,0.0054,0.45,4
0.0077756233066273,0.0099453284408012,1.8307243455842352,0.0129659179291451,17.866896612762506,0.0054,0.45,4
0.0080169600026434,0.0094865418526077,2.032180805220972,0.1313903408016438,17.204079060369732,0.0054,0.45,4
0.0081141748842738,0.0094058825769629,2.08088216331901,0.1482672803322831,16.94188668184114,0.0054,0.45,4
0.0068211147335312,0.0108422826417277,1.2447218256342272,-0.1200918069041517,19.519318753265264,0.0054,0.45,4
0.0066710955761902,0.0108047697908298,1.2182193374058914,-0.0896047928435447,19.561621069440616,0.0054,0.45,4
0.0069239804203775,0.0107387066283677,1.309297427638663,-0.1065864102351714,19.3957335241802,0.0054,0.45,4
0.0070247069552634,0.0106368177950931,1.3733877694967267,-0.0927130029999099,19.25977530187893,0.0054,0.45,4
0.0071279434389373,0.0105368070178702,1.4379551568835611,-0.0791136542409282,19.110500658306368,0.0054,0.45,4
0.0053086701639121,0.0117648306340352,0.5934564518087037,-0.1697205490303813,19.498397158971127,0.0054,0.45,4
0.0054150662609875,0.0116618265756078,0.6410543683889136,-0.154383674111896,19.56109670520202,0.0054,0.45,4
0.0055210232978575,0.0115584782986882,0.6912904372461907,-0.1392719335577986,19.614424014505293,0.0054,0.45,4
0.0056272753419664,0.0114549571257212,0.7441023915200065,-0.1245133916639142,19.658248050353283,0.0054,0.45,4
0.0057336615149091,0.011351525296462,0.7991564318281927,-0.1101541094896047,19.691254729118768,0.0054,0.45,4
0.0058396115444289,0.0112482336396876,0.8560543019963357,-0.0961103726417754,19.71163158750727,0.0054,0.45,4
0.006096127226151,0.0111825432038059,0.9422416273667296,-0.1113255626691292,19.780404529021386,0.0054,0.45,4
0.0065204473678318,0.010766859813405,1.191144758197851,-0.0588319491804559,19.59302284933059,0.0054,0.45,4
0.0064136722029362,0.0108705210874597,1.127140464845031,-0.0719085303922708,19.66120859544701,0.0054,0.45,4
0.0063072479951754,0.0109745844279305,1.0640707428338008,-0.0850057653845693,19.71498249700912,0.0054,0.45,4
0.0062017353753515,0.0110789157072232,1.0023496703947918,-0.0982463855370264,19.7547069114466,0.0054,0.45,4
0.0059448693497911,0.0111447343948158,0.91460031650839,-0.0822027947712603,19.719080449302748,0.0054,0.45,4
0.0047285242933285,0.0121401139123432,0.4004195721966535,-0.2141242727218799,18.9088203767426,0.0054,0.45,4
0.0048341699279338,0.012036264541857,0.4354749097518622,-0.1966748506927977,19.00968468991544,0.0054,0.45,4
0.0049410909898173,0.0119325530107526,0.4744086235094542,-0.1793519674075415,19.1113267768072,0.0054,0.45,4
0.0050493655504284,0.0118290688207533,0.517028439542457,-0.1623690031326717,19.21144405370136,0.0054,0.45,4
0.0051572272117295,0.0117257803544017,0.5626563596935713,-0.145692227749094,19.303877511370533,0.0054,0.45,4
0.0043511067093894,0.0123101467269873,0.303792443626374,-0.2286966579847835,18.341676328154847,0.0054,0.45,4
0.0044692023802662,0.0122055636198822,0.3343031924540893,-0.2118936457175808,18.498386423301778,0.0054,0.45,4
0.0045766047436166,0.0121004592376072,0.3663874726838255,-0.1937407840045339,18.61836947336406,0.0054,0.45,4
0.0033568677761669,0.0122295194981547,0.0794786266601215,-0.1251306225332198,15.62500454548657,0.0054,0.45,4
0.0032949011194306,0.0121202657499485,0.0651593637488232,-0.0976487415205002,15.282307969482762,0.0054,0.45,4
0.0041886473105785,0.0122511191651566,0.2657559120953801,-0.2035998588332898,17.952955080927165,0.0054,0.45,4
0.0040255311129102,0.012251823576071,0.227042411350209,-0.1919187000708334,17.576393845794627,0.0054,0.45,4
0.0038779029867795,0.0122420010853973,0.1922295398117681,-0.178258897455605,17.18703610169449,0.0054,0.45,4
0.0037389243666603,0.0122351631296776,0.1601370200936201,-0.1651215058705224,16.804277455602058,0.0054,0.45,4
0.003478747254337,0.0122302329207936,0.1035677279485193,-0.1390842874166846,16.026044480017408,0.0054,0.45,4
0.0036059813755245,0.0122316492105695,0.1305085137101958,-0.1522282171784886,16.418263861493116,0.0054,0.45,4
0.0032734336155451,0.0120167959269066,0.0607726075224555,-0.0764386826497762,15.058471950959628,0.0054,0.45,4
0.0032121155134946,0.0119674444235526,0.0500854051363618,-0.062063254656296,14.711931593563603,0.0054,0.45,4
0.003125423422989,0.0119193804257334,0.0363266200363172,-0.0468017352054981,14.328708941679594,0.0054,0.45,4
0.0031250790590171,0.011826985736122,0.0381388585028065,-0.0320514600263293,14.214157695051652,0.0054,0.45,4
0.0030184752319746,0.011783161857347,0.0234555406046672,-0.0195446196192438,13.671517565128442,0.0054,0.45,4
0.0029208181601649,0.0117427190797844,0.0126706769730567,-0.0102851312693901,13.135696245457472,0.0054,0.45,4
0.0028404847936484,0.0117055097574548,0.0061197735804916,-0.0042870010855986,12.667076928359831,0.0054,0.45,4
0.0027781908956628,0.0116690870076436,0.0026495266216178,-0.0008403472729718,12.29192211075167,0.0054,0.45,4
0.0027432077058167,0.0116603553822579,0.0011788221865758,-0.0002318563676031,12.0485121033806,0.0054,0.45,4
0.002706956672384,0.0115959072349086,0.0006267584140045,0.0012916961964058,11.742256764888898,0.0054,0.45,4
0.009913760334855,0.0048135221996824,0.0637158050861198,0.0705787528003258,28.663683826813777,0.0054,0.45,4
0.0099266029861395,0.0047868473960917,0.0365065792107534,0.0413698588832739,28.81724265570192,0.0054,0.45,4
0.00993580836153,0.0048887960829673,0.1030879086554167,0.1068711748207327,27.64279897997946,0.0054,0.45,4
0.0099213042850158,0.0049584695015562,0.1684775699501115,0.1648904052016978,26.95447152029832,0.0054,0.45,4
0.0098616987218141,0.0047517222300326,0.058742789886702,0.0688519334602538,29.26115015048543,0.0054,0.45,4
0.0098745758534004,0.0047246103833656,0.0335714386357016,0.0403380726294907,29.436224786167067,0.0054,0.45,4
0.0099224252849702,0.0052038989242633,0.388625634266855,0.3172558255445331,24.43646909979515,0.0054,0.45,4
0.0099024743505157,0.0061268883672482,1.3417905680662432,0.64834400645692,17.554295570114245,0.0054,0.45,4
0.0099327393373988,0.0059894570577504,1.1975652976665396,0.6165876162248108,18.13617119548776,0.0054,0.45,4
0.0099240722376037,0.0054856089742219,0.6725793399957115,0.4583730321764791,21.901627866103908,0.0054,0.45,4
0.0099806494255989,0.0056547545154342,0.8295758070790579,0.5069280074543873,20.36728703499507,0.0054,0.45,4
0.0099658895086993,0.0057666254606622,0.954826037950138,0.5497291429538801,19.60026598615195,0.0054,0.45,4
0.0099075650614843,0.0055879414211273,0.78617059678386,0.5059333668997895,21.180683252503925,0.0054,0.45,4
0.0098736933895884,0.0059201335748408,1.139495127039993,0.6157146427789011,18.87150649737798,0.0054,0.45,4
0.0098751864821268,0.0058233230043199,1.040481979641054,0.5915759745588164,19.498604554373923,0.0054,0.45,4
0.0098845736322115,0.0053157894625623,0.5183070479976699,0.394791708331203,23.446876413457343,0.0054,0.45,4
0.0098508351654098,0.0054231057961754,0.640780600869567,0.4584463687063052,22.57671614906664,0.0054,0.45,4
0.0098943979893352,0.0050427384942888,0.2571220724863397,0.2362716936473902,26.0744328128313,0.0054,0.45,4
0.0098581764320604,0.0051413475650527,0.366316538152272,0.3143819084197696,25.115147839104853,0.0054,0.45,4
0.0095900675808025,0.0070895661061362,2.1155502234213697,0.6789914933557261,14.591239067506304,0.0054,0.45,4
0.0094641618973648,0.0071913110622228,2.1558578292295105,0.6742274163901653,14.800657076898917,0.0054,0.45,4
0.0097181932877757,0.0067305477596541,1.8807665997483567,0.7014669531796027,15.276015206834556,0.0054,0.45,4
0.0097658024709397,0.0061548057731221,1.3871284422977472,0.6784407251665491,17.87991927251841,0.0054,0.45,4
0.0097380258620862,0.0062785608414234,1.5033218184899908,0.6951938948284849,17.267687379745286,0.0054,0.45,4
0.0097590400664139,0.006378008956831,1.5902592333337788,0.6978206698419019,16.76219860406089,0.0054,0.45,4
0.0097132311502273,0.0066000130034108,1.7780121385933718,0.707026639373363,15.869424675283344,0.0054,0.45,4
0.009718936436481,0.0064779959470633,1.6774713478150287,0.7067804633485487,16.460107206841432,0.0054,0.45,4
0.0095337997188359,0.0069414280608952,2.0143579832537486,0.7027846541049129,15.223834559366624,0.0054,0.45,4
0.0095949643566271,0.0067538195562844,1.8902270940110484,0.7134646737590902,15.748280193057642,0.0054,0.45,4
0.0095355252328381,0.0068220940963005,1.9340739661743929,0.7140553318998067,15.664686511766812,0.0054,0.45,4
0.0093764572801173,0.0072851523592746,2.191046879659904,0.6645133449054774,14.920081980434375,0.0054,0.45,4
0.0092894523247297,0.0073798768006912,2.221007571630093,0.6522670775614269,14.993496180305783,0.0054,0.45,4
0.0092113880990349,0.0074831317251525,2.250930915519096,0.6357110509923337,15.060846600713631,0.0054,0.45,4
0.0089621531930713,0.0078211197715932,2.311454990080428,0.5694021666482073,15.314942027005328,0.0054,0.45,4
0.0091251422436322,0.0076123168078883,2.2829742190045152,0.6119775213069959,15.115920009183922,0.0054,0.45,4
0.0089801436024624,0.0076940358519171,2.2778163173755286,0.5989969033082209,15.472618838552988,0.0054,0.45,4
0.008807955849035,0.0084929420922172,2.379477724267359,0.3899897844625611,15.094710886003442,0.0054,0.45,4
0.0087389820651748,0.0086009057074049,2.3622791555942726,0.3605041230131003,15.285074998568382,0.0054,0.45,4
0.0088252791722989,0.0083478914634273,2.3733369578598675,0.4324319212833559,15.146632887480369,0.0054,0.45,4
0.0088438050432987,0.0082108640073156,2.361869119183815,0.4710275170241259,15.221259662933967,0.0054,0.45,4
0.0086389325477816,0.0086438067905085,2.3320155955575896,0.3527528666121357,15.57199318689432,0.0054,0.45,4
0.0085367161140206,0.0086776189359699,2.3002351732068584,0.3477633619832703,15.90660065072758,0.0054,0.45,4
0.0088404642607369,0.0080735190923726,2.338271141608843,0.5091002904836389,15.374392985552412,0.0054,0.45,4
0.0087996952420889,0.0079697643572501,2.306851290998235,0.5377488355196491,15.645261689179492,0.0054,0.45,4
0.0088310127957537,0.0078604684690019,2.289425726176958,0.5642686987271568,15.746293793419612,0.0054,0.45,4
0.008466793512275,0.0091600101567052,2.238727718010145,0.199380729994455,15.97811108173441,0.0054,0.45,4
0.008482449859522,0.0087500940298567,2.2816215078048114,0.3285186514157743,15.98988379223233,0.0054,0.45,4
0.0084730701804615,0.0090078711343355,2.259997761398239,0.2480878135717195,15.96866728888287,0.0054,0.45,4
0.0084851185381913,0.0088580011885958,2.276793739976185,0.2948339874830166,15.971395135083492,0.0054,0.45,4
0.0082205995705578,0.0093280542821075,2.130640318311879,0.1641066633066484,16.6585155125592,0.0054,0.45,4
0.0083430049743094,0.0092428101892847,2.185485004067114,0.1818116627894304,16.36899893675351,0.0054,0.45,4
0.0080918149160775,0.00929597294498,2.0958280409781334,0.1849121335646113,16.984422581511,0.0054,0.45,4
0.0079369483026238,0.0095709082412256,1.9867857767699224,0.1124043979389928,17.400633908987654,0.0054,0.45,4
0.0078693106070028,0.0097045761722315,1.9307290475895875,0.0773881747243786,17.58951639338493,0.0054,0.45,4
0.0072441704257623,0.0104423462163855,1.5045516430741372,-0.0681107849630984,18.941601548631187,0.0054,0.45,4
0.0073050458759203,0.0103294819316609,1.561976490004241,-0.0438495508509428,18.812298655429025,0.0054,0.45,4
0.0073947734473258,0.0102920984572763,1.6009801212492685,-0.0445813139559196,18.65588421163067,0.0054,0.45,4
0.007463589781052,0.0101844066799085,1.6583682210265478,-0.0218553631399863,18.51275376176967,0.0054,0.45,4
0.0074839822283957,0.0100526531435091,1.7082734537698574,0.0146015458934229,18.40921403339531,0.0054,0.45,4
0.0077495357996006,0.0098026368387267,1.8658633789096035,0.0596739825705714,17.851059199899158,0.0054,0.45,4
0.0075613771042574,0.0099810085726367,1.754429961446806,0.0267690311787562,18.25716550452533,0.0054,0.45,4
0.0076529466861569,0.0098936822780952,1.809233729109268,0.0425731717262935,18.064715349109523,0.0054,0.45,4
0.0078930914815879,0.0094732943250244,1.996556437748289,0.1469693383903858,17.44563800672661,0.0054,0.45,4
0.0079846659906384,0.0093857494888986,2.04434674266885,0.1659114208346336,17.260277314572445,0.0054,0.45,4
0.0067765286589418,0.0107013534764007,1.2829181445812532,-0.0763364243216452,19.458188000433463,0.0054,0.45,4
0.0066267827419076,0.0106635575238166,1.2556651082184322,-0.0455652447075712,19.510220336109,0.0054,0.45,4
0.006879654817488,0.0105988850599195,1.3472835490816066,-0.0625829425841899,19.34202210200578,0.0054,0.45,4
0.0069832727937023,0.010497486669944,1.4118088840750882,-0.0486870062091461,19.21333293148658,0.0054,0.45,4
0.0070885474338684,0.0103974339186887,1.4765373096009555,-0.034807561399911,19.066424158551424,0.0054,0.45,4
0.0052639902096112,0.0116231154635955,0.6107815041345838,-0.1294323176165422,19.38673610070857,0.0054,0.45,4
0.0053694482417713,0.0115199363822245,0.6613350576135936,-0.1133049137826427,19.45884301218587,0.0054,0.45,4
0.0054753645308797,0.0114168601002325,0.7144121319135479,-0.0976628826867566,19.522942029977745,0.0054,0.45,4
0.0064767554706494,0.0106252641672039,1.2282044451619096,-0.0145896824769426,19.551197040485032,0.0054,0.45,4
0.005582578029933,0.0113132802667551,0.7701515402206517,-0.082467270420508,19.57679736478796,0.0054,0.45,4
0.0056892394588976,0.0112094913429383,0.8277576223717446,-0.0675772246630573,19.61881942210493,0.0054,0.45,4
0.00579390482116,0.0111058438568519,0.8865100612238893,-0.0528547155915062,19.64564870055638,0.0054,0.45,4
0.0060497147607243,0.0110414310345175,0.9745198707126632,-0.0685088553903664,19.713377810010552,0.0054,0.45,4
0.0063687001846486,0.0107284989314992,1.1634923559728032,-0.0277528922884129,19.61343480907376,0.0054,0.45,4
0.0062605296660128,0.0108321843344694,1.09925717028542,-0.0409153386247932,19.660713348370024,0.0054,0.45,4
0.0061544705673229,0.0109369134108716,1.036124570361327,-0.0546239163753722,19.69374905889259,0.0054,0.45,4
0.0058973676213324,0.0110011638094946,0.9467470912714336,-0.0380093038995941,19.66004387444224,0.0054,0.45,4
0.0046809069721327,0.011996611245052,0.4014834270125577,-0.1753605501909166,18.733814903872887,0.0054,0.45,4
0.0047853270160445,0.0118934338474241,0.4401483561649777,-0.1570456779757549,18.848588736584272,0.0054,0.45,4
0.004895383280089,0.0117901384349434,0.4836974750174906,-0.1392188511449746,18.97489821128364,0.0054,0.45,4
0.0050060376208666,0.0116864458771362,0.5306657900897412,-0.1216396855933564,19.092646510884983,0.0054,0.45,4
0.0051135089526602,0.0115832421718261,0.579660754547784,-0.1042800277648339,19.19724592842726,0.0054,0.45,4
0.0043231464079638,0.0121673325346253,0.3003213280452708,-0.1925785943495579,18.18386372710631,0.0054,0.45,4
0.00443029470362,0.0120624819467872,0.3325397068449838,-0.173995182915346,18.31560266994947,0.0054,0.45,4
0.004528903840208,0.0119538631972352,0.3669270820939529,-0.153276090129426,18.43990778231369,0.0054,0.45,4
0.0042118706193754,0.0121078855452459,0.2752357483928148,-0.1701792038836848,17.881896490755445,0.0054,0.45,4
0.0034201331247935,0.0121225801183876,0.0894291926518646,-0.1111336339119032,15.693415848865657,0.0054,0.45,4
0.00336200672443,0.0120235871689207,0.077568950826637,-0.0858767118949557,15.388057277915602,0.0054,0.45,4
0.0040861248248595,0.0121279981750598,0.2432338081031309,-0.1664223735510586,17.599162616417612,0.0054,0.45,4
0.0039531831338465,0.0121216937362853,0.2107193696861161,-0.1553074114310043,17.2586246912349,0.0054,0.45,4
0.0038151023346429,0.0121161931959696,0.1774813711547808,-0.1436786256608877,16.889065732926586,0.0054,0.45,4
0.0036781356934372,0.0121164399744809,0.1454068852536101,-0.1328859611102009,16.502169307723804,0.0054,0.45,4
0.0035462540116201,0.0121193560569682,0.1158945713031531,-0.1222717114570238,16.102726865930666,0.0054,0.45,4
0.0033050257726855,0.0119327393951394,0.0676779315795661,-0.0633216639783525,15.072490817666475,0.0054,0.45,4
0.0032302069597294,0.0118699943672215,0.0550860283615543,-0.0461478786101979,14.699102173076597,0.0054,0.45,4
0.0032203357650436,0.0117758115541404,0.0568145023926932,-0.0279773027857082,14.570735926874743,0.0054,0.45,4
0.0031114241675824,0.0117294858233215,0.0394926795215286,-0.0153658250234165,14.051513777386091,0.0054,0.45,4
0.0030093349332778,0.0116897027816202,0.0253637847479652,-0.0062935986757189,13.532829533829188,0.0054,0.45,4
0.0029125394612706,0.0116558729057285,0.0142668268255273,-0.0006296954081625,12.99161599124905,0.0054,0.45,4
0.0028307449710019,0.0116213815219393,0.0072592066367708,0.0025703173643865,12.516549059614643,0.0054,0.45,4
0.0027672467617471,0.0115869309694672,0.0034340009388075,0.0036841905234604,12.135448251869034,0.0054,0.45,4
0.0027318431462314,0.011577946277254,0.0017113713204609,0.0028636669226733,11.878870111896935,0.0054,0.45,4
0.0026938527837813,0.0115158553382164,0.001016984030395,0.0031227995574133,11.584325283105915,0.0054,0.45,4
0.0098116838360834,0.0046887587401955,0.0539284586990946,0.0668740146837399,29.818808488254543,0.0054,0.45,4
0.009824417476696,0.0046608588007447,0.0307112757179937,0.0391375185561586,30.01754864599126,0.0054,0.45,4
0.0098800182434058,0.0048266157032422,0.0959636050516575,0.1051595070192194,28.288206899970955,0.0054,0.45,4
0.0098642084468696,0.0048960010667247,0.1568887310127349,0.1619795597136428,27.59872129905043,0.0054,0.45,4
0.0098348091764776,0.0049794334770624,0.2405126421580349,0.2326400385540163,26.72833106311964,0.0054,0.45,4
0.00982612011629,0.0047628055039558,0.0888784906245729,0.1029786375933485,28.89768810997052,0.0054,0.45,4
0.0098170980881279,0.0052522626249888,0.4907100121203077,0.3921983835121606,24.125432746141826,0.0054,0.45,4
0.0098072300200928,0.0060192362253282,1.2514704544485833,0.6506912241805543,18.46169001674808,0.0054,0.45,4
0.009674262746652,0.0060831984250924,1.332546283696704,0.6849469231789808,18.623689026897537,0.0054,0.45,4
0.0098282923443772,0.0055184786641055,0.7455241232499558,0.5055713322032432,21.83848460512758,0.0054,0.45,4
0.0098665968182976,0.0057029996369684,0.9196413710703616,0.5587888415498828,20.36022563329487,0.0054,0.45,4
0.0098131903288963,0.0056109451259678,0.8436719980927828,0.5437543144710897,21.18227812022004,0.0054,0.45,4
0.0097891115045845,0.0058980044444272,1.136208897536482,0.6304486335648062,19.37763831176189,0.0054,0.45,4
0.0097922386631133,0.0057861514985898,1.0250435591835043,0.6024255697520807,20.09440069944392,0.0054,0.45,4
0.0097797437809533,0.0053606639874361,0.6108420078867277,0.4573818035624917,23.24623245473623,0.0054,0.45,4
0.0097550826112697,0.0054600103185173,0.7163993069738678,0.5066460349429968,22.51539271650843,0.0054,0.45,4
0.0097951507795851,0.0050780371138423,0.3454541783998994,0.3111422450411163,25.749260725154176,0.0054,0.45,4
0.0097524380018141,0.005183467560762,0.4597803805915425,0.3859451544439189,24.800522429837,0.0054,0.45,4
0.0094461046883141,0.0070605670213102,2.077922970608317,0.6949738436709572,15.229242793981982,0.0054,0.45,4
0.0093490930344405,0.0071683458645022,2.125039706847265,0.6857508767543029,15.312441534277392,0.0054,0.45,4
0.0094048173429718,0.0069540764740434,2.0076338092391945,0.7112365765144545,15.731705857398255,0.0054,0.45,4
0.0096010029894238,0.0066428189089112,1.808095539588326,0.7189811243396288,16.139397731223067,0.0054,0.45,4
0.0096426137928144,0.006225149886077,1.4635299892868388,0.7053344355170611,17.926590768471854,0.0054,0.45,4
0.0096398802803432,0.0063688384938672,1.5876911321821563,0.7146498915073447,17.244663641747938,0.0054,0.45,4
0.0096060585675233,0.0065117578141534,1.7058765221537229,0.721257407318085,16.686532842215396,0.0054,0.45,4
0.0094326247974029,0.0068479151013245,1.942551057945025,0.7205153435675316,16.01476789143162,0.0054,0.45,4
0.0094813192501093,0.006718176882793,1.857646506913278,0.7266680920995451,16.36087301800654,0.0054,0.45,4
0.0092597846454772,0.0072635545105574,2.15974372210447,0.6751006432515902,15.416320544280774,0.0054,0.45,4
0.0092450582594999,0.0071621298229047,2.1054499558024573,0.6922893711977572,15.729693854467277,0.0054,0.45,4
0.0091680220526954,0.0073612249613983,2.189433471053,0.6617219125399963,15.495243638683112,0.0054,0.45,4
0.009080901671667,0.0074723040298642,2.2197537823596005,0.6434532233379552,15.546765771342534,0.0054,0.45,4
0.0088498734364303,0.0077373075789517,2.260758352185574,0.5930470627038572,15.86954343283948,0.0054,0.45,4
0.0089810450693525,0.0075598392329198,2.2324083446802097,0.6287600009265132,15.734554145478077,0.0054,0.45,4
0.0088845702927832,0.0076280071927017,2.2349350798229723,0.6165994643013153,15.972345542743028,0.0054,0.45,4
0.0086951900174599,0.0084050405241214,2.3400379307949493,0.4216931907981505,15.544759509865054,0.0054,0.45,4
0.0086702524114695,0.0085222881387315,2.339132848759612,0.3879930626103521,15.532706001680362,0.0054,0.45,4
0.0087160755443909,0.0082792371601048,2.334450587841793,0.4571140478634038,15.594799304071811,0.0054,0.45,4
0.0087227562039607,0.0081517977166956,2.3195481753997025,0.492304826288494,15.710379330780922,0.0054,0.45,4
0.008531507861523,0.0085751601648669,2.298790702696591,0.3790538106445068,15.940702992653335,0.0054,0.45,4
0.0084184729142207,0.0086517891951044,2.26505128255811,0.361915875667926,16.270928044464295,0.0054,0.45,4
0.0087133254354764,0.0080372479930404,2.297953384414894,0.5230954780659869,15.860566323348928,0.0054,0.45,4
0.0087026124660022,0.0079111977236616,2.2699442975406403,0.5552496148195109,16.079926856228493,0.0054,0.45,4
0.0086999139240398,0.0077823436125602,2.2386525869248204,0.5861686227566317,16.26087403593908,0.0054,0.45,4
0.0083398152764382,0.0090900497830856,2.2075515846668874,0.231033329630509,16.35231950097619,0.0054,0.45,4
0.0083710319885764,0.0087883600373603,2.2458205866964907,0.3232647557222679,16.333805275577234,0.0054,0.45,4
0.0083525813681893,0.0089327075767981,2.2293799568397747,0.2798039701816067,16.347512975554476,0.0054,0.45,4
0.0081892225499628,0.0091852153449444,2.145991615586318,0.2120703367617205,16.72870317343651,0.0054,0.45,4
0.0082710566446922,0.0087089146676608,2.21952852584924,0.3527381304735075,16.614927551635223,0.0054,0.45,4
0.0080518274033979,0.009192691792814,2.1017390527996707,0.2202829339791212,17.05288370243247,0.0054,0.45,4
0.0079588870725464,0.0092641599368582,2.060537321124374,0.2057266600003813,17.28090933803801,0.0054,0.45,4
0.0078044587157583,0.0095659253841552,1.946857871277974,0.1268529598852093,17.67570820668199,0.0054,0.45,4
0.0077872475083106,0.0094617625174249,1.9666422064819788,0.1604239838496268,17.691626993734296,0.0054,0.45,4
0.007720248913573,0.0096613864232119,1.896396710598233,0.1061064146199074,17.844911563379046,0.0054,0.45,4
0.0071896898517053,0.0102959182434636,1.5406506863473544,-0.0193460366291969,18.918059371659705,0.0054,0.45,4
0.007307119710874,0.0101961647113585,1.608660825627373,-0.0056505537782602,18.72004723632136,0.0054,0.45,4
0.0073700807377115,0.0100684936469789,1.6695198725277325,0.0237867738502498,18.587749240267755,0.0054,0.45,4
0.0074386312647759,0.0099503422671198,1.7274445332886934,0.0503879085728804,18.42406928142138,0.0054,0.45,4
0.0076236450146084,0.0097575916950505,1.8404365653159065,0.0871001562751212,18.06322000127341,0.0054,0.45,4
0.007531251628804,0.0098525158771214,1.7849322443121596,0.0687929518990475,18.247536748883395,0.0054,0.45,4
0.0078340529732629,0.0093545635269946,2.0045271687998176,0.1888564303656309,17.57361321688057,0.0054,0.45,4
0.006732501514569,0.0105606437614074,1.3204222976963296,-0.032000772021583,19.413424202403714,0.0054,0.45,4
0.006583290554876,0.0105224365459469,1.2928073431320315,-0.0011213305850755,19.474693150296904,0.0054,0.45,4
0.0068364092112169,0.0104584466178085,1.3847536604895112,-0.0179799398585498,19.303790539205043,0.0054,0.45,4
0.0069413787142273,0.0103566396492288,1.4493613114503427,-0.003721386769324,19.179594935775672,0.0054,0.45,4
0.0070444202705177,0.0102554563735665,1.5131296277073296,0.0111856111511748,19.04301532455808,0.0054,0.45,4
0.0052178732304217,0.0114796475958103,0.6306060446340441,-0.0869343008224215,19.28830630018935,0.0054,0.45,4
0.0053230969072281,0.0113765079670201,0.6841065181339373,-0.0702525092027987,19.369523624648465,0.0054,0.45,4
0.0054295036247318,0.0112752584680386,0.7395694120011168,-0.0546942234127494,19.448449863621857,0.0054,0.45,4
0.0063271735675328,0.0105863186688036,1.2008915986846809,0.0164803457114493,19.580947646580725,0.0054,0.45,4
0.0064341461862083,0.0104839182688451,1.2652509199037167,0.0298058537716706,19.52476927181589,0.0054,0.45,4
0.0055404481701224,0.0111713050020075,0.7988646002723438,-0.0394576465088351,19.515003279468377,0.0054,0.45,4
0.0056452372947181,0.0110667136433952,0.858359649571172,-0.0237976927638265,19.56269433928401,0.0054,0.45,4
0.0057471090318469,0.0109608717739181,0.918909075345586,-0.0078374439786351,19.59500213798982,0.0054,0.45,4
0.0060007020771313,0.0108967298531071,1.008124655729081,-0.023455237938743,19.660699304009285,0.0054,0.45,4
0.0062135455245499,0.0106898279299479,1.1346900033134923,0.003852504934092,19.62287285307456,0.0054,0.45,4
0.0061053811317427,0.0107927065313845,1.07074017457113,-0.0093640935905708,19.64783973738029,0.0054,0.45,4
0.005847887720632,0.010856547286478,0.9798683587234884,0.0075193987347185,19.617350635194445,0.0054,0.45,4
0.0046302820201299,0.0118486891595842,0.4055304918270799,-0.133329998357637,18.56991796498101,0.0054,0.45,4
0.0047374312422781,0.0117489342032213,0.448458890643189,-0.1152499274734593,18.70747750513502,0.0054,0.45,4
0.0048552992978715,0.0116470522181328,0.4976361820592404,-0.0977198320952337,18.86885261752792,0.0054,0.45,4
0.0049650454798089,0.0115434422010225,0.5479531385897385,-0.0794580259763067,18.9952962046178,0.0054,0.45,4
0.0050678516366441,0.0114385503147821,0.5994188680304683,-0.0606256264134201,19.10701325474228,0.0054,0.45,4
0.0042955514924531,0.0120275008859954,0.3007060278413558,-0.155672069786069,17.999383686008827,0.0054,0.45,4
0.0043847995412348,0.0119205685922664,0.3326185756146078,-0.1342338767223512,18.12971126282129,0.0054,0.45,4
0.0044769266458306,0.0118051980035222,0.3702306112369636,-0.1102037868317289,18.262299319021785,0.0054,0.45,4
0.0041592451221879,0.0120031967048534,0.267316250545169,-0.1400807290635306,17.69224558509346,0.0054,0.45,4
0.0034820317443714,0.0120125199949379,0.1025891045898985,-0.0936564203435716,15.77995473924131,0.0054,0.45,4
0.0034153103837104,0.0119128637467793,0.0906730113525863,-0.0672813718384815,15.43336506373205,0.0054,0.45,4
0.0040305999212743,0.0119967720085662,0.2347513915320584,-0.129588813187574,17.362085849883908,0.0054,0.45,4
0.0038927626260997,0.0119887194528047,0.2002989042706524,-0.1181253246819771,16.99166658167003,0.0054,0.45,4
0.0037507987750361,0.0119939458599566,0.1650381344113705,-0.1095165257257779,16.60149276083578,0.0054,0.45,4
0.0036130346107078,0.0120029558797273,0.1321056448159457,-0.1016284121089908,16.19716666283811,0.0054,0.45,4
0.0033333968161774,0.0118123883393835,0.0773903969314178,-0.0410773305750828,15.078043441254406,0.0054,0.45,4
0.0032866941173147,0.0117110508542644,0.0737664904046813,-0.0178762632056649,14.809099108588695,0.0054,0.45,4
0.0032096211926141,0.0116706506491725,0.0607698195707972,-0.0074522280562483,14.425593517358408,0.0054,0.45,4
0.0031044367008957,0.0116348298232773,0.0434275524586179,0.0010524667022248,13.946023035710809,0.0054,0.45,4
0.0030007081516447,0.0116001622887452,0.0284702674372928,0.0069051188475311,13.422416990680324,0.0054,0.45,4
0.0029014099562463,0.0115691839015171,0.0164820741874458,0.0094368477818049,12.865021626546058,0.0054,0.45,4
0.0028183145755684,0.0115375006218924,0.0088391827463479,0.0096763906062689,12.378136921665932,0.0054,0.45,4
0.0027543473356606,0.0115055873050721,0.0045471675393263,0.0083709402729336,11.995758838384305,0.0054,0.45,4
0.0027180482413475,0.011497045753806,0.002436554305803,0.0060087605216311,11.72515708427291,0.0054,0.45,4
0.0026783639698369,0.0114362296832434,0.0015347023895126,0.0050091168890378,11.442088770881345,0.0054,0.45,4
0.0097623768711958,0.0046230328982699,0.0492510003064205,0.0647078830035847,30.34859263411795,0.0054,0.45,4
0.0097761701151436,0.0045956500779465,0.0279290521632194,0.0377668734830065,30.55119980252087,0.0054,0.45,4
0.0097145627760163,0.0045549617703536,0.0445705793770482,0.0621187439471115,30.854808113266973,0.0054,0.45,4
0.009729873937976,0.0045290427419478,0.0252249555709282,0.0362266365147855,31.05039043921125,0.0054,0.45,4
0.0096695908200844,0.0044864504206253,0.0400298756716794,0.0591967819868066,31.300589028260426,0.0054,0.45,4
0.0096855672089209,0.004461096312788,0.0226171703028636,0.0345470838796753,31.50331123107176,0.0054,0.45,4
0.0096272541457137,0.0044179479453564,0.0358551549196067,0.0562418300062931,31.702637496587155,0.0054,0.45,4
0.0096432871226816,0.0043918706401924,0.0201373363651601,0.0327462304212497,31.918707875344246,0.0054,0.45,4
0.0097755901222706,0.0046977558007828,0.081209136378538,0.0994902663759635,29.46301433252511,0.0054,0.45,4
0.0098090072645526,0.0048318145745624,0.1454063129724911,0.1583282932820608,28.20737936360838,0.0054,0.45,4
0.0097771432307555,0.0049142999141033,0.2240230735968904,0.2279471866533249,27.345439340488426,0.0054,0.45,4
0.0097346376594945,0.0050115520072167,0.3232812715236997,0.3055338479779845,26.36294639046261,0.0054,0.45,4
0.0097557168171568,0.0047660039439848,0.1341342114937938,0.1539932384493978,28.782444396945976,0.0054,0.45,4
0.0097101134826297,0.0052949769996287,0.5798362200045016,0.454089649644888,23.879869913651707,0.0054,0.45,4
0.0095533202646857,0.0061520608565379,1.407921282909588,0.7107948456532328,18.60630749241648,0.0054,0.45,4
0.0095777301870877,0.0060151246821341,1.2844503735213992,0.6905777323727272,19.260452627855106,0.0054,0.45,4
0.0096898062036271,0.0059517754954413,1.2079183977669334,0.6612818698463051,19.27337773258841,0.0054,0.45,4
0.0097287998605231,0.0055671860788261,0.8292298909262835,0.5532511431422168,21.77097466702764,0.0054,0.45,4
0.0097314494056815,0.0056912694640268,0.9487604114025432,0.5914113711995838,20.879981317685274,0.0054,0.45,4
0.0096988470411209,0.005815163543769,1.0766127464815831,0.6311011060209485,20.07674519298161,0.0054,0.45,4
0.0096822931971023,0.0053974575495217,0.6854502877481111,0.5054808192646335,23.126040563633435,0.0054,0.45,4
0.0096574435749698,0.0055054004251654,0.7948039915470256,0.5519782476286074,22.37969836759392,0.0054,0.45,4
0.0096889229847116,0.0051147328152728,0.4314151549020946,0.3793853431934783,25.43495893162955,0.0054,0.45,4
0.0096422994213786,0.0052258240806899,0.5477464283619256,0.4483753766948646,24.503761036378588,0.0054,0.45,4
0.0092996277094308,0.0070441715303492,2.048592182385822,0.7066781918306665,15.890717331093088,0.0054,0.45,4
0.0091711190549129,0.0070938876167146,2.0584740872645213,0.7056585365221543,16.16835947136384,0.0054,0.45,4
0.009306039033453,0.0068943401383356,1.959926753591161,0.7239144475243235,16.329982142707053,0.0054,0.45,4
0.0094902481538058,0.0065717222464372,1.750819665873825,0.7321075974821846,16.861240608238038,0.0054,0.45,4
0.0095281270721399,0.0062924543682385,1.5288726452157404,0.7244862638087687,17.947119065342232,0.0054,0.45,4
0.0095058352570807,0.0064330699780111,1.6437263989616249,0.7314742588610014,17.420720507887577,0.0054,0.45,4
0.009342681712699,0.0067588546936156,1.8761406309359712,0.733785915132256,16.660699127298923,0.0054,0.45,4
0.0093721874595926,0.0066300136483486,1.7893132193204624,0.7394516901446844,16.993916068271833,0.0054,0.45,4
0.008969873347718,0.0074470823452234,2.187491538548535,0.6519602759936612,16.013711034356483,0.0054,0.45,4
0.0091306275849931,0.0072245973202014,2.119013507028598,0.6872504117210403,15.960648689317493,0.0054,0.45,4
0.0090359784319431,0.0073438853963105,2.1573507282042304,0.6695855862717468,16.041989962727538,0.0054,0.45,4
0.0090750017680792,0.0071261513859311,2.0611158525562376,0.704237391402585,16.408658656659625,0.0054,0.45,4
0.0090908559220123,0.007038845942701,2.017830066359104,0.7158085277697307,16.640515938054175,0.0054,0.45,4
0.0087461467467066,0.0076338630261855,2.207216736291046,0.618437877126662,16.36315904350325,0.0054,0.45,4
0.0088462041478993,0.0075046253744524,2.18494600038956,0.6435097533896476,16.29393313073012,0.0054,0.45,4
0.0085907855582031,0.0083376325100965,2.3046423092299584,0.4455591179524498,15.93703070216854,0.0054,0.45,4
0.0085622984418939,0.0084498111268979,2.303960819080842,0.4145969217929566,15.93647656537213,0.0054,0.45,4
0.0086046520043546,0.0082139701373692,2.295788596354496,0.4795756284406067,16.006126991528145,0.0054,0.45,4
0.0085176638337431,0.0082627581547692,2.277275618887676,0.4692115479898254,16.197733663446467,0.0054,0.45,4
0.0085959855254702,0.0080969704969965,2.277409992891801,0.5110999226963894,16.166171277179686,0.0054,0.45,4
0.0084290594612093,0.0084993462043737,2.267346674796828,0.4062091766083545,16.31610318724641,0.0054,0.45,4
0.0083016197774804,0.0085656525568847,2.2313348428039887,0.3930521590355318,16.611555875170595,0.0054,0.45,4
0.0085817496169216,0.0079737711900142,2.252674974089293,0.5428878046888778,16.353644249568053,0.0054,0.45,4
0.0085869913465529,0.0078649006985734,2.2318497105518884,0.5690120038108349,16.499020884669033,0.0054,0.45,4
0.0086227107031346,0.0076796322165857,2.193712476006862,0.6100987571692366,16.705559530506918,0.0054,0.45,4
0.0085792584040274,0.00776280724837,2.206159711995156,0.5925306249123913,16.66407699678813,0.0054,0.45,4
0.0082101204331082,0.0090101191321102,2.1769328202600806,0.2652695608763564,16.698235052695797,0.0054,0.45,4
0.0082287700354136,0.0088588634335679,2.1977518659076645,0.3102365881320539,16.682475717076844,0.0054,0.45,4
0.008076176714169,0.0090774003856335,2.1269272467693763,0.2539358295182797,17.033102977239253,0.0054,0.45,4
0.0081386153963809,0.0087654144717152,2.1776225668771683,0.3434658571459073,16.924072826753633,0.0054,0.45,4
0.0081678295693731,0.0086234081470319,2.192303371907689,0.3829287500595322,16.92798820893594,0.0054,0.45,4
0.0079517429150324,0.009136829997869,2.0802828628713663,0.2450975289022197,17.307542619201033,0.0054,0.45,4
0.0078401304145721,0.0092187453563394,2.032787086717374,0.2294113991068233,17.556549451216416,0.0054,0.45,4
0.0077217179787194,0.0094003800490516,1.9606703324010872,0.1851172087153237,17.810177176942325,0.0054,0.45,4
0.0076829163922243,0.0095146493018983,1.9225363567647027,0.1544408208354759,17.87706155518895,0.0054,0.45,4
0.0075925884276883,0.0096235496349982,1.8677492288533133,0.130828721709472,18.08622399167968,0.0054,0.45,4
0.0071486106417796,0.0101546597353169,1.5768119647716006,0.0264855735792017,18.891341696716943,0.0054,0.45,4
0.0072408018563027,0.0100535188067629,1.6366474447137642,0.0440825740828281,18.75035763664056,0.0054,0.45,4
0.0073235928075566,0.0099309937546189,1.6996019026441302,0.0697238711635857,18.595912166960428,0.0054,0.45,4
0.0074116426358763,0.0098215078996817,1.7585803376671472,0.0916416155269969,18.424395355728205,0.0054,0.45,4
0.0075015630477536,0.0097197165337474,1.8144649265873465,0.1117697191351883,18.254579382575425,0.0054,0.45,4
0.0077090627099459,0.0092893408094074,1.9801581626917069,0.2194637191552641,17.830141506792504,0.0054,0.45,4
0.0066884366932471,0.0104197697495083,1.35720103632211,0.0127921191905211,19.3847770593598,0.0054,0.45,4
0.0065397770482693,0.0103814551054473,1.3293906373175517,0.0435211378490877,19.4549814092268,0.0054,0.45,4
0.0067930300882908,0.0103173282137994,1.421381765440282,0.0271087503233989,19.28099120476756,0.0054,0.45,4
0.0068974935606744,0.0102149370171424,1.485320781588919,0.041905142474494,19.16389149579104,0.0054,0.45,4
0.0070008014208505,0.010113149677558,1.5483400737005246,0.05724227668696,19.03376448765912,0.0054,0.45,4
0.0051688451027203,0.0113329901151009,0.6530385446261534,-0.0418897653053335,19.208639145738854,0.0054,0.45,4
0.005277730371502,0.0112342982992589,0.7092711392807088,-0.0264281723970886,19.30423349474556,0.0054,0.45,4
0.0053945417705,0.0111335878172488,0.7698901811882445,-0.0119353813768501,19.40134019371831,0.0054,0.45,4
0.0061763060093631,0.0105478867099383,1.172961933126396,0.0475138366166875,19.600520249256387,0.0054,0.45,4
0.0062867387663231,0.0104454372035996,1.2381957593454906,0.0604093795309269,19.56345144216425,0.0054,0.45,4
0.0063930576823848,0.0103432119153162,1.3022554856419186,0.073883477408378,19.51354382275974,0.0054,0.45,4
0.0055015888426577,0.0110294984736018,0.8303851334846971,0.0039924534335087,19.46865592092163,0.0054,0.45,4
0.0055999740850937,0.0109181628579118,0.8921720391441498,0.0224875797173847,19.521948828449087,0.0054,0.45,4
0.0056982826483486,0.0108167991893526,0.9519630227381422,0.037828259677227,19.56062672103605,0.0054,0.45,4
0.0059490524978127,0.0107497016535487,1.0426934159638164,0.0232330196480036,19.62502922234039,0.0054,0.45,4
0.0060532884546274,0.0106484170941554,1.1051995384296185,0.0368118421074349,19.62049663111782,0.0054,0.45,4
0.0057981328472761,0.0107108528965654,1.0144892748822516,0.0538507393451729,19.59112427219583,0.0054,0.45,4
0.0045837545440837,0.0116800792372689,0.417587442774971,-0.0842190978621766,18.41345837828677,0.0054,0.45,4
0.0047147164504856,0.0116084691119778,0.4662509161484571,-0.0750437243345489,18.635682997252616,0.0054,0.45,4
0.0048246592200281,0.011506497739164,0.5169472668476804,-0.0563672496759044,18.785022073127724,0.0054,0.45,4
0.0049228392954788,0.011398802833485,0.5684347354879294,-0.0353987120633784,18.910501020925626,0.0054,0.45,4
0.005020791671341,0.0112888860517668,0.6230534127287596,-0.0142180394175054,19.02681326522338,0.0054,0.45,4
0.0042463468043595,0.0118934087420204,0.2986714098855249,-0.1173811643202281,17.82001937063501,0.0054,0.45,4
0.0043319163748069,0.0117783705471478,0.3343207163761877,-0.0924124101172042,17.95707186855714,0.0054,0.45,4
0.004415331715775,0.0116593850562995,0.3742613988852035,-0.0656048314612073,18.105694830683152,0.0054,0.45,4
0.0041119484879447,0.0118750412006692,0.2646982408356631,-0.1034287981196822,17.502013443164945,0.0054,0.45,4
0.0035426939245892,0.0118971575499519,0.1195794195752442,-0.0722647373809965,15.884056489978148,0.0054,0.45,4
0.0034703403808886,0.0118012815071171,0.1081262118841496,-0.0459212108200305,15.527638202231744,0.0054,0.45,4
0.0039781876322725,0.0118656671458754,0.2302149538873744,-0.0921654504884347,17.145493521470655,0.0054,0.45,4
0.0038277270717587,0.0118611746355071,0.1914377387371246,-0.0815533589372089,16.732300449940468,0.0054,0.45,4
0.0036785943660762,0.0118784627799037,0.1529350994528966,-0.0764916824948314,16.309709326717623,0.0054,0.45,4
0.0034002152501012,0.0116879925494478,0.1000311293495049,-0.0169508846605593,15.225563977674026,0.0054,0.45,4
0.0033029220867678,0.0116168860065358,0.0844718841716103,0.0018124684969446,14.832477384679049,0.0054,0.45,4
0.0032043961945978,0.0115737435388211,0.0672680693825634,0.0122059406245354,14.391254316854992,0.0054,0.45,4
0.0030945309516933,0.0115413622010877,0.0484295586034087,0.0179559444521963,13.85626222438317,0.0054,0.45,4
0.0029882648784601,0.0115103691281682,0.0323550473334915,0.0206653117577919,13.321143221362416,0.0054,0.45,4
0.0028874450188504,0.0114829421674938,0.0193414481234759,0.0198012437055672,12.7479823680492,0.0054,0.45,4
0.0028032693905137,0.0114540400123749,0.0108827821834485,0.0169808675587691,12.254060585675632,0.0054,0.45,4
0.0027389904737525,0.0114246294496244,0.0059873199311184,0.0132166609452895,11.868506934561992,0.0054,0.45,4
0.00270220519047,0.0114179448318782,0.0033652741690336,0.0091864449702833,11.589611114963477,0.0054,0.45,4
0.0026605102693873,0.011357100165622,0.0021809739286428,0.006947425423729,11.322011897901346,0.0054,0.45,4
0.0095860434868333,0.0043468428204358,0.031842325804977,0.0530666154202756,32.06606057582602,0.0054,0.45,4
0.009603071042426,0.0043214255957071,0.017779334982958,0.0308116018146055,32.2834340623629,0.0054,0.45,4
0.0097269857625121,0.0046312256310563,0.0737952687602563,0.0955949240863723,29.987341744931417,0.0054,0.45,4
0.0096796197367308,0.0045630777451336,0.0669708834997617,0.0917330158065806,30.47618099474333,0.0054,0.45,4
0.0096328570172659,0.0044930682584925,0.0608892492027211,0.0882381392709659,30.92996334799066,0.0054,0.45,4
0.0095902986714329,0.0044225080795433,0.0543077632952957,0.0833296423399158,31.32903406489705,0.0054,0.45,4
0.0097043625974479,0.0046986262736019,0.1231379860870647,0.1490241518979476,29.324145373733028,0.0054,0.45,4
0.0097214391129197,0.0048474528845653,0.2077749618809213,0.2222582886214478,27.92785898151894,0.0054,0.45,4
0.009676046298171,0.0049435870483166,0.3016732619348978,0.2988049923767828,26.94866761131371,0.0054,0.45,4
0.0096272766731553,0.0050448754876709,0.4041406126136573,0.3716676512526026,26.034507200632053,0.0054,0.45,4
0.0096676908736557,0.0047789810582209,0.1918904406603643,0.215658935916252,28.47610647098755,0.0054,0.45,4
0.0094310802189691,0.0062170905977263,1.4728480489796067,0.730076650960919,18.65198739842777,0.0054,0.45,4
0.0096099673802461,0.005327493075894,0.650167978388034,0.5006817130416845,23.747150610170824,0.0054,0.45,4
0.0094662115015156,0.0060801982691833,1.355570106369935,0.7138855809539906,19.23905132328713,0.0054,0.45,4
0.0094904758165501,0.0059485692524156,1.2388189689825604,0.6931068488126217,19.886984023911115,0.0054,0.45,4
0.0095916546557611,0.0058799269943911,1.1599071178574636,0.6654266854932541,20.029082576597546,0.0054,0.45,4
0.0096375114188642,0.0056168698953794,0.9052205747557864,0.5923359828161293,21.55523951838984,0.0054,0.45,4
0.0096177345325257,0.0057489733728371,1.0336741325738164,0.6322174910933106,20.766779758254994,0.0054,0.45,4
0.0095604990220662,0.0055541861588991,0.8704081974681658,0.5913882593208544,22.22882781966796,0.0054,0.45,4
0.0095804895505092,0.0054370578816102,0.7586015989371089,0.5490778992321009,22.97067474663384,0.0054,0.45,4
0.0095770208943771,0.005154340003944,0.5154688539800976,0.4404480776845365,25.101277605921016,0.0054,0.45,4
0.0095401892498785,0.0052544189052968,0.6141353874948674,0.4932276040125102,24.352621591032456,0.0054,0.45,4
0.00918339814064,0.0069585544756387,1.984887256508083,0.7228446794835458,16.548143883519142,0.0054,0.45,4
0.0092169509153366,0.0067996128457497,1.8926481053488504,0.7371639826146327,16.953057816956186,0.0054,0.45,4
0.0093836462619439,0.006497354125621,1.693242549995652,0.7421384721286346,17.5813500973444,0.0054,0.45,4
0.0093971803029203,0.0063608864200973,1.5891924589422282,0.7399354753520021,18.076795822741776,0.0054,0.45,4
0.0092475732421283,0.0066703968563417,1.8109032882014835,0.744710175971171,17.30480168689425,0.0054,0.45,4
0.0092876561050423,0.0065635771661211,1.7392862720526838,0.7469881630983154,17.61076894534236,0.0054,0.45,4
0.0088900643401234,0.0073533224800368,2.135274907304712,0.67132396155565,16.489777273452717,0.0054,0.45,4
0.008976561768188,0.0072120873236604,2.0880846469684715,0.6936384043816413,16.532845588300543,0.0054,0.45,4
0.0089846124131081,0.007069411824689,2.020002861883313,0.7142417058390967,16.92947937570932,0.0054,0.45,4
0.0090401482311829,0.0069462244134329,1.9616525177909063,0.7282874224886114,17.071352066977312,0.0054,0.45,4
0.0086520001388718,0.0075850864402558,2.172397607053832,0.6296709471402145,16.711779359619452,0.0054,0.45,4
0.0087146377057774,0.0075028960798618,2.158271589135867,0.6454309058321844,16.699131952033426,0.0054,0.45,4
0.0087647711938646,0.0073748412127927,2.1213012645413407,0.6689243124974099,16.811874641823522,0.0054,0.45,4
0.0084556051874903,0.0083580895314949,2.268231568372767,0.4452493928823461,16.333399029715114,0.0054,0.45,4
0.0084906883461594,0.0081621464402873,2.258873580893317,0.4970534362377499,16.42974803073241,0.0054,0.45,4
0.0084320851865184,0.0082444520151919,2.252344974030241,0.4770438893719347,16.52635399768486,0.0054,0.45,4
0.0084635320378489,0.0080434065397532,2.23529823629787,0.5282420138909876,16.6094381608563,0.0054,0.45,4
0.0083225385224504,0.0084237993234086,2.234649853452805,0.4322169132629586,16.66661286818975,0.0054,0.45,4
0.0081933330788785,0.008485020541347,2.200431899732291,0.4205369495840089,16.95655037747599,0.0054,0.45,4
0.0085774846864029,0.0075985317731195,2.161316711244275,0.6273656080277241,16.959170528290663,0.0054,0.45,4
0.0084568517148412,0.0079078171559917,2.2102299240466965,0.5612253066994041,16.798921446069205,0.0054,0.45,4
0.0084993039305466,0.0078012234103618,2.197564917407792,0.5849637047486759,16.85482750612463,0.0054,0.45,4
0.0084912636442453,0.007682957947658,2.1671077569598247,0.6106403182622967,17.059241465235477,0.0054,0.45,4
0.0080743639363268,0.0089141488927462,2.146360247804776,0.3033968151787889,17.05964827165104,0.0054,0.45,4
0.0079468386519678,0.0090174565349045,2.0961209053556824,0.2812393926441223,17.341364372147613,0.0054,0.45,4
0.0080143092289122,0.0087905442052049,2.1396375679565134,0.343203253942571,17.240096641968265,0.0054,0.45,4
0.0080371366343699,0.0086745989206702,2.153380361981348,0.3749543445060257,17.236987680964315,0.0054,0.45,4
0.008065215884436,0.0085408477239147,2.1652859416015,0.4106495594192635,17.246725779720762,0.0054,0.45,4
0.0078458671893481,0.009095662277996,2.055042628433496,0.2655683761298126,17.56719333370194,0.0054,0.45,4
0.0078361703505444,0.0089937678920083,2.066816903754245,0.2960307994091846,17.6121580172225,0.0054,0.45,4
0.0077188855104558,0.0091651933533727,2.0063939863687867,0.255138041441579,17.818922260837827,0.0054,0.45,4
0.0076008171853139,0.0093847068734685,1.9282086648338217,0.2009937703188697,18.03921227631952,0.0054,0.45,4
0.0075592200217556,0.0095080146713657,1.887128700053459,0.168665461519364,18.114056312946545,0.0054,0.45,4
0.0074691148612983,0.0095808696249971,1.8422938042917223,0.1563079171013922,18.269770363907185,0.0054,0.45,4
0.0070998544944588,0.0100098835253456,1.6100188502090085,0.074153045254702,18.89631078916205,0.0054,0.45,4
0.0071947511939158,0.0099061065802784,1.6698208487810342,0.0923637314043312,18.758064570374525,0.0054,0.45,4
0.0072919822521278,0.0097900334028222,1.732774891829633,0.1145617661255399,18.59964339366658,0.0054,0.45,4
0.0073828614609002,0.009685505659558,1.7889683543284856,0.1348241974214391,18.429604788972373,0.0054,0.45,4
0.0075872321418703,0.0092310560046459,1.9561625361206765,0.246994574539862,18.07072596266194,0.0054,0.45,4
0.0074947594956304,0.0093131052581047,1.912786708163847,0.2316182355165273,18.21777779998255,0.0054,0.45,4
0.0066445894771662,0.010278860805986,1.393266163206598,0.0576669684373102,19.371578435740243,0.0054,0.45,4
0.0064974578572586,0.0102406432946226,1.3657195789840733,0.0878861718197856,19.450253860631253,0.0054,0.45,4
0.0067490156449548,0.0101757375281749,1.4569213763150548,0.0723868462360084,19.27458246608572,0.0054,0.45,4
0.006853319831954,0.0100724405842165,1.5200978886878953,0.0876357330388106,19.16435743049176,0.0054,0.45,4
0.0069555206586526,0.0099692981515114,1.5819237859610091,0.1036478306305865,19.04377452126174,0.0054,0.45,4
0.0051254129186901,0.0111654856996874,0.6856779985854506,0.0095466613613771,19.138892545807483,0.0054,0.45,4
0.0052556030680007,0.011093549883062,0.7428965567820306,0.0152964772740847,19.27840935226534,0.0054,0.45,4
0.0053643271975858,0.0109961492220055,0.8025125900602418,0.0297871231389021,19.36820005018126,0.0054,0.45,4
0.0060343857030757,0.0105092495438088,1.1475531128788068,0.0772819671094221,19.605992512345605,0.0054,0.45,4
0.0061443991937789,0.010406680326967,1.212755659258861,0.0902854025301469,19.58966972120317,0.0054,0.45,4
0.0062490779898257,0.0103047496942792,1.276209488084277,0.1038107912878902,19.56059163684296,0.0054,0.45,4
0.0063520026770508,0.0102026492658698,1.338949638997881,0.1176833414465039,19.517187281405025,0.0054,0.45,4
0.005463010478165,0.0108882364181285,0.8638287406937911,0.0478372893301027,19.43705236631388,0.0054,0.45,4
0.0055533423830654,0.0107697778114721,0.9274595129106248,0.0693738869627804,19.49613271120683,0.0054,0.45,4
0.0056580705197538,0.0106800042967637,0.9864091351027172,0.080678432078627,19.55084202844107,0.0054,0.45,4
0.0058980082291554,0.0105864416902144,1.083925454921397,0.0745960998007049,19.60394594785986,0.0054,0.45,4
0.0057403462744388,0.0105767573690488,1.04417700204086,0.0982080745063134,19.579933404488084,0.0054,0.45,4
0.004497178208917,0.0115452169505037,0.4170299256386121,-0.0397285249970477,18.209774688370945,0.0054,0.45,4
0.0046144156184583,0.0115446621719289,0.4503283151514549,-0.0489156958208802,18.44912065556839,0.0054,0.45,4
0.0046993926724014,0.0114707374595066,0.489273092260685,-0.0352100963671616,18.574582617173395,0.0054,0.45,4
0.0047877232675585,0.0113637382170731,0.5384398957547011,-0.0127096353785219,18.712533371863064,0.0054,0.45,4
0.0048776051964759,0.0112551184648779,0.5910819624786101,0.0097634801425866,18.84657800783342,0.0054,0.45,4
0.0049623538917553,0.0111422207270741,0.6458401735855053,0.0335267069797692,18.97084106815665,0.0054,0.45,4
0.0041946317692293,0.0117557770175391,0.2996088779698041,-0.0768005704145214,17.639885621354207,0.0054,0.45,4
0.0042734620311862,0.0116358858631034,0.3381671502759938,-0.0489017240407294,17.7883254699756,0.0054,0.45,4
0.0043552577205517,0.01150372784519,0.3842237810031558,-0.0171218476045725,17.942026717456717,0.0054,0.45,4
0.0040626801886295,0.0117354255716598,0.2659490050291423,-0.0626509198988299,17.297111206085365,0.0054,0.45,4
0.0035969067213979,0.0117748856870735,0.1399462326075879,-0.0463308515676012,16.00399431473258,0.0054,0.45,4
0.0035167894610497,0.0117010682499813,0.1266613129571308,-0.024467490535422,15.653915893000166,0.0054,0.45,4
0.0039149062642514,0.0117051292207278,0.2292054971710524,-0.0455169598081883,16.901940683816083,0.0054,0.45,4
0.0037405690511913,0.0117407346928292,0.1792849644062555,-0.0453446633866927,16.409774634750246,0.0054,0.45,4
0.0035002125913692,0.0115962467223638,0.133074973371059,0.0019051691209769,15.576398866554484,0.0054,0.45,4
0.0033934152966186,0.0115592186542741,0.1111873758458399,0.0134561964380498,15.153646801755183,0.0054,0.45,4
0.003291057180392,0.0115146469722776,0.0922293950369192,0.024890177148897,14.743975608975203,0.0054,0.45,4
0.0031937418428556,0.0114773152401472,0.0747033621086282,0.0325199215593363,14.324321560345696,0.0054,0.45,4
0.0030807553547442,0.0114485576525314,0.0544036307338705,0.0353248548616417,13.777092804828431,0.0054,0.45,4
0.0029731146150831,0.0114209768813951,0.0371809024995852,0.0348204362103845,13.232261732105508,0.0054,0.45,4
0.0028707617506291,0.0113972974021504,0.0228721577097955,0.0303971362973684,12.646824335576309,0.0054,0.45,4
0.0027857027664281,0.0113711081234062,0.0134089864394317,0.0244413879939136,12.144181421881752,0.0054,0.45,4
0.0027194794923568,0.0113427554667867,0.0076434989401024,0.0180560828632324,11.760909679192826,0.0054,0.45,4
0.002683876325336,0.0113380689405332,0.0045308324194439,0.0125029102099534,11.468576826725508,0.0054,0.45,4
0.0026403122146103,0.0112785359871222,0.0029634375761632,0.0089179623203969,11.217921404438338,0.0054,0.45,4
0.0093045088213706,0.0024250354191761,0.0064751166636487,-0.0272499766476549,30.010290750190567,0.0054,0.45,4
0.0093328680465367,0.0024098255906039,0.0037290719482477,-0.0157863198890953,29.987141922182094,0.0054,0.45,4
0.0093173408109027,0.0024825201184501,0.0031558428902236,-0.0151738969600992,30.38918848818416,0.0054,0.45,4
0.0095466351536096,0.0042736106610112,0.027920219089248,0.049526927736301,32.39755872031491,0.0054,0.45,4
0.0095649566118558,0.0042498211465277,0.0155373191167459,0.028746413076592,32.60741547126074,0.0054,0.45,4
0.0095100494145524,0.0042003025216537,0.0242469369061887,0.0458195778091947,32.66529377659032,0.0054,0.45,4
0.0095289806416148,0.0041771180543147,0.0134259927014779,0.0265858964287332,32.880271026788655,0.0054,0.45,4
0.0095498745237772,0.0043507651667196,0.0480796442432829,0.078095663497317,31.69541831321965,0.0054,0.45,4
0.009476152198167,0.0041273736508593,0.0209328524123856,0.0421160626264538,32.89792063429808,0.0054,0.45,4
0.0094951778957143,0.0041033788660823,0.0114747335857885,0.0243500273166934,33.114763601652754,0.0054,0.45,4
0.0094433219824691,0.0040509353597545,0.0177736154974989,0.0381478577347665,33.08129397116062,0.0054,0.45,4
0.0094635800795931,0.0040286679051886,0.0096668553772721,0.0220161798120423,33.29477324737724,0.0054,0.45,4
0.0094129142295083,0.0039735668579201,0.0148487701125429,0.0340234358054027,33.22928852955229,0.0054,0.45,4
0.0094342155036042,0.0039530513913261,0.0080035341662775,0.0196101764268,33.43779451075706,0.0054,0.45,4
0.0093856021551428,0.0038974028010136,0.0122536456898627,0.0299283219210193,33.32194433740154,0.0054,0.45,4
0.0094071086599591,0.0038765970538697,0.0065007051228483,0.0171759478281973,33.532642303819294,0.0054,0.45,4
0.0093606111581874,0.0038210363573438,0.00997080688364,0.0258575349407756,33.37917330900854,0.0054,0.45,4
0.0093822801248716,0.00379937343676,0.0051735328740695,0.0147328415020641,33.58637040222119,0.0054,0.45,4
0.0093370341777698,0.0037410024439972,0.007890705371917,0.0215986922258133,33.3927671120784,0.0054,0.45,4
0.0093597482366302,0.0037214491361913,0.0040089506872239,0.012262954485435,33.596404318347,0.0054,0.45,4
0.0096550013835876,0.0046297454325337,0.1124658495325827,0.1434442109721435,29.825794930966165,0.0054,0.45,4
0.0096076916604633,0.0045594430322178,0.1021535375944246,0.1372925642929686,30.289055364275274,0.0054,0.45,4
0.009562481325885,0.004487803395871,0.0922617386269716,0.1306062146383786,30.699562030216857,0.0054,0.45,4
0.0095194112232635,0.0044149060130911,0.0827891953337548,0.1233634474424211,31.09235188909184,0.0054,0.45,4
0.0096159515041252,0.0047089264777381,0.1764157241967854,0.2081683309970173,28.98630420246621,0.0054,0.45,4
0.00961929754114,0.0048735565423129,0.2802856241384636,0.290736042523602,27.502062009603232,0.0054,0.45,4
0.0095677431196549,0.0049732158204335,0.3772946180110426,0.3623846771774786,26.59814452112425,0.0054,0.45,4
0.0095144336467002,0.0050809346629922,0.48340934905489,0.4304492313318277,25.67404763978916,0.0054,0.45,4
0.0095647837918773,0.0048020382467149,0.2594198722882544,0.2814745337507938,28.02358261548365,0.0054,0.45,4
0.0092984872030428,0.0062771143486911,1.52790824663332,0.7443794276682363,18.748173388844965,0.0054,0.45,4
0.009343154724105,0.0061398296294506,1.416929822667312,0.732154991760547,19.319428079158715,0.0054,0.45,4
0.0095033872432921,0.0053571706034731,0.7152180058030834,0.5411550993988342,23.6130247002211,0.0054,0.45,4
0.0093821652637414,0.0060096312965265,1.306191158330041,0.7147613354396726,19.840514903456626,0.0054,0.45,4
0.0093998230195662,0.0059062133554885,1.2166617496319991,0.6979098564283078,20.38667070106058,0.0054,0.45,4
0.009486913630125,0.0058122016494249,1.119609702348315,0.6694596041981268,20.73616695945768,0.0054,0.45,4
0.0095309333005602,0.0056665397012813,0.9800752460002924,0.6286457336993191,21.46568092381763,0.0054,0.45,4
0.009474788028843,0.005590271394706,0.9267761127132949,0.6193708404687754,22.05884133666107,0.0054,0.45,4
0.0094646536073811,0.0054850761301724,0.8380712340427995,0.591609883052529,22.800574356684088,0.0054,0.45,4
0.0094743231610559,0.0051801484345709,0.5785492259121491,0.4834730156755775,24.92740065696682,0.0054,0.45,4
0.0094335066686886,0.0052833552358942,0.6777271658492611,0.5324885557380511,24.197556653466865,0.0054,0.45,4
0.0090895328814963,0.0068254537669474,1.8972507247997443,0.7392824558301608,17.296871419409925,0.0054,0.45,4
0.0091324812018704,0.0066900671212033,1.8172306611368847,0.7481708318705086,17.601085011450497,0.0054,0.45,4
0.0092509379921574,0.0064345842105281,1.646820190960302,0.7509663539105585,18.235475235128003,0.0054,0.45,4
0.0091777243391091,0.0065571794998743,1.7318486451382638,0.7525667494772365,17.980433467327614,0.0054,0.45,4
0.0088195747960834,0.0072410719379522,2.076072533152416,0.6909997664118802,16.950650277803458,0.0054,0.45,4
0.0088682369587821,0.0071079416252815,2.0230062271146103,0.7105174533218452,17.129002796434303,0.0054,0.45,4
0.0089089873454582,0.0069779392714088,1.9636780182784008,0.7265725894886205,17.378235493468043,0.0054,0.45,4
0.0089577317559638,0.0068453521832847,1.8971095699433376,0.7398237061638507,17.63246026750659,0.0054,0.45,4
0.008599020852127,0.0075105091058033,2.1385625023230723,0.6445460114801832,17.04198632820247,0.0054,0.45,4
0.0086421112713421,0.0073978719131722,2.108156277796524,0.6651326881012324,17.158181057153985,0.0054,0.45,4
0.0086896117772522,0.0072713333334171,2.0680632958596896,0.6863836666268447,17.282528715732493,0.0054,0.45,4
0.0083339166678449,0.0082885897106488,2.2301133448873323,0.4686601404237988,16.749232351734666,0.0054,0.45,4
0.008356645894575,0.0081476909551883,2.222611580905489,0.5045788623472641,16.836730484484516,0.0054,0.45,4
0.0083462939089674,0.0079951114878798,2.1992238822253287,0.5422716766554795,17.031263626284304,0.0054,0.45,4
0.0083379412907651,0.0078886800368658,2.179320366451574,0.5669409498150777,17.175964221840427,0.0054,0.45,4
0.0082130108031693,0.0083481000020322,2.2016749620803204,0.4567911595819582,17.00965313623668,0.0054,0.45,4
0.0080895350354858,0.0084080964806028,2.171188845433772,0.4452417608394161,17.28054250174834,0.0054,0.45,4
0.0084935005445838,0.0075537507097066,2.13188337884024,0.6362441613168062,17.2852628487571,0.0054,0.45,4
0.0083821545430476,0.0077876340012405,2.1688837871865854,0.5889944941442096,17.232926253741482,0.0054,0.45,4
0.0082771056563807,0.0078284380052038,2.154575204243536,0.5806740226264937,17.43055658989124,0.0054,0.45,4
0.0083511655050783,0.0076819025071571,2.1380738757650444,0.6108574247976389,17.416239941293494,0.0054,0.45,4
0.0083889612733231,0.0075867526476643,2.1211705825432863,0.6296847284932974,17.493749819454354,0.0054,0.45,4
0.0079045527158052,0.0088821850474708,2.0999584310414945,0.3236582119603154,17.457938800868103,0.0054,0.45,4
0.0079117404975726,0.0087293485230544,2.1152814202068515,0.3663362141326063,17.531345752360092,0.0054,0.45,4
0.0079349923970313,0.0085889588916284,2.128894706077013,0.4034271697722622,17.544902295701103,0.0054,0.45,4
0.0079644913314512,0.0084592361931048,2.1390292015248167,0.436470925954906,17.540292759121012,0.0054,0.45,4
0.0077364456807198,0.0090361693392758,2.0322939598427627,0.291087765857516,17.79839091199993,0.0054,0.45,4
0.0077651040180235,0.0089091387031949,2.0573461009294003,0.3249667992804136,17.760325301036804,0.0054,0.45,4
0.0076204469381964,0.009097193108692,1.989737956441633,0.2825551626571858,18.014314233396423,0.0054,0.45,4
0.0074508115570512,0.0094364020198059,1.8726282250223627,0.2002389662828616,18.304854633730404,0.0054,0.45,4
0.0073538687557272,0.0095499051191318,1.8167287657463609,0.1773040184711201,18.45639710508806,0.0054,0.45,4
0.0070577768518329,0.0098627808133742,1.6438703360169054,0.1212062506935066,18.911240581421072,0.0054,0.45,4
0.0071613648073928,0.0097526871426123,1.7060396735961236,0.1403052850059107,18.768607906494186,0.0054,0.45,4
0.0072691366941166,0.0096512031288711,1.7654048889379812,0.1572429449403704,18.609948731499625,0.0054,0.45,4
0.007251614061016,0.009539830606384,1.7900965265351658,0.1908170929619013,18.626913960663664,0.0054,0.45,4
0.0074566954251311,0.0092180551390667,1.921530912852459,0.2619552254142861,18.2559322481749,0.0054,0.45,4
0.007515788501335,0.0091349739808146,1.9536553360869744,0.2802199128325169,18.218049760137628,0.0054,0.45,4
0.0073873571327388,0.0093129516209888,1.882365670705515,0.2414933363950514,18.42260948162959,0.0054,0.45,4
0.0073574159450744,0.0092134738561275,1.8949010967066884,0.2718168707697919,18.47074638553031,0.0054,0.45,4
0.0066012932983607,0.0101376002854271,1.428794545305328,0.102363295058241,19.373669570299768,0.0054,0.45,4
0.006454646297082,0.0100998703899859,1.401348204815687,0.1319385405482716,19.46081508205131,0.0054,0.45,4
0.0067049245242877,0.0100339429113755,1.491412040552044,0.1173961718652058,19.283864173342582,0.0054,0.45,4
0.0068083871578315,0.00993001938393,1.553251066814556,0.1329687703073376,19.182258878430023,0.0054,0.45,4
0.0069115899952695,0.0098230521674823,1.614918731628834,0.149937788230402,19.06906232818363,0.0054,0.45,4
0.0051595404674225,0.0110344576871126,0.7333627357986696,0.042802506176281,19.19093696705516,0.0054,0.45,4
0.0050439330895923,0.0110348371424898,0.7003331080298262,0.0555395549912088,19.0572384241429,0.0054,0.45,4
0.0052466955417451,0.0109555950326991,0.7820283066208827,0.0550686427116854,19.272233152052465,0.0054,0.45,4
0.005332656594441,0.0108577892126817,0.8371997167440225,0.0723185259287917,19.35219646974297,0.0054,0.45,4
0.0059257157543851,0.0104519378977193,1.137765858623614,0.1074837757680791,19.608382948360912,0.0054,0.45,4
0.0060109943913876,0.0103674353167527,1.190135082178376,0.1189277965775075,19.608120905100588,0.0054,0.45,4
0.006312165344732,0.0100612022634182,1.3759491629583154,0.1610302448149154,19.535736893267387,0.0054,0.45,4
0.0061105174945476,0.0102649436449632,1.2524510667817996,0.1332048451703592,19.597851160453743,0.0054,0.45,4
0.0062119064995205,0.0101630700112143,1.314648107395241,0.1470163535499697,19.572915268530007,0.0054,0.45,4
0.0054176721531408,0.0107603940202434,0.8929119685906911,0.0890726797088812,19.416825750929107,0.0054,0.45,4
0.0054782706987541,0.0106798472138955,0.9368673540828863,0.1038079285304574,19.462401061127423,0.0054,0.45,4
0.0055557053825978,0.0106532098812213,0.9673206553245096,0.1012616590476545,19.51682138604831,0.0054,0.45,4
0.0056026135830326,0.0105526286328755,1.0147873552319704,0.1228624103483802,19.54264929604324,0.0054,0.45,4
0.0056823919795685,0.0104506205122036,1.0721667901202017,0.140252665445117,19.582114833364017,0.0054,0.45,4
0.005804577118797,0.0104612599667654,1.1016284219646748,0.1211809699816332,19.6010574977816,0.0054,0.45,4
0.0044573989951572,0.0114102680487461,0.4327145022641022,0.0022042614421731,18.15332618856476,0.0054,0.45,4
0.0045744355390129,0.0114289403191291,0.462562215811857,-0.0126805780518285,18.38632237193468,0.0054,0.45,4
0.0046578739048713,0.0113247434949307,0.5104190732568661,0.0102402311274678,18.501443394941106,0.0054,0.45,4
0.004745608561774,0.0112210489029753,0.5619023084741467,0.0323054737125337,18.654291755185326,0.0054,0.45,4
0.004829546966271,0.0111123436333089,0.6159663103777361,0.055700507804283,18.789685140730384,0.0054,0.45,4
0.0049156402475605,0.0109876962748346,0.6775936685194625,0.0829514414074688,18.920887242825064,0.0054,0.45,4
0.0041453776671693,0.0116195940998832,0.3046417301589216,-0.0357398082875536,17.49221540845188,0.0054,0.45,4
0.004362596996378,0.011382833711117,0.4110758088373738,0.0174169615314484,17.969287708382627,0.0054,0.45,4
0.0042205349811806,0.0115033017026446,0.3456198684407056,-0.0075509354935002,17.653653019098073,0.0054,0.45,4
0.0042797888978391,0.0114035944832571,0.3824203089151504,0.0172639327187415,17.770727325729,0.0054,0.45,4
0.0040244295640273,0.0116044802443675,0.2729185398096128,-0.0240526919604367,17.197879225305368,0.0054,0.45,4
0.0039155800962739,0.0115674324090922,0.2480917084841353,-0.0076055745992874,16.877010915695042,0.0054,0.45,4
0.0036324574746665,0.0116306091656289,0.1626581764544445,-0.0116064466344293,16.065558869539487,0.0054,0.45,4
0.0037925779203297,0.0115997678290867,0.2093567787980374,-0.0104741682711953,16.519429421167754,0.0054,0.45,4
0.0035735431758247,0.0115190087402161,0.1618684690560436,0.019623679738947,15.834762520456342,0.0054,0.45,4
0.0034848603053386,0.0114795824402556,0.1442059110455619,0.0318107753799578,15.470825843144128,0.0054,0.45,4
0.0033787894013413,0.0114477552698949,0.1218167102242815,0.0408741768880282,15.093352931489044,0.0054,0.45,4
0.0032768356533536,0.0114133290267543,0.1017376269556571,0.048520859588713,14.681002422977768,0.0054,0.45,4
0.0031780524829867,0.0113810789681577,0.0831290611269992,0.0534220415753065,14.264951451801322,0.0054,0.45,4
0.0030634127633554,0.0113559927014006,0.0614360116904146,0.0531314025924926,13.706716526101536,0.0054,0.45,4
0.0029543555405664,0.0113317343213858,0.0428342766224197,0.0492837758241523,13.149974519946282,0.0054,0.45,4
0.0028511591237219,0.0113108121193857,0.0271786575970952,0.041362127886379,12.555871758604512,0.0054,0.45,4
0.0027653226000621,0.0112872190788511,0.0165112576951883,0.0321534515264026,12.050099056593773,0.0054,0.45,4
0.0026629673143143,0.0112586344829345,0.0059234262975245,0.0158515336042639,11.369525275605382,0.0054,0.45,4
0.0026177895842958,0.0112006059449929,0.0038775757688698,0.0109143463764624,11.138771933920388,0.0054,0.45,4
0.0026996942794196,0.0112622193482926,0.0098250583192951,0.0232430852792873,11.672492508433836,0.0054,0.45,4
0.0044079113000847,0.0112975566808789,0.4438878960146656,0.0390922763906797,18.06561846316724,0.0054,0.45,4
0.009266542209486,0.0026373048188622,0.0037845653151749,-0.0228246309451815,30.7404818528863,0.0054,0.45,4
0.0092918836538517,0.0026290633031895,0.0021301363661398,-0.0136789623829595,30.860833505645253,0.0054,0.45,4
0.0092821196240695,0.0027028336609725,0.0016924227995094,-0.012787723658456,31.13220868979555,0.0054,0.45,4
0.0092916303685373,0.0024957031948205,0.0053634757281587,-0.025136999465208,30.289082939441425,0.0054,0.45,4
0.0093036499314017,0.0025556110958371,0.0026276620684931,-0.0144202390148428,30.604775466654125,0.0054,0.45,4
0.0092790182340755,0.0025663749421028,0.0044655854342528,-0.0237005155932622,30.50985578324316,0.0054,0.45,4
0.0092602086652098,0.0024729183148851,0.0096421003356884,-0.0408372362805301,30.107518391265444,0.0054,0.45,4
0.0095109042753444,0.0042776014925156,0.0424044489264785,0.0729239779448576,32.01299092907549,0.0054,0.45,4
0.0094727798524434,0.0042026547433242,0.0373535620477418,0.0680169880547179,32.28856541975629,0.0054,0.45,4
0.0094785167946624,0.0043408158143145,0.0738022942972021,0.1157297314549449,31.426898175756445,0.0054,0.45,4
0.0094395875139511,0.0041279600269448,0.0320311139173457,0.0618253011372279,32.51780174514602,0.0054,0.45,4
0.0094073097865269,0.004051588481948,0.0274052117938764,0.0559292796401657,32.70770516113701,0.0054,0.45,4
0.009376669672917,0.0039738714430104,0.0232529630078684,0.0500772633130071,32.850559940606416,0.0054,0.45,4
0.0093483647151142,0.0038953015306207,0.0194619555352252,0.0440798070093618,32.95280586469431,0.0054,0.45,4
0.0093159633852409,0.0036605994483051,0.0060931833722527,0.0173625129307321,33.36978270781872,0.0054,0.45,4
0.009339532206158,0.0036428920398665,0.0030011548615214,0.0097913678616072,33.57100981797438,0.0054,0.45,4
0.0092978736734525,0.0035819744210747,0.0046077298045121,0.0132813801719253,33.30446258317472,0.0054,0.45,4
0.0093216533200461,0.0035637697094643,0.0021560937296157,0.0073581685874051,33.5022569980547,0.0054,0.45,4
0.0092820452824469,0.0035030797395635,0.0034008048119739,0.0092865788491887,33.21145091351706,0.0054,0.45,4
0.0093061338164088,0.0034841501726786,0.0014772947649642,0.0049760275545327,33.39642090175973,0.0054,0.45,4
0.0093242844286801,0.0038171833754949,0.0158387988599585,0.0375668704116812,33.017171456414104,0.0054,0.45,4
0.0093012703057343,0.0037375357099866,0.0128172063216256,0.0313447791647989,33.039229386940924,0.0054,0.45,4
0.0092556886454875,0.0027122156701136,0.0031361912897969,-0.0215040797301457,31.01829294846797,0.0054,0.45,4
0.0092744220523193,0.0027768701076537,0.0012844196707285,-0.0117233209233414,31.411872276897533,0.0054,0.45,4
0.0095663239321084,0.0046373551889211,0.1613942273594872,0.199795480548705,29.457419067163183,0.0054,0.45,4
0.0095188775425331,0.0045643776157113,0.146891405020624,0.1905745852985437,29.890103258989395,0.0054,0.45,4
0.0094702759664778,0.0044911180264361,0.1349261551589635,0.182835524000976,30.263740326538976,0.0054,0.45,4
0.0094289816635841,0.0044141882556489,0.1203011449992524,0.170782632505606,30.629208542625182,0.0054,0.45,4
0.0095124697784143,0.0047285772707846,0.2388785839552241,0.270860411962671,28.513428236051308,0.0054,0.45,4
0.0095102050019426,0.0048998192803108,0.3510622434295116,0.3516681579877795,27.124996193067428,0.0054,0.45,4
0.0094539291464604,0.0050055556522949,0.4518601414272902,0.4186376621121674,26.213487827400623,0.0054,0.45,4
0.0094120777158742,0.0051033227322684,0.5425101392293376,0.471035889854428,25.49046390309627,0.0054,0.45,4
0.0094548747641884,0.0048246786828806,0.3254264092948342,0.3394711764718707,27.61820508726917,0.0054,0.45,4
0.0091692556107411,0.0063222937304871,1.5661871547395538,0.7530335696282348,18.88543967434194,0.0054,0.45,4
0.0092187608517137,0.0061895221354802,1.4651039946970918,0.7445483396401683,19.33113218398169,0.0054,0.45,4
0.0092439712906691,0.0060535882662637,1.357602108565325,0.7317707970216291,19.93225498455183,0.0054,0.45,4
0.0093914890206462,0.0053924361790047,0.7818860890358762,0.5778862005693927,23.454679960044555,0.0054,0.45,4
0.0093057965669748,0.0059328234371427,1.2530357539679964,0.7119539914966156,20.404139760892104,0.0054,0.45,4
0.0093485077171557,0.0058180485743462,1.1510460345231175,0.6890127158277314,20.96825850385721,0.0054,0.45,4
0.009408171154863,0.0056770970946282,1.0188198649790017,0.6524811658920447,21.588476767415862,0.0054,0.45,4
0.0093979123397473,0.0055694652701149,0.9292136576502504,0.6274626597259095,22.323770291274865,0.0054,0.45,4
0.0093440060716141,0.0054949492898095,0.8810805994231611,0.6163862519055305,22.900378164878507,0.0054,0.45,4
0.0093673978385707,0.0052061514655594,0.6390364248591327,0.5207790956311592,24.727066597418148,0.0054,0.45,4
0.0093232074484697,0.0053135963965257,0.7391686204669002,0.56620570124893,24.047070520746026,0.0054,0.45,4
0.0090062394988925,0.0067118321856077,1.822904097271926,0.7495425718873135,17.91121280791678,0.0054,0.45,4
0.0090568612996919,0.0065759233093804,1.7403859577083798,0.7554376022987527,18.223406603915763,0.0054,0.45,4
0.0091167914269278,0.0064504283837806,1.6578149262392865,0.7563976574673532,18.532557107426296,0.0054,0.45,4
0.0087373771301101,0.0071400527521482,2.019740694103435,0.7060766720855881,17.459970774663258,0.0054,0.45,4
0.0087821417066318,0.0070069899648115,1.9635838717654976,0.723323734953009,17.661059553838125,0.0054,0.45,4
0.0088272325713412,0.0068727972554589,1.9000837803402133,0.7376234379341865,17.920017410821718,0.0054,0.45,4
0.0088744520924718,0.0067364080871271,1.828753435625457,0.7487476358568244,18.212284038924704,0.0054,0.45,4
0.0085194842297605,0.0074253857727905,2.0963206845988567,0.6597761694434752,17.444913785704838,0.0054,0.45,4
0.0085651418686272,0.0073022659751816,2.0603751707267985,0.6805826523409692,17.575434245409443,0.0054,0.45,4
0.0086086030085422,0.0071718336435728,2.0155181551219106,0.7004376980870556,17.742856153866867,0.0054,0.45,4
0.0082236144128581,0.008209406436589,2.195066840786528,0.4923557414697911,17.098830233562776,0.0054,0.45,4
0.0082270611939589,0.0080684100406834,2.1810709393345227,0.5269121430014261,17.23720940904941,0.0054,0.45,4
0.0082273006305679,0.0079243995340399,2.160730795589757,0.5601290944525034,17.378776114862276,0.0054,0.45,4
0.0081070255318064,0.0082738791850672,2.1703300492828137,0.4792783608190743,17.351574179757204,0.0054,0.45,4
0.0079903555759894,0.0083320666080226,2.1436746776940296,0.4680398078991877,17.56228735615716,0.0054,0.45,4
0.0084085334709644,0.0074618144571799,2.088686392603966,0.6524424152816518,17.672076235336956,0.0054,0.45,4
0.0081713114083225,0.0078072008614484,2.128406985054682,0.5853515424615728,17.737468999558825,0.0054,0.45,4
0.0082669111380855,0.0077355906313054,2.1334943946149703,0.6000821324386423,17.59854753567309,0.0054,0.45,4
0.0082681522515085,0.0076130322745805,2.1053435635654854,0.6237374786566255,17.770400160750828,0.0054,0.45,4
0.0082868817805367,0.0074982615492421,2.0783851272774143,0.6445172738316555,17.9278973969534,0.0054,0.45,4
0.0077895446645713,0.0087839888952306,2.077197296182875,0.3582113623443743,17.757205186822343,0.0054,0.45,4
0.0077947084100833,0.008631964838643,2.0896964409791434,0.3988160781408295,17.802656825018534,0.0054,0.45,4
0.007840260495703,0.0084958372410374,2.106670944307279,0.4321036699714547,17.78892616334446,0.0054,0.45,4
0.0078742545641772,0.008378938577191,2.115677030269364,0.4601213990947214,17.803838663712295,0.0054,0.45,4
0.0076407200177849,0.0089677008475571,2.015126658775174,0.3172610181314475,17.998009383661884,0.0054,0.45,4
0.0076592461925461,0.0088382601285941,2.036320106588644,0.351383988727016,18.01667846447449,0.0054,0.45,4
0.0075104127166137,0.009030834856822,1.9698338858722,0.3093985149027067,18.231116577200613,0.0054,0.45,4
0.0072947353337393,0.0094210870222215,1.831783141219644,0.2199849355919591,18.55209642684264,0.0054,0.45,4
0.0070178700774663,0.0097127355771351,1.6771026218746277,0.1680688106876049,18.94317763112807,0.0054,0.45,4
0.0071366169390907,0.0095932041431761,1.7436566999679464,0.1881391456135701,18.78197303946283,0.0054,0.45,4
0.0071843494724842,0.0094744031363715,1.7878847910231226,0.2161511912788271,18.710235136865936,0.0054,0.45,4
0.0073979936741709,0.0091038935390371,1.9269481309808785,0.2983317282013341,18.440308800435982,0.0054,0.45,4
0.0072768886408375,0.0091526571977138,1.885215466377952,0.2951251510532085,18.611505318674265,0.0054,0.45,4
0.0072697250398063,0.0092755864306067,1.857903861820636,0.2626715440430749,18.60176462539482,0.0054,0.45,4
0.0065577580203717,0.0099959144713165,1.463560274098073,0.1467040185940984,19.391031546397343,0.0054,0.45,4
0.0064134427911502,0.0099576448188546,1.4372941940337232,0.1755079467439887,19.485954083413773,0.0054,0.45,4
0.0066603984295883,0.0098911823526234,1.5249723093873666,0.1620821071337735,19.30925007285052,0.0054,0.45,4
0.0067628391435132,0.0097852442661321,1.5855621402888789,0.178231353134564,19.215840241785003,0.0054,0.45,4
0.0068667622532443,0.0096773899110503,1.6457381609424535,0.1952271605973352,19.1102140597922,0.0054,0.45,4
0.0051260577218263,0.0109228206772141,0.7581135883917743,0.0783252594027003,19.18775691046384,0.0054,0.45,4
0.0050154355032849,0.0109026727427696,0.7328349219772258,0.0966204372332631,19.060339537184287,0.0054,0.45,4
0.0049303915047845,0.0108679814238768,0.7195172608142946,0.1159210980794321,18.979497958726085,0.0054,0.45,4
0.0052100084421067,0.0108235890345424,0.8137842110157513,0.0966703403849912,19.267325943912763,0.0054,0.45,4
0.005294225800751,0.0107227716201315,0.8710038445981683,0.1148760336540007,19.35105682763213,0.0054,0.45,4
0.0058806133295332,0.0103353029710496,1.1661515169163277,0.1450759227733193,19.619002671345186,0.0054,0.45,4
0.0059744357212923,0.0102237229480332,1.2302882594370643,0.1624321185517916,19.62993855902033,0.0054,0.45,4
0.0062724096884857,0.0099189613382585,1.4128426886681733,0.2037540334732004,19.568849470416527,0.0054,0.45,4
0.0061740739835379,0.0100215686980754,1.352721295389662,0.1895748124240068,19.600246507597515,0.0054,0.45,4
0.0060750356087607,0.0101227492817253,1.292018273767076,0.1758967666966678,19.620198792606057,0.0054,0.45,4
0.0053852589578764,0.0106354835809564,0.9261975471489448,0.1279030125253403,19.420288430094427,0.0054,0.45,4
0.0054798065778088,0.0105805627017745,0.9713872813932116,0.1310682140139372,19.496358141517604,0.0054,0.45,4
0.0055819347757646,0.0104415780529848,1.0480799855642564,0.1558499116997441,19.56082598220388,0.0054,0.45,4
0.0055079060296994,0.0104879407117368,1.0115081889763364,0.1528286317436877,19.509096090747207,0.0054,0.45,4
0.0056194485304273,0.0103419381637611,1.093670647136255,0.1778660586904129,19.589213897777856,0.0054,0.45,4
0.0057454315950735,0.0103295608877531,1.1318736835354717,0.1646116105677726,19.61538257794677,0.0054,0.45,4
0.0045210662494392,0.0112802854816954,0.4812081939296572,0.0349908385996142,18.296174682000387,0.0054,0.45,4
0.004618902379354,0.0111835897110577,0.5347924723121107,0.0549268616619032,18.46014971110968,0.0054,0.45,4
0.0044257946781826,0.0112091814237473,0.4711507692101159,0.0637548789947163,18.13269198763762,0.0054,0.45,4
0.0047039220693169,0.0110825738980616,0.5878006306054379,0.0767143733897033,18.617873201341965,0.0054,0.45,4
0.0047829281450385,0.0109786366482137,0.6418345426849922,0.0993699524303084,18.764255474464616,0.0054,0.45,4
0.0048447655319557,0.0108865410028958,0.6887703095612098,0.1197725930972713,18.86150974992999,0.0054,0.45,4
0.0048954812679169,0.0108076474994899,0.7292548697316681,0.1371315134005024,18.98149616260422,0.0054,0.45,4
0.0041039382480671,0.0114883046718691,0.3147478655114001,0.0042187626170421,17.377214894665055,0.0054,0.45,4
0.0043124709407709,0.0113038463852608,0.41417869026695,0.0443009087703145,17.887185205935875,0.0054,0.45,4
0.0041726785612473,0.0113818490767757,0.3556106756037143,0.03086008633112,17.53415372320116,0.0054,0.45,4
0.0042327244044342,0.0113149235183754,0.3880601646261188,0.0466067933419049,17.6792630456651,0.0054,0.45,4
0.0039906455156727,0.0114684664496378,0.2857249288895014,0.0165435449691946,17.077856525741524,0.0054,0.45,4
0.0038551973815497,0.0114628296583405,0.2479191501958488,0.0248168959341467,16.699832703524986,0.0054,0.45,4
0.0037101577184909,0.0114828824655983,0.2038130258101019,0.0249584985698026,16.292733926571056,0.0054,0.45,4
0.0035841987490111,0.0114108731266532,0.1813853658425211,0.0483310959237161,15.889475964521525,0.0054,0.45,4
0.0034692315910512,0.0113763697693245,0.156237408690698,0.0590780653227957,15.464542329025518,0.0054,0.45,4
0.0033614045452267,0.0113447099552624,0.1333410720073289,0.0669013872639192,15.052945169679472,0.0054,0.45,4
0.0032587906191518,0.0113145091011456,0.1123915614806143,0.0721490408779604,14.636956012799528,0.0054,0.45,4
0.0031589306650322,0.0112860830020517,0.0927453017163346,0.0745462788334197,14.220004665191992,0.0054,0.45,4
0.0030433705679909,0.0112649617905625,0.0695607217802525,0.0710524462902192,13.65651682844816,0.0054,0.45,4
0.0029335846281077,0.0112442989566174,0.0494480972689802,0.0637964923446413,13.089472771342008,0.0054,0.45,4
0.0028295348832544,0.0112265780534264,0.0321682764262545,0.0522924038253043,12.492908005880262,0.0054,0.45,4
0.0027429951344052,0.0112055848401304,0.0200629565070721,0.039838253243219,11.983707019849332,0.0054,0.45,4
0.0026394478518105,0.0111788477958159,0.0075582445220928,0.0192803617197397,11.29452764114957,0.0054,0.45,4
0.0025929607271023,0.0111233792301537,0.0049269722362531,0.0129026647365026,11.080306513958954,0.0054,0.45,4
0.0026780622850068,0.0111834744427253,0.0123624075501128,0.028522986796744,11.606930094817049,0.0054,0.45,4
0.0043438780626285,0.0112152215696843,0.4452162156281681,0.0683041678964924,17.95200061499904,0.0054,0.45,4
0.0092252735499134,0.0026960037757797,0.0056499502954735,-0.0328547650740404,30.82740987561909,0.0054,0.45,4
0.0092370366144441,0.0026191616782308,0.0066714723557622,-0.0351642995012948,30.55172961607343,0.0054,0.45,4
0.0092519682310197,0.0025483069566929,0.0075834615421343,-0.0361629975323513,30.369459905375667,0.0054,0.45,4
0.0092208031778464,0.0025163923035082,0.0122150618748732,-0.0515736047836137,30.122779370773834,0.0054,0.45,4
0.0092139587943057,0.0024534049913122,0.01620480128434,-0.0618343380598991,29.831777845206464,0.0054,0.45,4
0.0094398334769487,0.0042655758573828,0.0653185748408751,0.1076860739949367,31.72003747386471,0.0054,0.45,4
0.0094034141166833,0.0041892158725513,0.0573472282439257,0.0992252009270267,31.96220726250402,0.0054,0.45,4
0.0093886208786128,0.0043368619003334,0.1073430455825266,0.1591338300957967,30.952092707091044,0.0054,0.45,4
0.009369313430344,0.0041117748435417,0.0499001579316956,0.0904112246317276,32.182286274460274,0.0054,0.45,4
0.0093375674875492,0.0040333192354212,0.0430019298277172,0.0813249844357679,32.348673604907724,0.0054,0.45,4
0.0093081871641759,0.0039539357354691,0.0366840593697076,0.0720347587192915,32.468733399814056,0.0054,0.45,4
0.0092811762184415,0.0038737135346677,0.0309875808762883,0.0625902430152976,32.55693806580182,0.0054,0.45,4
0.0092479423681958,0.0027878648902579,0.0024677867133699,-0.0195368143501277,31.285821455409778,0.0054,0.45,4
0.0092688205313571,0.0028511123224566,0.0009265843736248,-0.010496817424336,31.67734580166375,0.0054,0.45,4
0.0092681558478729,0.0034209967217367,0.0024270310099456,0.0052243895012365,33.07683841615735,0.0054,0.45,4
0.0092929976325042,0.0034041017203925,0.0009539864155181,0.0026251384333217,33.25932220719926,0.0054,0.45,4
0.0092421569011763,0.0028627410861916,0.0019126393030734,-0.0174241709951368,31.545847500140315,0.0054,0.45,4
0.0092653186719854,0.0029254992890514,0.000628278576028,-0.0091214032134302,31.92612860576719,0.0054,0.45,4
0.009256931922302,0.0033397163036855,0.0017061947541284,0.0013291491920871,32.91433199655636,0.0054,0.45,4
0.0092822839662287,0.0033236926384656,0.000572408764047,0.0003457353027723,33.088072960695044,0.0054,0.45,4
0.0092384742276558,0.0029389483823774,0.0014581264925975,-0.0150280810987703,31.79190360065889,0.0054,0.45,4
0.009263972225852,0.0029999787563199,0.0004034615713592,-0.0076088650885403,32.17041439222991,0.0054,0.45,4
0.0092374253228862,0.0030157549490638,0.0011217114764782,-0.012284716715584,32.03482709537343,0.0054,0.45,4
0.0092648412854784,0.0030810589919107,0.0002624164051128,-0.0058169250220686,32.414580426018375,0.0054,0.45,4
0.0092385581014892,0.0030974866798636,0.0009545573992654,-0.0091830841557538,32.27593963539951,0.0054,0.45,4
0.0092682317102616,0.0031620928313273,0.0002366427754204,-0.0038942307266043,32.66602379116397,0.0054,0.45,4
0.0092422405600703,0.0031768983479895,0.0009820112301868,-0.0059329227814599,32.506953538005746,0.0054,0.45,4
0.0092740225587734,0.0032429968659529,0.0003359223264053,-0.0018293624736162,32.88221687096767,0.0054,0.45,4
0.0092483670264865,0.0032582505394614,0.0012240338818372,-0.0024029335698036,32.7171466798029,0.0054,0.45,4
0.0092794215544635,0.0036562769630352,0.0102968557525334,0.0252945470780545,33.01855990248742,0.0054,0.45,4
0.0092599826479969,0.0035744398329058,0.008140387573409,0.0192079744284231,32.965553188036104,0.0054,0.45,4
0.0092464863495154,0.0034950312678654,0.0061486251528418,0.0129853951722295,32.878423136914,0.0054,0.45,4
0.0092565454078374,0.0037927409935332,0.0259014964604885,0.0531067224675046,32.60919176843037,0.0054,0.45,4
0.0092343076841542,0.0037111004659671,0.0214414937177987,0.0436335406786978,32.618998519883526,0.0054,0.45,4
0.0092160108587535,0.0027718527799526,0.0047359188237033,-0.0301361385199269,31.08146910153829,0.0054,0.45,4
0.0094627271435935,0.0046534911487851,0.2187939871612101,0.2589563407610422,28.97193698980525,0.0054,0.45,4
0.0094167712944876,0.0045748917193202,0.1977710512482912,0.2444860591378494,29.41215844173406,0.0054,0.45,4
0.0093717783832579,0.0044970949041067,0.1793198812733507,0.2305577640218874,29.796519011980347,0.0054,0.45,4
0.0093289055317735,0.0044181613301302,0.1619415162509566,0.2160578059014327,30.133126600168385,0.0054,0.45,4
0.0094021627742621,0.004747758488942,0.3002742192932492,0.3256589397769738,28.07693943484541,0.0054,0.45,4
0.0093103033761972,0.0051245696830958,0.5967758950607277,0.5044467766134869,25.31822581633492,0.0054,0.45,4
0.0093951257849557,0.0049283785190302,0.4212176010706083,0.4053040168401625,26.71405700896914,0.0054,0.45,4
0.0093507164605056,0.0050239751622972,0.5072161532823231,0.4568141527190466,26.00457022877992,0.0054,0.45,4
0.0093390667607165,0.004849312135624,0.3911233553343278,0.3900909302402367,27.18820472283437,0.0054,0.45,4
0.0092016554298333,0.0059536213758641,1.283496470324197,0.7229601269817083,20.519721893173905,0.0054,0.45,4
0.0090416076567491,0.006361377835533,1.5967227789731395,0.7579181777663199,19.111336919262687,0.0054,0.45,4
0.0090971401973957,0.0062337751407454,1.5045948878751016,0.7524007382946986,19.494796285723307,0.0054,0.45,4
0.0091391989405909,0.0061254855156353,1.42221007898486,0.743858651209082,19.867298853514544,0.0054,0.45,4
0.0091170669582347,0.0060242048049494,1.347852688026571,0.7359139447578206,20.33395161796307,0.0054,0.45,4
0.0092800632698452,0.0054207332372811,0.8381608475369401,0.605774898247236,23.38666860057369,0.0054,0.45,4
0.0092226520201585,0.005851351228853,1.199365311396997,0.7071055252596244,20.996992109186337,0.0054,0.45,4
0.0092658026562509,0.0057283533741921,1.092076338860517,0.6814567309016568,21.639918348967075,0.0054,0.45,4
0.0093045695498431,0.0056067741738263,0.9837355361481188,0.6505533088673059,22.19351993433961,0.0054,0.45,4
0.0092368429447291,0.005529545992709,0.937193448607674,0.6405773456486789,22.7841903603441,0.0054,0.45,4
0.0092507353856662,0.0052327107679235,0.6992417988026566,0.5534785844738611,24.54980368788335,0.0054,0.45,4
0.0092160187020092,0.0053465075540205,0.7977900769066854,0.5939511651487431,23.83946813500524,0.0054,0.45,4
0.0089263562523041,0.0065977975993568,1.749228694833034,0.756074595852615,18.52449311093872,0.0054,0.45,4
0.0089846114495166,0.0064753472714214,1.6733222161511712,0.7588275871395117,18.798381902632343,0.0054,0.45,4
0.0086527875432229,0.0070391874549566,1.9635672759450933,0.7181252377969866,17.94306627242061,0.0054,0.45,4
0.0086978829366981,0.0069038020738061,1.9038691349705363,0.7332882148800023,18.179005349916608,0.0054,0.45,4
0.0087420818104575,0.0067662373807059,1.836209634888608,0.7453980915107139,18.45809497568369,0.0054,0.45,4
0.0087869996139924,0.0066244278124944,1.7595334435903585,0.7541600477925802,18.79831501453588,0.0054,0.45,4
0.008442464044852,0.0073345870929998,2.0527760659687235,0.6738270439495483,17.831717318369915,0.0054,0.45,4
0.0084826433680092,0.0072051545801981,2.011384216842202,0.6936213357186362,18.002508020844584,0.0054,0.45,4
0.0085240260960519,0.0070729842199377,1.9632077646276584,0.7115201335761486,18.196723543948256,0.0054,0.45,4
0.008104338258497,0.0081329401420187,2.158900592723119,0.5138477027434348,17.502282439054763,0.0054,0.45,4
0.0081041740582709,0.0080009116884063,2.144133391917958,0.5442755938465412,17.63692044666412,0.0054,0.45,4
0.0081065419266948,0.0078928733297795,2.129491252131877,0.567673386334833,17.760410457087463,0.0054,0.45,4
0.0079916210002361,0.0081998817455079,2.1374696413619767,0.5002892328029986,17.717497124641213,0.0054,0.45,4
0.0078992610059446,0.0082766646840378,2.11936339032827,0.4841775340594978,17.85492062387478,0.0054,0.45,4
0.0083198833320505,0.0073721436909048,2.046161802084987,0.6657155175135295,18.076013044870084,0.0054,0.45,4
0.0080477793056006,0.0078074469462569,2.1037922411079566,0.5852675140701792,18.016935615503886,0.0054,0.45,4
0.008130378677346,0.0076853582531562,2.096306680241776,0.6091394945922097,18.000251649626673,0.0054,0.45,4
0.0081578373411559,0.0075390268251016,2.0673327299673194,0.6354946098035926,18.167960131217004,0.0054,0.45,4
0.0081894027278732,0.007414689002992,2.038821485101677,0.6561367365527347,18.309545596433946,0.0054,0.45,4
0.0076692863255395,0.0087160586915849,2.050745915147557,0.3832602719015596,18.055710782250348,0.0054,0.45,4
0.0077339750145156,0.0085179415441036,2.0791054230857484,0.430825597133792,18.08076604481584,0.0054,0.45,4
0.0076701215045771,0.0085971183530159,2.059411627986035,0.4137767299384472,18.081091673029555,0.0054,0.45,4
0.0077876810452278,0.0082881378718069,2.0935729452154104,0.4844382541086769,18.122325537124336,0.0054,0.45,4
0.0077361141860312,0.0084100047710022,2.0819578248345105,0.4571702171397582,18.105719359984736,0.0054,0.45,4
0.007527777145896,0.008897141627634,1.9940275708242283,0.3442189472019528,18.24743441875464,0.0054,0.45,4
0.007544604815759,0.0087655831345724,2.013899649239668,0.3775800601524187,18.275649764501555,0.0054,0.45,4
0.0074062786319747,0.0089638436592731,1.9524392186168813,0.3350438082481382,18.45686507030743,0.0054,0.45,4
0.0071654258970974,0.0093585511944378,1.8107751226638769,0.2499568511823608,18.748768241443543,0.0054,0.45,4
0.0069731096179674,0.0095672992851155,1.7055337552483003,0.2131502985873879,18.982513650149595,0.0054,0.45,4
0.0070733955681841,0.009459888685494,1.7610414777351322,0.2316525459078647,18.88236424276993,0.0054,0.45,4
0.0072911061069601,0.0090289047502061,1.9117072332690623,0.3267042783213263,18.63665103206715,0.0054,0.45,4
0.0071957397534956,0.0090871605552538,1.8764568071623235,0.3191767264188713,18.754719540857906,0.0054,0.45,4
0.0071493347520514,0.009206932537371,1.8403649464296383,0.2919771227192141,18.789816163392967,0.0054,0.45,4
0.0065143405200665,0.0098532923153262,1.497784598174383,0.1904741279928612,19.42399446008784,0.0054,0.45,4
0.006371107520803,0.0098153193448798,1.472312897972467,0.2182854632618422,19.52723983678926,0.0054,0.45,4
0.0066147321293203,0.0097477798622882,1.5572741224280426,0.2061243703035969,19.35160549656016,0.0054,0.45,4
0.0067154077929933,0.0096397776153586,1.616112941587441,0.2227878145893433,19.26688398506632,0.0054,0.45,4
0.0068169131776485,0.0095310096446049,1.6736579571344905,0.2400345280823761,19.17225350367121,0.0054,0.45,4
0.0050878181944402,0.0107949106115266,0.7885546872513678,0.1191744506380302,19.175216818739614,0.0054,0.45,4
0.0049782497821284,0.0107913495929284,0.7584550471141029,0.1326822662745404,19.063145386478123,0.0054,0.45,4
0.0051725968003899,0.0106876470528079,0.8488108558907635,0.1395095983438355,19.26655826034798,0.0054,0.45,4
0.0052672749549273,0.0105812650703532,0.912339127397927,0.1577101513236998,19.37866062271679,0.0054,0.45,4
0.0062300381183645,0.0097763364555674,1.4487359331023593,0.2457883963899502,19.61606668867262,0.0054,0.45,4
0.0058226341371838,0.0101786272738395,1.205877961667113,0.1945463539887091,19.647443877498294,0.0054,0.45,4
0.0059408113245493,0.0100810742971085,1.2711978763981804,0.2045425958835001,19.65439573506573,0.0054,0.45,4
0.0061349092594761,0.0098808620678219,1.389990243035436,0.2311295701394834,19.642398058570983,0.0054,0.45,4
0.0060397364437073,0.0099815830826206,1.3313399231741734,0.2174616288600102,19.653873583606067,0.0054,0.45,4
0.0053880073099211,0.0104915496071768,0.9774104505436112,0.1673011244989372,19.46653694788156,0.0054,0.45,4
0.0054871679022551,0.0103733845638,1.046787533535929,0.1866640304296353,19.54781208111063,0.0054,0.45,4
0.0055476559011297,0.0102630464493639,1.1029509185023332,0.2082781783346599,19.60954887799521,0.0054,0.45,4
0.005667407488207,0.0102095088306241,1.153925937422114,0.2068253106321826,19.644106857205347,0.0054,0.45,4
0.0057293341420416,0.0100927896854843,1.2121323607569017,0.2291945505056178,19.676037948327945,0.0054,0.45,4
0.0045030319366913,0.0111446422396271,0.5110684875597603,0.0765384194868481,18.29219539993255,0.0054,0.45,4
0.0045819049984333,0.01104824028875,0.5618183057258753,0.0982038722505074,18.433660288048355,0.0054,0.45,4
0.0043841969160157,0.0111190290523582,0.4827774735892096,0.093888208058413,18.07676638231812,0.0054,0.45,4
0.0046646402921622,0.0109515835405989,0.6154883749138277,0.1190207998401027,18.606611506833246,0.0054,0.45,4
0.0047442978468458,0.0108610369028328,0.6677583070920098,0.1376642090460136,18.753063347176056,0.0054,0.45,4
0.0048191291429828,0.0107804430251448,0.7162896997112665,0.1532718624980366,18.884598117470063,0.0054,0.45,4
0.0049048703835373,0.0107119224513376,0.7644898777561822,0.1636425723645335,19.034540437228213,0.0054,0.45,4
0.0040664740406177,0.0113551870405441,0.3300324936120669,0.0452210733447908,17.270790353563026,0.0054,0.45,4
0.0042463469897899,0.0112220586093622,0.4144135394278579,0.0733057211736474,17.749450109385197,0.0054,0.45,4
0.0041507279330482,0.0112708433400581,0.3738951654038673,0.0650931989818303,17.503373444228544,0.0054,0.45,4
0.0039304784050885,0.0113119213705594,0.2992223849739978,0.0650832701622669,16.956564928602862,0.0054,0.45,4
0.0037900369150231,0.0113457422693343,0.2513997990864558,0.0609543320311944,16.548500215620603,0.0054,0.45,4
0.003670749082961,0.0113356307735989,0.2192923318890342,0.0673735725737931,16.159014476149796,0.0054,0.45,4
0.0035578103447762,0.0113063161983201,0.1932888416974999,0.0775877109962437,15.80862727263107,0.0054,0.45,4
0.0034482444766612,0.0112731148846891,0.1695660866830039,0.086872313446443,15.423788898509397,0.0054,0.45,4
0.003341294332178,0.011244324249092,0.1463452287309887,0.0928057956172443,15.026562871014209,0.0054,0.45,4
0.0032374503093574,0.0112173827950813,0.1243511189037742,0.0958258699152052,14.607972777027411,0.0054,0.45,4
0.0031369379454529,0.0111921708666551,0.1036944859170791,0.0958257142036559,14.188512607724292,0.0054,0.45,4
0.0030207918024553,0.0111747720587401,0.0789013634930981,0.0891770848942312,13.625535184565294,0.0054,0.45,4
0.0029092618176634,0.0111582006673267,0.0567432365004839,0.0781564160153783,13.035906153158743,0.0054,0.45,4
0.0028055911397593,0.0111430387530043,0.037904340830752,0.0633521942598456,12.45532220975281,0.0054,0.45,4
0.002614379040603,0.0111021606645138,0.0093879694042417,0.0226261800928561,11.238237555255644,0.0054,0.45,4
0.0025658457771259,0.0110469249952828,0.006125619119891,0.0148990870848473,11.051468593916203,0.0054,0.45,4
0.0027184039521301,0.0111246363540423,0.0241809429244332,0.047606288172284,11.93523031781478,0.0054,0.45,4
0.0026526655070686,0.0111043269828633,0.0151817995925765,0.0336782938564075,11.5617303653851,0.0054,0.45,4
0.0042812295248199,0.0111168744022861,0.4525239748222766,0.1024148695621284,17.850700172233335,0.0054,0.45,4
0.0091706451770311,0.0027333960412489,0.009332749204011,-0.0464877040476691,30.73144552976233,0.0054,0.45,4
0.0091825781502373,0.0026543013565584,0.0106451489595029,-0.0503802154382472,30.47956428877536,0.0054,0.45,4
0.009196572655506,0.0025764803576726,0.0121816290996607,-0.0538903534342994,30.25432535374227,0.0054,0.45,4
0.0091622295215291,0.0025171873105349,0.0191748495171026,-0.0727113374683784,29.86802465643068,0.0054,0.45,4
0.0091467619570453,0.0024417836702928,0.0259925021944107,-0.0883089296893261,29.52755180537517,0.0054,0.45,4
0.0093496230723088,0.0042593545167296,0.0958166164037307,0.1477709991115982,31.207149405145795,0.0054,0.45,4
0.009313408590259,0.0041806881536438,0.0848062059146332,0.1355917625466886,31.455454424001086,0.0054,0.45,4
0.0092894532055244,0.0043386540350675,0.1453551556267415,0.2006346870832789,30.43042550265289,0.0054,0.45,4
0.0092798816314019,0.0041002888236008,0.0742767564319506,0.1227398701274388,31.64430676277588,0.0054,0.45,4
0.009249370745921,0.0040201911759934,0.0646947446616607,0.1097093416604915,31.799503890394828,0.0054,0.45,4
0.0092204813741084,0.0039381259558176,0.0559387019020985,0.0963702718641643,31.92043275629244,0.0054,0.45,4
0.0091940497318451,0.0038552328631676,0.048023885442929,0.0829228568928645,32.000905580624924,0.0054,0.45,4
0.0092107176475244,0.0028489581377434,0.0038269565899444,-0.0264745262973613,31.330579148923047,0.0054,0.45,4
0.0092330931391529,0.0034131981524213,0.0047259778154806,0.0070581911250828,32.76552575321444,0.0054,0.45,4
0.0092063386271376,0.0029255890586685,0.0031767938775736,-0.0228962952031803,31.56382664973749,0.0054,0.45,4
0.0092222236016297,0.0033309907071882,0.0036459568452552,0.0013106528783006,32.61011918133803,0.0054,0.45,4
0.0092043479278812,0.0030039707929053,0.002719680829171,-0.0188573493056605,31.79233483098606,0.0054,0.45,4
0.0092049622456014,0.0030855874580844,0.0024843764273375,-0.0142989531042426,32.01690193959195,0.0054,0.45,4
0.0092081239484209,0.0031661782380787,0.0025559249492349,-0.0094533244265092,32.23123549430179,0.0054,0.45,4
0.0092139046349249,0.0032485614238994,0.0029263260541079,-0.0042111689354394,32.427839141338204,0.0054,0.45,4
0.0092144721526802,0.003628854044385,0.0175975990156689,0.0342143653930989,32.59132868369192,0.0054,0.45,4
0.0091970539190144,0.0035460551918438,0.0143812116968365,0.0249001195971446,32.52540329699988,0.0054,0.45,4
0.0091820836200792,0.0034627554372767,0.0117546558275161,0.0157376376437616,32.444714159081286,0.0054,0.45,4
0.0091700759393124,0.0037716387292513,0.0409891173270799,0.0694456729837919,32.041549428729176,0.0054,0.45,4
0.009148561962084,0.0036874319859324,0.034845338064715,0.0560119599975831,32.04543164812682,0.0054,0.45,4
0.009161210088806,0.0028100215623516,0.0082760431491723,-0.0421211140874545,30.963349724769472,0.0054,0.45,4
0.0093509246598913,0.0046694206636274,0.2763963484729817,0.3108981313828374,28.49317791385645,0.0054,0.45,4
0.0093016888460193,0.0045919225324773,0.2548148123455356,0.2960284435227361,28.86853289875094,0.0054,0.45,4
0.0092585055142697,0.0045103429826293,0.2312661925231171,0.2776851959152226,29.227783149807404,0.0054,0.45,4
0.0092149327951698,0.0044287641640628,0.2105578404764567,0.2598101905327832,29.53556912020644,0.0054,0.45,4
0.0092865244893974,0.0047680236211899,0.3611286039934576,0.3726968148544252,27.641325236965788,0.0054,0.45,4
0.0092130523019437,0.0051340816395565,0.6377392599028243,0.5271521924513611,25.160583491710973,0.0054,0.45,4
0.0092420618876013,0.0050392649018069,0.5590204004968662,0.4885498756856958,25.77790061902465,0.0054,0.45,4
0.0092899116660858,0.004943552631282,0.4739951684322046,0.4415371874806763,26.466057290558435,0.0054,0.45,4
0.0092347861549716,0.0048605705967472,0.4399762472298438,0.4231747350779288,26.952626499880346,0.0054,0.45,4
0.0089363073752199,0.0063780341027966,1.6092143156859635,0.7592254288284421,19.266171754244947,0.0054,0.45,4
0.0091187897351709,0.0059061393188608,1.2574100224359153,0.7219130886703113,20.956742683818337,0.0054,0.45,4
0.0089675689070728,0.0062687162510024,1.534773109881064,0.7565766099589423,19.651070211686967,0.0054,0.45,4
0.009017969639146,0.0061247972428947,1.4308932644893584,0.7481598339752907,20.109059433519064,0.0054,0.45,4
0.0090191563425578,0.0059845667792907,1.3284535442785952,0.7354193554874165,20.738725179360085,0.0054,0.45,4
0.009168868977259,0.0054503322742619,0.8916806338148042,0.6284738264817998,23.280426976966293,0.0054,0.45,4
0.009138694108576,0.0057784873785795,1.15537797838517,0.7014703897389909,21.533869003348936,0.0054,0.45,4
0.0091728904805244,0.0056389286905924,1.0391418346121435,0.6724661690069134,22.149992391954893,0.0054,0.45,4
0.009142860615821,0.0055415710817618,0.969094672506824,0.6532841743820069,22.80854475797664,0.0054,0.45,4
0.0091374541846853,0.005198252236099,0.7094633231359323,0.5602091305528206,24.76984333509975,0.0054,0.45,4
0.0091523284434217,0.0052874325483814,0.7713088033066641,0.5852086041400688,24.242541951361,0.0054,0.45,4
0.0091027273704581,0.0053803722289134,0.8553016384676847,0.6171962214978866,23.72094384675328,0.0054,0.45,4
0.008840278478638,0.0064719602223949,1.669486586847819,0.759049285982826,19.161635555935188,0.0054,0.45,4
0.0085665301018324,0.0069393439471391,1.908385941601505,0.7269778233595411,18.426152068166875,0.0054,0.45,4
0.008609330888018,0.0068033133641357,1.846044840873558,0.7397091831299333,18.676990498651453,0.0054,0.45,4
0.0086527693200326,0.006662918662317,1.775027620430606,0.7494344865595878,18.97748033321569,0.0054,0.45,4
0.0086882020452183,0.0065206878512213,1.6962970299732203,0.7552355399637288,19.35256403264568,0.0054,0.45,4
0.0083590979992017,0.0072407580823272,2.0075949564003817,0.6857990214543871,18.23861075853688,0.0054,0.45,4
0.0083959773373924,0.0071080707234509,1.9624288857670351,0.7037908236518006,18.426081825162942,0.0054,0.45,4
0.0084375050444378,0.0069742372865568,1.9115444735763585,0.7195827105874426,18.655923886511136,0.0054,0.45,4
0.0079736623935698,0.0080669974322304,2.1225350904029416,0.5311209802107753,17.870624177402007,0.0054,0.45,4
0.0079802732550324,0.0079257733170161,2.107914976629603,0.5613725029547233,18.00764413783421,0.0054,0.45,4
0.0079431902625566,0.0078040989310468,2.082959363984568,0.5852509910878152,18.252538043970432,0.0054,0.45,4
0.0078507686809842,0.0081609362023207,2.102619508862757,0.5121026428559757,18.06680509467358,0.0054,0.45,4
0.0077247855189537,0.0081955217298662,2.0764374707867423,0.5066829114569831,18.273992820509086,0.0054,0.45,4
0.0082329149145567,0.0072827480669558,2.0047806467945644,0.6765421209515613,18.47460925296268,0.0054,0.45,4
0.0081100993305907,0.007317372532566,1.9989790183478904,0.667906978031671,18.62513626144229,0.0054,0.45,4
0.0079768238541931,0.007707118810613,2.0725146368093004,0.6034127993445998,18.30646708111988,0.0054,0.45,4
0.0080165904821453,0.0075809510852775,2.053559154304035,0.6258378180401684,18.388165025799363,0.0054,0.45,4
0.0080450079895868,0.0074499294320574,2.026700167072691,0.6472046026391086,18.528559591170644,0.0054,0.45,4
0.0075586798666538,0.0086252126671035,2.0299186082474354,0.4122423234131562,18.321647788544137,0.0054,0.45,4
0.0075944358657174,0.0084727397512423,2.047045143771762,0.4474922509409595,18.33689853973965,0.0054,0.45,4
0.0076408364768408,0.0083059542678786,2.0604312052270046,0.4843678390166407,18.36419798544336,0.0054,0.45,4
0.0074176474979128,0.0088278909813826,1.97432180645396,0.3694108647703402,18.476737278515376,0.0054,0.45,4
0.0074313949886044,0.0086892840602382,1.9931627919021333,0.4031060836873042,18.51777990843977,0.0054,0.45,4
0.0072927290585969,0.008894399062675,1.9336250036582248,0.3609783869830305,18.672992177320623,0.0054,0.45,4
0.007021053627483,0.0093138620865592,1.7827226696940297,0.2758710286382205,18.967762668072258,0.0054,0.45,4
0.006914861648893,0.0094185645530918,1.7292173519558904,0.2591163301296093,19.06970751250824,0.0054,0.45,4
0.007177006882685,0.008971474487284,1.892487157390977,0.3500435794129889,18.81353522501673,0.0054,0.45,4
0.0070843567932461,0.0090758366658119,1.8502925466679487,0.3313052419279688,18.933435659577253,0.0054,0.45,4
0.0069913827517919,0.009171554419767,1.807244051458065,0.3152063464718816,19.00564629815474,0.0054,0.45,4
0.0064694534247299,0.0097111512909055,1.5305597990692783,0.2331829056848966,19.47338274740142,0.0054,0.45,4
0.0063274321058853,0.0096740831825912,1.505954840703169,0.2596853212056854,19.58945368245252,0.0054,0.45,4
0.006567604114673,0.0096035687831706,1.588253287453622,0.2492789459486825,19.4102722361542,0.0054,0.45,4
0.0066637185111303,0.0094933420199584,1.6443726541809915,0.2666204882436477,19.337077110783525,0.0054,0.45,4
0.0067610004134741,0.0093821724007827,1.6989489516914842,0.2844501245503331,19.27397200077777,0.0054,0.45,4
0.0050343088489249,0.0106623776935772,0.8185141686941603,0.1630402739105953,19.1771890229998,0.0054,0.45,4
0.0051415197032798,0.0105465049832549,0.8897655056782644,0.1827790680973382,19.30307848388165,0.0054,0.45,4
0.0052456856265456,0.0104457234772766,0.955003154494641,0.1977439930636406,19.41530243350488,0.0054,0.45,4
0.0061829027182024,0.0096250734946827,1.4857564512832124,0.28907977399711,19.68798670527693,0.0054,0.45,4
0.0060927688556139,0.0097428132598812,1.4254012055677892,0.2711396463704436,19.700817884450853,0.0054,0.45,4
0.0058230737582282,0.0100396957027133,1.25525398896052,0.2306724040085996,19.69667077731117,0.0054,0.45,4
0.0059133673689366,0.0099392408403068,1.3136333326384158,0.2446250787012896,19.700871997606736,0.0054,0.45,4
0.006000977941572,0.0098435648822413,1.3686926081388329,0.2575426129906072,19.706913683861668,0.0054,0.45,4
0.0057068180261426,0.0099870979099064,1.2444268996011694,0.2591762588300014,19.721960696868504,0.0054,0.45,4
0.0053490009536757,0.0103450444937072,1.0199032408389257,0.2120324281166043,19.50657730791973,0.0054,0.45,4
0.0054407825806916,0.01024307149521,1.081956231227812,0.2274451449208641,19.580835954491864,0.0054,0.45,4
0.0055353143965963,0.0101523286276747,1.140182412430594,0.2389817566291907,19.64111852514144,0.0054,0.45,4
0.0056189432728759,0.0100734886842861,1.1906476517840792,0.248506365204866,19.68719691743018,0.0054,0.45,4
0.0045414666014843,0.0109140666098061,0.5909076184121211,0.1416978171088052,18.43491427817076,0.0054,0.45,4
0.0044403540187576,0.011002369221796,0.5332494135331397,0.1242278813882627,18.24132224757,0.0054,0.45,4
0.0043290247882174,0.0110344115239644,0.4904346362609656,0.1235892677947942,18.00711108581528,0.0054,0.45,4
0.0046333221050683,0.0108249468932417,0.6471759909931625,0.1593380036504772,18.62344697980732,0.0054,0.45,4
0.0047212397468792,0.0107399948830046,0.701788217803362,0.1752984203547702,18.787159386072226,0.0054,0.45,4
0.0048124645823313,0.0106601409393532,0.7561912307432178,0.188629913106885,18.935631640955567,0.0054,0.45,4
0.0049161875142215,0.0105870007228331,0.8120530035028574,0.1978936335917748,19.095141481849904,0.0054,0.45,4
0.0040352388281357,0.0112208955753642,0.3515197226610156,0.0868064506455716,17.261285741117153,0.0054,0.45,4
0.0041508836291307,0.0111302462430427,0.4095601030807846,0.1072306591477627,17.565851620763024,0.0054,0.45,4
0.0038345171065844,0.0112365526371627,0.2882026583938315,0.091177112145914,16.745019177854886,0.0054,0.45,4
0.003923680953044,0.0111729314395422,0.330138755731068,0.1065876621679603,17.006869768189375,0.0054,0.45,4
0.0037304390160238,0.011227255468792,0.2596713631879899,0.0971177816606991,16.40040005802474,0.0054,0.45,4
0.0036266303254738,0.0112412580245058,0.2264579393152218,0.0952099413253373,16.080947769255765,0.0054,0.45,4
0.0035350992424821,0.0111962398508557,0.2102331389292253,0.1087613849869554,15.772665239217206,0.0054,0.45,4
0.0034253080263418,0.0111704127827,0.1849828029837095,0.1150420770265026,15.410453302136704,0.0054,0.45,4
0.0033174026957742,0.0111455179045443,0.1606346095646088,0.1187014721645463,15.01382218741318,0.0054,0.45,4
0.0032135581839362,0.0111210706571615,0.1379522892065098,0.1196817102777414,14.591482256174627,0.0054,0.45,4
0.0031124299569062,0.0110990649760435,0.116107033553628,0.1172592804477435,14.180633777167875,0.0054,0.45,4
0.002999608314896,0.0110851847675451,0.0904913281785713,0.1079674298095215,13.630602443984648,0.0054,0.45,4
0.0028811201346991,0.0110721205285341,0.0648061150078512,0.0925303449794666,13.013784872238377,0.0054,0.45,4
0.002779211268412,0.0110608591121412,0.0443195888821219,0.07430739941737,12.428628368677506,0.0054,0.45,4
0.0025871587808048,0.0110262011451273,0.0114761197333944,0.0260037693761555,11.210877013870611,0.0054,0.45,4
0.0025364703262705,0.0109713107617013,0.007463329145033,0.0168959623503304,11.047280625699434,0.0054,0.45,4
0.0026237683619496,0.0110252845428846,0.018224125602663,0.0385795679693448,11.539917291403164,0.0054,0.45,4
0.0026909999181359,0.0110428453710558,0.0289758197484933,0.0555687019712874,11.908574745571892,0.0054,0.45,4
0.0042301136931576,0.0110110341848649,0.4675603414086602,0.1378942252237762,17.798794566411328,0.0054,0.45,4
0.0090987855149847,0.0027674725791217,0.015767304894329,-0.0619299774155922,30.523536272488183,0.0054,0.45,4
0.0091105943464677,0.0026893852036062,0.0171518244196876,-0.0680011382377083,30.27745208524482,0.0054,0.45,4
0.0091107625540391,0.0025989411509475,0.0211539585063343,-0.0789876535243436,29.99792558655401,0.0054,0.45,4
0.0090756690379829,0.0025124886438485,0.0312234158989662,-0.1013751706923704,29.57062715700466,0.0054,0.45,4
0.009045867739477,0.0024244724936672,0.0427257392182579,-0.1240507240970705,29.137491893934435,0.0054,0.45,4
0.0092464079361631,0.0042583877600309,0.1319758705676808,0.1867847256783973,30.664859253338644,0.0054,0.45,4
0.0092130056073839,0.0041758344514334,0.116584978597264,0.1694896975477251,30.87755964267291,0.0054,0.45,4
0.0091731072626769,0.0043462987200276,0.191321000971273,0.2414083103584701,29.81354440388573,0.0054,0.45,4
0.009178555361019,0.0040963011270703,0.1045474700010913,0.1539985828710784,31.040182210360506,0.0054,0.45,4
0.0091442377796309,0.0040124488136106,0.0932225329677782,0.1376732242792545,31.16149919466842,0.0054,0.45,4
0.0091157525464174,0.0039271257831052,0.0817827995346516,0.1199922719990777,31.26392911113459,0.0054,0.45,4
0.0090898882679983,0.0038409388710322,0.0714323932770295,0.1021434340670509,31.33552539819836,0.0054,0.45,4
0.0091541164993943,0.0028850833576422,0.0074493214662118,-0.037316316716381,31.172759586304696,0.0054,0.45,4
0.0091696188963969,0.0033790052102779,0.009686541481324,0.0068229041321401,32.310395487844794,0.0054,0.45,4
0.0091494415046067,0.0029636577571703,0.0068374898539313,-0.0316399326236497,31.379901555368264,0.0054,0.45,4
0.0091597603840818,0.0032948642103561,0.0081686845499538,-0.0018505648020134,32.15670010367476,0.0054,0.45,4
0.0091474369205365,0.00304485616041,0.006539020932934,-0.0251605355236962,31.587523980718256,0.0054,0.45,4
0.0091485896775398,0.0031296080425399,0.0066458011780817,-0.017766990211428,31.79024496685077,0.0054,0.45,4
0.0091526317250962,0.0032105156077311,0.0071473488343049,-0.0101885246938291,31.97697105007018,0.0054,0.45,4
0.0091294946163815,0.0036026692683384,0.0295732431898163,0.0426876213339333,32.011324794174186,0.0054,0.45,4
0.0091109437435103,0.0035168818720147,0.0254300479062931,0.0296942167701734,31.93890233250001,0.0054,0.45,4
0.0090997337241944,0.0034310929891378,0.0213942313977917,0.0166810126173523,31.86181333011732,0.0054,0.45,4
0.0090664500448934,0.0037539258688985,0.0622398892114764,0.0842848192268726,31.37543698423548,0.0054,0.45,4
0.0090459163122168,0.0036666415978618,0.0541765003046738,0.0665881859820858,31.38462505429661,0.0054,0.45,4
0.0090875683196581,0.0028437625896853,0.0149004329322417,-0.0557849143896476,30.70248992634976,0.0054,0.45,4
0.0092370681450714,0.0046852936180896,0.3320198579650804,0.353772957478846,28.05447555736469,0.0054,0.45,4
0.0091908446940872,0.0046022750121645,0.3044862950916793,0.3337500701439232,28.4344388604684,0.0054,0.45,4
0.0091455741830551,0.0045181295853518,0.2788433626587963,0.3130974041907921,28.76666972462153,0.0054,0.45,4
0.0091010060999164,0.004433718546486,0.2555931493106496,0.2922398802432058,29.04379182725736,0.0054,0.45,4
0.0091836225611032,0.0047736483786779,0.4050496257860422,0.4019684420854653,27.377464716059247,0.0054,0.45,4
0.0091269499755708,0.005079169455983,0.6270938559681604,0.5233461933146494,25.501954090382544,0.0054,0.45,4
0.0090541205284096,0.0051649284837151,0.7111702212168189,0.5602652598186462,24.89674360441722,0.0054,0.45,4
0.0091773596944763,0.0049603168859966,0.5275579203212172,0.473141274999632,26.190236488401663,0.0054,0.45,4
0.0091320623440416,0.0048689165829022,0.483897163896985,0.4485825050240669,26.73059632395292,0.0054,0.45,4
0.0088400859247363,0.0063253571403749,1.5763809899288967,0.7581300094658229,19.73101365868548,0.0054,0.45,4
0.0090095062943471,0.0058484497204163,1.2287507721177269,0.7188192330572826,21.42447221344576,0.0054,0.45,4
0.008928968826899,0.0059436759412324,1.3087066056089875,0.7325460733421096,21.10252591414475,0.0054,0.45,4
0.0088766378898665,0.0061876106896445,1.4835377748432177,0.7531588520542688,20.17624482905057,0.0054,0.45,4
0.0089142663810244,0.0060566236137096,1.3904470568558926,0.7440663628823599,20.60289143318037,0.0054,0.45,4
0.0090614876471873,0.005498145269991,0.9548113313714712,0.6502423870143249,23.13204770013058,0.0054,0.45,4
0.0090425230145965,0.0056977023689636,1.1100266801715917,0.6929656312241633,22.085923224642467,0.0054,0.45,4
0.0090742125049406,0.0055909036454295,1.022496627829142,0.6696721022826393,22.585935434221746,0.0054,0.45,4
0.00893005146637,0.0057355830662124,1.157642319485772,0.703587649914676,21.988356315744685,0.0054,0.45,4
0.0090435812748722,0.0052801689415873,0.797287630236673,0.5956152731355527,24.25799862465893,0.0054,0.45,4
0.0090093647309408,0.0050882402198429,0.6715774724340867,0.5414686084237754,25.33038137577738,0.0054,0.45,4
0.0089605188114513,0.0051894499620329,0.7564123251257745,0.5766839080906605,24.671325469919648,0.0054,0.45,4
0.0089740779707609,0.0054196477667808,0.9172369220655344,0.6373811653234137,23.54789463142515,0.0054,0.45,4
0.0087246119870493,0.0063824388628535,1.6141169097100807,0.7570321260647858,19.71753672765097,0.0054,0.45,4
0.0085987817885079,0.0064310651607534,1.643678351368327,0.7530224963574524,19.841764578835697,0.0054,0.45,4
0.0084774041958684,0.0068423617110381,1.855290377472504,0.732441338981154,18.89350572349234,0.0054,0.45,4
0.0085181873754032,0.0067057141646031,1.7908632194420802,0.7426791897978048,19.158893947574267,0.0054,0.45,4
0.0085596742218886,0.0065669840177735,1.7193731145553393,0.749753290086331,19.47991674980511,0.0054,0.45,4
0.0082693269225128,0.0071429616455922,1.960773539587656,0.6954418309555401,18.6558583209162,0.0054,0.45,4
0.0083052280805289,0.0070097297880291,1.913508906296826,0.7109355081660346,18.870401331166963,0.0054,0.45,4
0.0083495892465202,0.0068828461947569,1.863970324693027,0.7240409243083176,19.07859915413564,0.0054,0.45,4
0.0078469997604942,0.0080025043530166,2.089156119250166,0.5462056944152055,18.24448280767589,0.0054,0.45,4
0.0078647322107327,0.007746192093288,2.0594784159853954,0.5952065161727288,18.52411338541913,0.0054,0.45,4
0.007850826901797,0.0078683175135165,2.0746711723156293,0.5727630381858674,18.361662419994303,0.0054,0.45,4
0.0077286149370533,0.0080707092067948,2.0704250862643754,0.533171379594569,18.38196141970656,0.0054,0.45,4
0.0076134496181608,0.0081576033085799,2.0513764065369995,0.5169037785835376,18.60047239008451,0.0054,0.45,4
0.0081419188150157,0.0071964172418473,1.964745194883648,0.6843228002857124,18.817486395554457,0.0054,0.45,4
0.0080436818399378,0.0072389351415508,1.9666781871859835,0.6752435263323497,18.935592229554832,0.0054,0.45,4
0.0079956021932328,0.0073231882487063,1.9855291008588207,0.663017269739122,18.909031410366826,0.0054,0.45,4
0.0078880882967976,0.007629372437029,2.042496233860083,0.6154983793743919,18.66290855352952,0.0054,0.45,4
0.0079179255260886,0.0075097506005684,2.0220632621207693,0.6347044354625232,18.74696999633205,0.0054,0.45,4
0.0079268052044144,0.0074023389108302,1.9977060162132925,0.6502758129469935,18.887171050300555,0.0054,0.45,4
0.0074481216843502,0.0085479497696127,2.00858958139536,0.4359413105692143,18.570006287302032,0.0054,0.45,4
0.0075115846547647,0.0082321975923474,2.031865033946979,0.5034228053461388,18.6508243461538,0.0054,0.45,4
0.0074510938128657,0.0084290246152485,2.0156350978524764,0.462856731764896,18.606989738114127,0.0054,0.45,4
0.0075165443799041,0.0083487120219744,2.032319104325183,0.4783181224433345,18.61077744828016,0.0054,0.45,4
0.007301796186115,0.0087572958465651,1.9543578288816683,0.3940618795784942,18.718614191138705,0.0054,0.45,4
0.0073175198808354,0.008611771962193,1.973479946390274,0.4274965316486374,18.767565230755068,0.0054,0.45,4
0.0071621711576281,0.0088171181768696,1.9131376899105832,0.3886445089661182,18.907098143320948,0.0054,0.45,4
0.0068660075313323,0.0092525777753116,1.7574914980181862,0.3065814709297463,19.168012726204648,0.0054,0.45,4
0.0070553832428993,0.0089326792316868,1.8694315184467625,0.3686459978681564,19.04703237756857,0.0054,0.45,4
0.0069729320193361,0.009036491694744,1.830496922863676,0.3501986718436418,19.11534828934151,0.0054,0.45,4
0.0068901393388328,0.009113214021799,1.7947478321176284,0.3386437143194564,19.177986052436136,0.0054,0.45,4
0.0064254315927785,0.009568407862853,1.5627895704607269,0.2745279203344659,19.53255869114687,0.0054,0.45,4
0.0062931967611615,0.0095404193842062,1.5388637726010652,0.296616339430351,19.640594450697623,0.0054,0.45,4
0.0065168812370865,0.0094609540476598,1.616701474970733,0.2908433777130787,19.48975793298824,0.0054,0.45,4
0.0066060002482362,0.009340193513764,1.6715579125411215,0.3108640018436155,19.434560067780165,0.0054,0.45,4
0.0067092400598477,0.0092392400400603,1.722155171249066,0.3249252011950871,19.34344354747541,0.0054,0.45,4
0.0061913156251407,0.0095048414887398,1.5254999610690174,0.3168418668568733,19.73041782107198,0.0054,0.45,4
0.0061103857208528,0.0095325533969604,1.4978568380827786,0.3196688811581036,19.762939063214272,0.0054,0.45,4
0.0050171307689061,0.0104983167157201,0.8726579493221464,0.2110678942486195,19.23954047171009,0.0054,0.45,4
0.0051121091125351,0.0104037414969969,0.9340093293515443,0.2256810510951412,19.34856512075123,0.0054,0.45,4
0.0052161957864084,0.0103062597547282,0.998750222430038,0.2391609714956868,19.46674299557228,0.0054,0.45,4
0.0060472652913922,0.0096188576041932,1.4551400900355989,0.3067077384974234,19.76089692204099,0.0054,0.45,4
0.0059605198046824,0.0097121850547786,1.4033341512861754,0.2948871787581721,19.76204429864709,0.0054,0.45,4
0.0057906800314859,0.0098936795576696,1.2988209384245282,0.2718131227184806,19.744569532017323,0.0054,0.45,4
0.0058647215558378,0.0098046117435364,1.3483682367908196,0.2843487109233998,19.765938028576425,0.0054,0.45,4
0.0056789607821642,0.0098848031602211,1.2744312197135783,0.2882173218834305,19.77784378749677,0.0054,0.45,4
0.0055999161701197,0.0099381306690437,1.2354655453411896,0.285095804850641,19.736106216321364,0.0054,0.45,4
0.0053161665167524,0.0102102780638974,1.061429029534929,0.2519867729405385,19.55974309323511,0.0054,0.45,4
0.0054133857545568,0.0101159619278927,1.122204763207215,0.2640788962686261,19.63504878452196,0.0054,0.45,4
0.0055073448295832,0.0100270000212074,1.1794310138366415,0.2746978788935701,19.69824270739897,0.0054,0.45,4
0.004515835400706,0.0107821124882782,0.6271188949818328,0.1831316660585741,18.47756100549677,0.0054,0.45,4
0.004417284561424,0.0108601601362747,0.5714495444330505,0.1686612959954791,18.26885572618705,0.0054,0.45,4
0.0043240501261488,0.0109253090301763,0.5224130609241503,0.1567531067902323,18.051233248159267,0.0054,0.45,4
0.004613042478728,0.0106975280174207,0.6852670899948903,0.1986228247065536,18.672719843060147,0.0054,0.45,4
0.0047109371065651,0.0106103716271833,0.7450978828494995,0.2137901333761776,18.855647026236543,0.0054,0.45,4
0.0048134908277457,0.0105245748511839,0.806013626297518,0.2270290583720889,19.01853242224412,0.0054,0.45,4
0.004908207688396,0.0104754940064667,0.8509586855192012,0.2300428562320984,19.15694393030983,0.0054,0.45,4
0.0044976114839234,0.0106603786077298,0.6650646349277184,0.2205778911917937,18.54758494884058,0.0054,0.45,4
0.0040116057551252,0.0110840662493098,0.3803260400723303,0.1291683286643671,17.284866186963967,0.0054,0.45,4
0.004100370903543,0.0109859182572579,0.4358709086753513,0.1539671649191036,17.546167653065137,0.0054,0.45,4
0.0037979505908924,0.0111249125740591,0.304971998019186,0.125668016204079,16.679217246218105,0.0054,0.45,4
0.0038784820803658,0.0110406920811213,0.3523331636219101,0.148286617596395,16.96759517367391,0.0054,0.45,4
0.0036470159612409,0.0111230364053268,0.2604131721833795,0.1294826603092273,16.240115887158364,0.0054,0.45,4
0.0035136784398572,0.0110900366091875,0.2297889579332541,0.139355783736203,15.826190755374894,0.0054,0.45,4
0.0033961336605031,0.0110732420917329,0.2000978423477865,0.1419152411669436,15.40026882789716,0.0054,0.45,4
0.0032912675055109,0.0110464216253674,0.1770823054699222,0.1449945542042697,15.0110577871592,0.0054,0.45,4
0.0031874176945526,0.0110252691264687,0.1533571887260923,0.1437684026349144,14.598990895910816,0.0054,0.45,4
0.0025564236409814,0.0109477492618775,0.0139028178548119,0.0295377072445881,11.206159964154985,0.0054,0.45,4
0.0025048649025483,0.0108966018716147,0.0089277533214452,0.0188450583374454,11.06711788278119,0.0054,0.45,4
0.0030850823194279,0.0110070281920852,0.1298583991043557,0.1387319842337,14.174319855162876,0.0054,0.45,4
0.002966931748434,0.0109926165085708,0.1019808479953287,0.1265607775729998,13.623196570900248,0.0054,0.45,4
0.0028503976354155,0.0109861167889948,0.0739610488530885,0.1069137477402828,12.98612365552003,0.0054,0.45,4
0.0027514230089769,0.0109775039830515,0.0521010543572697,0.0859292946663451,12.4292702429432,0.0054,0.45,4
0.0025925221470469,0.0109471258024987,0.0215492864552384,0.0433806458568302,11.542533424144324,0.0054,0.45,4
0.0026616429179245,0.0109633940747752,0.0342223712152331,0.0633801919106045,11.906336593641557,0.0054,0.45,4
0.0025238284683232,0.0108720882209562,0.0164610596797717,0.0328275848826278,11.231784777951956,0.0054,0.45,4
0.0024710615428773,0.0108228621190788,0.0105306952908761,0.0207533019185416,11.123502240211463,0.0054,0.45,4
0.0041945609754711,0.010887656827435,0.4955230608765481,0.1776662987097927,17.830947760611,0.0054,0.45,4
0.0090141013973475,0.0027991830763386,0.0254560996802859,-0.076692851125651,30.25665356990839,0.0054,0.45,4
0.0090264727421625,0.0027225448254066,0.0265621038345175,-0.0845780595577598,30.10338136976654,0.0054,0.45,4
0.0090422577870605,0.0026556588509716,0.027445703900465,-0.0902435826716294,29.91415167769641,0.0054,0.45,4
0.0090054363794898,0.0025870863334399,0.0367479251939352,-0.1096806104500724,29.49242917023457,0.0054,0.45,4
0.0089518095016632,0.00249604142372,0.0522245257956582,-0.1382196435959093,29.046368154395115,0.0054,0.45,4
0.0089140201946287,0.0024030614133567,0.0677087511231982,-0.1644521486476822,28.6131202301726,0.0054,0.45,4
0.0091361385643003,0.0042617693204413,0.1719961036214308,0.22111018521549,30.048312818534143,0.0054,0.45,4
0.0090953948144222,0.0041796341391908,0.1572638563272496,0.20302108425335,30.22798570540579,0.0054,0.45,4
0.0090587261307229,0.0043490209965902,0.2340818300998087,0.2706435213250212,29.29426326321634,0.0054,0.45,4
0.0090642936483208,0.0040904031011912,0.1392770266049888,0.1805725515495346,30.42197558306609,0.0054,0.45,4
0.0090327017359235,0.004003328796853,0.1245880691407401,0.1594021795726004,30.55186413250684,0.0054,0.45,4
0.0090045585703649,0.0039142407323945,0.1106612603235584,0.1374983545694745,30.65200554546924,0.0054,0.45,4
0.0089792035340156,0.0038243616343487,0.0980738886604841,0.1154826830453977,30.718006462085203,0.0054,0.45,4
0.0090793693095215,0.0029200311466438,0.0143242945623767,-0.0486540800881421,30.88435945661819,0.0054,0.45,4
0.0090874791425631,0.0033448355127081,0.0186989358778736,0.0041368248943294,31.73192580767658,0.0054,0.45,4
0.0090732734912892,0.0030022206631727,0.0141640475702815,-0.0401499225204444,31.063171456661127,0.0054,0.45,4
0.0090779283295789,0.0032585512846579,0.0167441538992141,-0.0079889182234566,31.577522313865845,0.0054,0.45,4
0.009070952206584,0.0030874942072129,0.0144552205238978,-0.0303059442088393,31.240197357367546,0.0054,0.45,4
0.0090724184362631,0.0031713116278618,0.0153287241575336,-0.0197256581911308,31.409744315923888,0.0054,0.45,4
0.0090168061464454,0.0034884012684137,0.0403161499081931,0.0311240727745902,31.328516933246664,0.0054,0.45,4
0.0090299612162444,0.0035774455388095,0.0466672758115463,0.0486245963782636,31.37867413760225,0.0054,0.45,4
0.0090001547922607,0.0034012664331921,0.036526818350757,0.0149173781960563,31.235973376070174,0.0054,0.45,4
0.0089567701990342,0.0037340431552305,0.0868531084827948,0.093536283037484,30.74963461240623,0.0054,0.45,4
0.0089356278358653,0.0036431749762724,0.0773572384450005,0.0718961223481072,30.744572241223523,0.0054,0.45,4
0.0089989968117037,0.0028732347008649,0.0256022147669624,-0.0689455902572942,30.37953472052148,0.0054,0.45,4
0.0091349526407163,0.0046873036036431,0.3728042887418997,0.3801733656781694,27.75771440493989,0.0054,0.45,4
0.0090948199111201,0.0046033456117686,0.3417958307404398,0.3570529568433837,28.185614911508463,0.0054,0.45,4
0.0090441702742502,0.0045128548000614,0.3142446847705951,0.3337749094482483,28.42724409109319,0.0054,0.45,4
0.009000955332559,0.0044307073342948,0.2909657795390732,0.3116171297390897,28.731096133653363,0.0054,0.45,4
0.0090758937347912,0.0047720723803873,0.4444059046388791,0.4235765780781016,27.11809785381391,0.0054,0.45,4
0.0090499331524125,0.0049678479601075,0.5772084592843031,0.4970708906580771,25.978929242003,0.0054,0.45,4
0.0090332549031224,0.0048565057021725,0.5114650626045876,0.4607183316586986,26.57531298390728,0.0054,0.45,4
0.0089449510390396,0.0050166641153957,0.6440282818631233,0.5251414268472722,25.65753611246883,0.0054,0.45,4
0.0087501898966016,0.0062456333241183,1.527691515160704,0.7542421083363364,20.19419059685845,0.0054,0.45,4
0.0088742056082188,0.005858242150285,1.254502432302628,0.7225245920108848,21.54517693813065,0.0054,0.45,4
0.0088259121974998,0.0059755717848845,1.3423781333005458,0.7363187333543696,21.08188836024736,0.0054,0.45,4
0.0087864300329176,0.0061094003931929,1.436571411783123,0.7473575652300396,20.62946187339284,0.0054,0.45,4
0.0089508193646207,0.0055774741530697,1.0380509478564155,0.6741620647254268,22.77157558563257,0.0054,0.45,4
0.0088302214620025,0.005676414647209,1.1321046070858858,0.6949465670972969,22.44469263898113,0.0054,0.45,4
0.0088018512059237,0.0057781940471559,1.2080887203774162,0.7114011102849142,22.009395037110107,0.0054,0.45,4
0.0089075007841561,0.0053146080425787,0.8587046458435531,0.6145757788211234,24.07683968755504,0.0054,0.45,4
0.0088958741853782,0.0051106484296039,0.7215585583121366,0.5582512149163107,25.10732649576067,0.0054,0.45,4
0.0088409338610745,0.0052262134358662,0.8152918904240423,0.5940771252421985,24.50068851999286,0.0054,0.45,4
0.0088549800560649,0.0054511150625155,0.9676873898381192,0.6497010943570337,23.37652126948748,0.0054,0.45,4
0.0086312017246783,0.0063002560284466,1.5658151919678718,0.7524650281961144,20.213618023143848,0.0054,0.45,4
0.0085157630787856,0.0063450548767619,1.595030431203372,0.7483140319357052,20.256975500806146,0.0054,0.45,4
0.0084732650701858,0.0064712634212681,1.666016519386455,0.7471347815708524,19.95180790508675,0.0054,0.45,4
0.0083831533694594,0.0067486239342501,1.804791298645614,0.7344764716402246,19.3612873659858,0.0054,0.45,4
0.0084268454469893,0.0066102660050767,1.738484951429853,0.742371346528418,19.631094419582208,0.0054,0.45,4
0.0081540619400778,0.0070316670899983,1.9078073539092952,0.702189824271093,19.1215070818002,0.0054,0.45,4
0.0082403438033681,0.0069139435363239,1.8687387559484567,0.7163053148068398,19.220487160100355,0.0054,0.45,4
0.0082545025724651,0.0067987539438865,1.820556392391598,0.7247833235002635,19.45613387070674,0.0054,0.45,4
0.0077872651466742,0.0076798103247509,2.035242376121665,0.6054522278523156,18.760960083098613,0.0054,0.45,4
0.0077156539002843,0.0079121135965157,2.0544700673945577,0.5644402055335979,18.59377337563178,0.0054,0.45,4
0.0077437385158945,0.0077788120165337,2.043143485695632,0.5883638996890977,18.684346993555355,0.0054,0.45,4
0.0076143479325966,0.0080143087375329,2.0438791416023707,0.5452818398234095,18.714598847324623,0.0054,0.45,4
0.0076126509224603,0.0079142235163755,2.0358628375554138,0.5635835265382888,18.83027002372544,0.0054,0.45,4
0.0074895288182886,0.0080837968234549,2.0241575055557486,0.5333005721842091,18.879226073418888,0.0054,0.45,4
0.0080309109647334,0.0071310115147033,1.9307734947835813,0.6865678910496308,19.221726150768035,0.0054,0.45,4
0.0079492803374392,0.0072178711583795,1.9495921846054003,0.673636487036168,19.209098865991567,0.0054,0.45,4
0.0078778854396016,0.0073170310524322,1.969456281589168,0.6593290801234141,19.159591520734697,0.0054,0.45,4
0.0077661693574792,0.0075525941863967,2.0088745671077484,0.6246129379027155,19.011272721193567,0.0054,0.45,4
0.0078277545317282,0.0074221437561444,1.9894428521949703,0.6444247070200734,19.073223352638752,0.0054,0.45,4
0.0074026341408105,0.0081940452920852,2.0097157424596195,0.5133622230104797,18.938058111414808,0.0054,0.45,4
0.0073210777089475,0.0084569409819909,1.985984642927924,0.4619762130857628,18.866214154181744,0.0054,0.45,4
0.0073935461612354,0.0083166536538182,2.0068762378940623,0.4890294145809618,18.847824039873444,0.0054,0.45,4
0.0071946350061636,0.0086750234575663,1.938934505775024,0.4196687764167932,18.925997112766268,0.0054,0.45,4
0.0071997066740473,0.0085363822885002,1.9537987030900537,0.4500173437741602,19.007152086475056,0.0054,0.45,4
0.0071970031619272,0.0084282875159622,1.9616318274793243,0.4726752313200264,19.075887431458728,0.0054,0.45,4
0.0070843824015906,0.0087093617171803,1.9098769638440465,0.418285588934656,19.09390406316906,0.0054,0.45,4
0.0070148896929893,0.0088042163646583,1.880859860007806,0.4013676022220211,19.12212051302637,0.0054,0.45,4
0.0067743749614163,0.0091294344526019,1.7634571351861457,0.3451374268648299,19.33704413300255,0.0054,0.45,4
0.0069244553597135,0.0088925407512975,1.8458777864570617,0.387736970454123,19.23233992190589,0.0054,0.45,4
0.0068453634592129,0.0090040882674054,1.806760513807507,0.3683497267139532,19.260234926152965,0.0054,0.45,4
0.0063778497721078,0.0094285952739923,1.5923157392642209,0.3139043024693821,19.60088766591737,0.0054,0.45,4
0.0062513081091823,0.0094130250935959,1.5672653694038468,0.3314211178629707,19.728394416277983,0.0054,0.45,4
0.0064634821697754,0.009333220281739,1.639340076679362,0.3272738172839622,19.58281999709187,0.0054,0.45,4
0.0066026957873677,0.0092194993223525,1.7017696452407365,0.3399505731102664,19.48392000166485,0.0054,0.45,4
0.0065249836413847,0.0092529240312763,1.6751022547376064,0.3398085854511625,19.541460856927944,0.0054,0.45,4
0.0066453614172594,0.0091115627755487,1.737545696778547,0.3608864952103503,19.48256221195911,0.0054,0.45,4
0.006013610683944,0.0094947192618953,1.4876272413549392,0.3395323315942684,19.84204026150612,0.0054,0.45,4
0.0061187513357675,0.009412817993916,1.5371540727405435,0.3462084047795061,19.81109679565895,0.0054,0.45,4
0.0049693115034617,0.0103630487319172,0.9105721433433436,0.2539230909034385,19.288137367065342,0.0054,0.45,4
0.0050819351229393,0.0102665290337851,0.9781775456904734,0.2663062233247154,19.414422255529164,0.0054,0.45,4
0.0051887602418135,0.0101728225422925,1.042523825876196,0.2777526755455691,19.532387702786703,0.0054,0.45,4
0.0059239962382025,0.0095830298963424,1.4381377354138352,0.3298122155481877,19.837793018481783,0.0054,0.45,4
0.0058349793688519,0.0096760886131252,1.3857911082846253,0.3188717372024081,19.811764879103624,0.0054,0.45,4
0.0057250947539779,0.0097690649407154,1.327121598498932,0.3104783389218424,19.82703912590493,0.0054,0.45,4
0.0055915263149949,0.0098165046203531,1.2781223486243396,0.3157683960895541,19.814554415178872,0.0054,0.45,4
0.0054897996250702,0.0098950344773319,1.2244317545394567,0.3096357269412704,19.765610810528376,0.0054,0.45,4
0.0052908132040134,0.0100780910282532,1.105318127563127,0.2892942288962664,19.62702555067025,0.0054,0.45,4
0.0053903300339322,0.0099846737951569,1.1660967761936034,0.3001841754668452,19.70567179462401,0.0054,0.45,4
0.0043922852404052,0.0107355945404451,0.6069096060738238,0.2078540101185989,18.322913024261315,0.0054,0.45,4
0.0042897162452094,0.0108015082132468,0.553134073488306,0.1965732049797561,18.08258530480015,0.0054,0.45,4
0.0043962869528503,0.0106199833034395,0.6505165519074653,0.2415391685530835,18.41178678308696,0.0054,0.45,4
0.0045993090481359,0.0105673636001463,0.7291331682109438,0.2376184407499411,18.75005336740065,0.0054,0.45,4
0.0047049830507489,0.010474864373274,0.794428963216305,0.2528799233595506,18.95746237419048,0.0054,0.45,4
0.0048244272287037,0.0103947620251174,0.8586458582375335,0.2619686289747313,19.12315055498171,0.0054,0.45,4
0.0048849231049074,0.0103056215896799,0.910354708009808,0.2792205933767858,19.26030461897608,0.0054,0.45,4
0.0044735958171173,0.010535839074495,0.7051258457381061,0.2589064570884731,18.61355945065802,0.0054,0.45,4
0.0039710783316124,0.0109478520536028,0.4083706261184427,0.1725026565137438,17.27725974502462,0.0054,0.45,4
0.0040647833617098,0.0108504423861445,0.4686061324981755,0.1971705774151018,17.58172582001247,0.0054,0.45,4
0.0037418145853181,0.0110120674992881,0.319301378616959,0.1610462998871841,16.596473262920085,0.0054,0.45,4
0.0038384883180984,0.0109141808886427,0.3787129955929527,0.1881390889422847,16.97456862900117,0.0054,0.45,4
0.0035909267172371,0.0109798378490748,0.2832110216353177,0.1724718484815983,16.180135736623324,0.0054,0.45,4
0.0034651396736673,0.0110004931423904,0.2398750114554505,0.1648938192546583,15.747524434627543,0.0054,0.45,4
0.0033710297987667,0.0109662372333371,0.2218617433910531,0.1720124949070614,15.403784016534614,0.0054,0.45,4
0.0032648042672161,0.0109460024917854,0.1966277946707892,0.1721661150293875,15.05545726966582,0.0054,0.45,4
0.0031580744485599,0.010931818772601,0.1698422382741184,0.167401353681142,14.62765426042395,0.0054,0.45,4
0.0025615898773528,0.0108713207123875,0.0256250423310946,0.0487693136818912,11.5744450847619,0.0054,0.45,4
0.003053417700747,0.0109164900788129,0.1444507706864563,0.1596988934193193,14.205388427457008,0.0054,0.45,4
0.0029403565069348,0.0109045023463509,0.116262698002368,0.1455191321854483,13.66915920709567,0.0054,0.45,4
0.0028210441134692,0.0109034525492843,0.0845816537989569,0.121490801438001,13.02053982621795,0.0054,0.45,4
0.0027184956245247,0.010895334147757,0.0599905836334714,0.0967423296376505,12.450636587983167,0.0054,0.45,4
0.0026298776649203,0.0108848349524284,0.0399901226651164,0.0710748572111913,11.934499616552342,0.0054,0.45,4
0.0024899547264263,0.0107992476853326,0.0192006325359991,0.0359993745784552,11.286750056235418,0.0054,0.45,4
0.0024350911655571,0.0107501550066677,0.0122805789146293,0.0226204698314101,11.197309992765437,0.0054,0.45,4
0.0025283681039262,0.0107964722568023,0.0301116013648994,0.0541161146868434,11.637323805260417,0.0054,0.45,4
0.0041608666044515,0.0107528011458613,0.5316646066101796,0.2206243981536847,17.887124305904166,0.0054,0.45,4
0.0089482217400232,0.00275124207516,0.0371679177223634,-0.0968487061598397,29.783116623282087,0.0054,0.45,4
0.0089083782578425,0.0028241510458423,0.0411001001033548,-0.0920548995527773,29.79751765464924,0.0054,0.45,4
0.0089312503858555,0.0026759742741952,0.0432738527526847,-0.1126872493805895,29.46736849764656,0.0054,0.45,4
0.0088782609938518,0.002576688850993,0.0588718701467813,-0.1411613658970674,29.025078207901583,0.0054,0.45,4
0.0088303031304089,0.0024791847505119,0.0758804041225625,-0.1696535963852025,28.575759844598632,0.0054,0.45,4
0.0087951888806716,0.0023820589158146,0.0927667423846111,-0.196169041139953,28.178612076781395,0.0054,0.45,4
0.0090173693148166,0.0042634959065708,0.2144216170969835,0.2487258118880907,29.48582939591915,0.0054,0.45,4
0.0089794760254078,0.0041765547771041,0.195550217509613,0.2255284447192822,29.66402800553409,0.0054,0.45,4
0.0089583947234536,0.004341186498384,0.2668292425158223,0.286716937883245,28.93424675972756,0.0054,0.45,4
0.0089116077673517,0.0044249968993651,0.3206556502719086,0.3234859147308268,28.394435595016848,0.0054,0.45,4
0.0089463004891022,0.0040866414921775,0.1766787527950931,0.2007740007137393,29.82577144081583,0.0054,0.45,4
0.0089156033408391,0.0039947591469525,0.159012848903155,0.1753291298029584,29.949473545824,0.0054,0.45,4
0.0088877533818738,0.0039014176568584,0.1427324856148831,0.1494739677854707,30.04192937642404,0.0054,0.45,4
0.0088632497699995,0.0038075989201178,0.1279839039330809,0.1235824125414604,30.110322128676668,0.0054,0.45,4
0.0089906362015736,0.0029531010089988,0.0254786478456286,-0.0586345916201562,30.517781920223257,0.0054,0.45,4
0.0089893923359218,0.0033111740212113,0.0328702809369136,-0.0015818125876659,31.10826664071602,0.0054,0.45,4
0.0089828382070223,0.0030406522892699,0.0263663482134645,-0.0464834939807519,30.662970692616955,0.0054,0.45,4
0.0089802527208093,0.0032214229395211,0.0303980700813003,-0.017568430947677,30.96022087647544,0.0054,0.45,4
0.0089770989691488,0.0031332986967132,0.0284136993519973,-0.0324325217648913,30.80597792795896,0.0054,0.45,4
0.0089061579255323,0.003461351987681,0.0614570466682797,0.0297521971775653,30.66737369148387,0.0054,0.45,4
0.0089160274243461,0.0035555309907262,0.0699867596848982,0.0515135171327158,30.70355999464148,0.0054,0.45,4
0.0088888316016247,0.003374078949917,0.0572370813620532,0.0103077615518907,30.561694701209348,0.0054,0.45,4
0.0088420648532891,0.0037136499528765,0.1147814680371894,0.0979424080367724,30.148016360545466,0.0054,0.45,4
0.0088243109801451,0.0036196340852315,0.1030974383187133,0.0727032410328103,30.15675767085949,0.0054,0.45,4
0.0088939998895201,0.0028954035660702,0.0419212789024476,-0.0820050565942366,29.915606635106908,0.0054,0.45,4
0.0090270017576302,0.0046873945926433,0.4130487597658749,0.401056372582149,27.46001304715753,0.0054,0.45,4
0.0090064353415302,0.004594705924468,0.3700386077048573,0.3705631210607622,27.909663778957032,0.0054,0.45,4
0.0089317699521452,0.0045224874963764,0.3598463349804199,0.3559517405831513,28.0093645887674,0.0054,0.45,4
0.008826790440673,0.0044731238442791,0.373366822512289,0.3507304585098955,27.98469114093405,0.0054,0.45,4
0.0089611090799609,0.0047785993566083,0.489345039767061,0.4433524631512738,26.898861594976825,0.0054,0.45,4
0.0089224608464475,0.0049044547863352,0.5792972332328369,0.4909299528520331,26.18216162495417,0.0054,0.45,4
0.0088430766252469,0.0050109657733733,0.6723456632059756,0.531301256808315,25.52601685115448,0.0054,0.45,4
0.0086571307760447,0.0061633427550945,1.4798541811881234,0.7475336672683904,20.67783510703361,0.0054,0.45,4
0.0087474929572109,0.0058966250114578,1.2970875767428351,0.7265771928777153,21.55577458543122,0.0054,0.45,4
0.0086968019915111,0.0060237205590966,1.387045986926125,0.7384783940188074,21.094597531143894,0.0054,0.45,4
0.0087903743584596,0.0055658132564318,1.061865201095037,0.6746360956703078,22.940574337334,0.0054,0.45,4
0.0087260202516992,0.005683169945003,1.1545625136863198,0.6956230172004134,22.41559429392896,0.0054,0.45,4
0.0086784427981092,0.0058146068144512,1.2505458196345085,0.7144845785159365,21.97539981419953,0.0054,0.45,4
0.0087844282952815,0.0053510938181826,0.9148674708724688,0.6276731123786722,23.900020872426584,0.0054,0.45,4
0.0087758886243607,0.0051333435443731,0.7714591338258622,0.5705497240656939,24.895755680323592,0.0054,0.45,4
0.0087152155314809,0.0052560917720186,0.8683981909573067,0.6046842653689805,24.316719858503017,0.0054,0.45,4
0.0087222905290092,0.0054761949565385,1.01419215613655,0.6562938362401519,23.369430146207023,0.0054,0.45,4
0.0085391353235148,0.0062279834962728,1.5256130956661589,0.7457314628975458,20.627970839185974,0.0054,0.45,4
0.0084459407115544,0.0062787083571796,1.5589118580436412,0.7426047694511534,20.60514559483656,0.0054,0.45,4
0.0084005191709831,0.0063737376970819,1.6131694271505488,0.7424071634377573,20.36746733789985,0.0054,0.45,4
0.0083436185472772,0.0064984297848704,1.6798355634114148,0.7396852135735209,20.101841209844164,0.0054,0.45,4
0.0082723513122557,0.0066518045757826,1.7542912869678169,0.7325189135631645,19.836766180783588,0.0054,0.45,4
0.0080115901177632,0.0069918634099928,1.8812445690801995,0.6978666841393951,19.51715724774689,0.0054,0.45,4
0.0081195673530815,0.0068642351764605,1.840213180569773,0.713156261329119,19.59627621381177,0.0054,0.45,4
0.0081620103616485,0.0067310702802756,1.7863231375924395,0.7224535956417389,19.84189152805295,0.0054,0.45,4
0.0076755571376892,0.0076649887250308,2.0153186178421305,0.605916538309383,19.02328632804159,0.0054,0.45,4
0.0076103075256009,0.007802231112579,2.023676964327245,0.5831681081367294,18.98770356505857,0.0054,0.45,4
0.0075105948939809,0.0079158350447069,2.018160949117449,0.56353344063829,19.03449867848762,0.0054,0.45,4
0.0073947026479212,0.0079949784978495,2.0028862500496927,0.550009571096374,19.156337897528267,0.0054,0.45,4
0.0073448036453439,0.0080966933390883,1.997660656514604,0.5325302336281955,19.1046148774268,0.0054,0.45,4
0.0079133901679018,0.0070951027430476,1.9081113724716907,0.6838399609072877,19.50903810747328,0.0054,0.45,4
0.0078339489408589,0.0072016814311545,1.9329575591901929,0.6698615972144947,19.452332115815235,0.0054,0.45,4
0.0077637228543448,0.007310546392423,1.954771596077814,0.6553142176076444,19.37985230636699,0.0054,0.45,4
0.00761878042765,0.0075447005594317,1.9870783569533927,0.6216291525239335,19.272041248458848,0.0054,0.45,4
0.0076950068295102,0.0074259845576205,1.9735164401694367,0.6391721160954321,19.328653867055888,0.0054,0.45,4
0.007286685964627,0.0082181716910669,1.9873494188100551,0.5112688801171598,19.108559389093003,0.0054,0.45,4
0.0072464329389785,0.0083358916000113,1.9763404594963407,0.4895924158478753,19.092809509843445,0.0054,0.45,4
0.0071388450271284,0.0083583692389967,1.9544107103609287,0.4886448800791004,19.22039799360561,0.0054,0.45,4
0.0070816837446254,0.008455612182408,1.936450373625132,0.4717984527626148,19.23229402266405,0.0054,0.45,4
0.0070864921376703,0.0085907815022505,1.9244168977795209,0.4439397779101549,19.16503621187854,0.0054,0.45,4
0.0069760579204197,0.0086705312716656,1.891556116286481,0.4330868998800593,19.29436062656073,0.0054,0.45,4
0.0068966493056857,0.0087485211758294,1.8634608588122887,0.421449663349242,19.323049798184066,0.0054,0.45,4
0.006724479714716,0.0089967126073138,1.7808591022264917,0.3799659733656983,19.430866027079944,0.0054,0.45,4
0.0067857993612627,0.0088561360766764,1.821740697294476,0.4060723740826889,19.42083153595598,0.0054,0.45,4
0.006199513140446,0.0092823786904634,1.5938374267631976,0.3663594783750993,19.81468632423121,0.0054,0.45,4
0.0063157956859099,0.0092756951790164,1.6214203126892142,0.3558251141110702,19.72450322856451,0.0054,0.45,4
0.0064326546977071,0.0092055010489183,1.666475990556913,0.3596412985848956,19.651117461812543,0.0054,0.45,4
0.006527563968477,0.0091482534684895,1.7021408683395804,0.3633953552100331,19.58896476857045,0.0054,0.45,4
0.0066232744064613,0.0089870205978174,1.7606061091823542,0.3904085425786703,19.570610515868243,0.0054,0.45,4
0.0065376045926361,0.0090335734842437,1.731681604565835,0.3876931420535354,19.62285497115491,0.0054,0.45,4
0.0058961990160188,0.0094497538090702,1.4760152811637914,0.3630181199810237,19.924811406264634,0.0054,0.45,4
0.0059927205277192,0.0093536351990846,1.52771158335,0.3731117932621324,19.91521785324957,0.0054,0.45,4
0.0060846640619821,0.0092608488296782,1.5754325280772814,0.3830072393466002,19.92474997274996,0.0054,0.45,4
0.0049439575501012,0.0102188079734505,0.960456615888826,0.2954655979358988,19.37582051206084,0.0054,0.45,4
0.0050612765449506,0.0101344937027876,1.0246659007859753,0.3033272293311883,19.493347754689736,0.0054,0.45,4
0.0051665656704543,0.0100409503968882,1.088508960855317,0.3141452844505122,19.61247926409209,0.0054,0.45,4
0.0058025625001836,0.0095456041976641,1.4231984955306265,0.3526584372414608,19.92937199336697,0.0054,0.45,4
0.0057276002788122,0.0096336438887368,1.375705576717542,0.3417013687139469,19.88899826755681,0.0054,0.45,4
0.0055964966651649,0.009666721001475,1.3340496142974343,0.3501925127982592,19.89741548266565,0.0054,0.45,4
0.0054797031434156,0.0097556838038345,1.274326583442573,0.3440117802713656,19.862755179298663,0.0054,0.45,4
0.0053707315266783,0.0098482715596824,1.2135697696780718,0.3357831929162303,19.793515888558584,0.0054,0.45,4
0.0052701256098849,0.0099436968151456,1.1523541176332015,0.3253317632076679,19.71067792910817,0.0054,0.45,4
0.0042752610776794,0.0106516631238234,0.6028666539813133,0.242384104911554,18.177150953562144,0.0054,0.45,4
0.0043385404587139,0.0105211579536042,0.6720192832570947,0.2752896973439875,18.442341227181146,0.0054,0.45,4
0.0045763613151055,0.0104479259826976,0.768881133895371,0.2738395269663094,18.82757826143359,0.0054,0.45,4
0.0046874574611896,0.0103544279605933,0.8371536143353481,0.2881584825871845,19.04311182191181,0.0054,0.45,4
0.0047996887240328,0.0102477967650761,0.9106240890105808,0.3045590725457844,19.223931252149782,0.0054,0.45,4
0.0048572566230047,0.0101375428353032,0.971010642759318,0.3267302116511977,19.377469833334924,0.0054,0.45,4
0.0044416927368507,0.0104256091338911,0.7400183750087614,0.2932721789788149,18.68749168338842,0.0054,0.45,4
0.0040290791737972,0.0107166103457876,0.5051682472075686,0.2397222140218158,17.640962895683717,0.0054,0.45,4
0.0039327444195145,0.01081181562503,0.4417040206703086,0.215684175536118,17.327620669301066,0.0054,0.45,4
0.0037009807532186,0.0108911153790988,0.3442809582545009,0.1984963567481257,16.649792418768637,0.0054,0.45,4
0.0035960284360975,0.0108577529746549,0.3233752606446405,0.2093989684012097,16.340288970447308,0.0054,0.45,4
0.0038058570850837,0.0107815620983678,0.4137351239643909,0.2295665518005909,17.027704702657697,0.0054,0.45,4
0.0024537923428067,0.0107268456948115,0.0222231965893856,0.0391611181975727,11.353257154524522,0.0054,0.45,4
0.0023969834724165,0.0106785447992857,0.0141670429924797,0.0244442156420487,11.308709466578936,0.0054,0.45,4
0.0034753959745341,0.0108887880202359,0.2764359014191511,0.1985373635214551,15.91900883874952,0.0054,0.45,4
0.0033476778185174,0.0108680932723428,0.2447253058335269,0.2001386422281792,15.48576597804061,0.0054,0.45,4
0.0032350963515303,0.0108381322010263,0.2205638321404546,0.201766698588777,15.11289161093865,0.0054,0.45,4
0.0031187309430722,0.0108427390516101,0.1847959126485946,0.1890826118635243,14.635395136556369,0.0054,0.45,4
0.0025957659688693,0.0108072777899471,0.0463124181504663,0.0786321395131512,11.97904547453142,0.0054,0.45,4
0.0030187524006698,0.0108254167211895,0.1607975822417042,0.1808122988112467,14.220996374565358,0.0054,0.45,4
0.0029037385051352,0.0108208080248923,0.1287771400751644,0.1620163766711016,13.69280105104975,0.0054,0.45,4
0.0027900730572023,0.0108159637014685,0.0978667239592005,0.1376144248413672,13.082177751286665,0.0054,0.45,4
0.0026841477207152,0.010813593978807,0.0690751951325923,0.107893980890409,12.506636958279968,0.0054,0.45,4
0.002489605958584,0.0107211898189333,0.03430195690619,0.0582836356654071,11.719837757421075,0.0054,0.45,4
0.002559373973222,0.0107307991287033,0.0531769323891172,0.0861039832227409,12.06063945322847,0.0054,0.45,4
0.0041291133276759,0.010618692294581,0.5722732550330777,0.2628452626566326,17.97523040184171,0.0054,0.45,4
0.0088506024535893,0.0027418781684626,0.0543135120140046,-0.1164149291420078,29.380080939653293,0.0054,0.45,4
0.0088130438972609,0.0028288913464734,0.0584038259484558,-0.1058755136347451,29.41499977103049,0.0054,0.45,4
0.0088091820361871,0.0026606094813303,0.0662696947952317,-0.1390612603213324,28.9793649331632,0.0054,0.45,4
0.0087643328344224,0.0025674295291613,0.0813318214703667,-0.1654359245740897,28.58374703758153,0.0054,0.45,4
0.0087232166665077,0.0024665425671706,0.0983726108970668,-0.1934257562945118,28.185381051004565,0.0054,0.45,4
0.0086852037117148,0.0023657601435877,0.1171099334693997,-0.2213232970572241,27.787143896819533,0.0054,0.45,4
0.0089105326682623,0.0042578720192508,0.2496465572133664,0.2644539575269827,29.07814682888861,0.0054,0.45,4
0.0088767946910444,0.0041669388172688,0.2272455544391962,0.2374806214958628,29.27490993903021,0.0054,0.45,4
0.0088424811601095,0.0043581095082836,0.3151071583654257,0.3084064060680401,28.45517664374043,0.0054,0.45,4
0.0087572799339369,0.0044215103677112,0.3737521794141604,0.3384963853156122,27.92305335623818,0.0054,0.45,4
0.0088446576797954,0.0040728140066837,0.2060361285124157,0.2093938914477397,29.424043716410235,0.0054,0.45,4
0.0087850509678428,0.0038806437813402,0.1695224499655195,0.1523751887399345,29.610640088440693,0.0054,0.45,4
0.0088123914532734,0.0039776355262714,0.1873672999637601,0.1812612327283291,29.514602412431888,0.0054,0.45,4
0.0087628755580107,0.0037828387930481,0.152747392523234,0.1233423670726388,29.682283090600027,0.0054,0.45,4
0.0088857393685312,0.0029852192045893,0.0426424708544841,-0.0670218458438272,30.062082035473505,0.0054,0.45,4
0.0088728745424561,0.0032814395354205,0.0540121077287837,-0.0099503131739415,30.42610824403565,0.0054,0.45,4
0.0088755707873494,0.0030851700406528,0.0455022998178072,-0.0493178366239092,30.187830573697152,0.0054,0.45,4
0.0088675165826296,0.0031850530154568,0.0501282766315729,-0.0301594052967845,30.284361515648985,0.0054,0.45,4
0.0087936014935992,0.0034342445441896,0.0857614725584341,0.0247257983758155,30.068204780258583,0.0054,0.45,4
0.0088085843442603,0.003526508471368,0.093347636354748,0.0482382531985382,30.142358349384704,0.0054,0.45,4
0.0087789830876202,0.0033412373210242,0.0800621347263433,0.0014768561989217,29.993558729835176,0.0054,0.45,4
0.0087438797589037,0.0036848219279281,0.1377534407623965,0.0947096116877797,29.70474746427936,0.0054,0.45,4
0.0087304617165216,0.0035878548476734,0.1241389170796902,0.0668733276513732,29.752598409695675,0.0054,0.45,4
0.0087875576790816,0.002925402463741,0.0618878135800908,-0.0900263574309599,29.5085713719906,0.0054,0.45,4
0.0089052757060945,0.0046574514036993,0.4399664982779213,0.4077094984628328,27.290037939079124,0.0054,0.45,4
0.0088270685977938,0.0045635469288006,0.4182219731888107,0.3825505338923458,27.540516525048425,0.0054,0.45,4
0.0087213848339356,0.0045251386705455,0.4355988918955633,0.3773755407681402,27.38002344931784,0.0054,0.45,4
0.0088360533733778,0.0047881487766196,0.5379272256420137,0.4594916566361419,26.58231401266761,0.0054,0.45,4
0.0087795375831573,0.0049102880521843,0.6293879298270646,0.5032500210719287,25.937365212834607,0.0054,0.45,4
0.0087116699501305,0.0050359600002651,0.7277677619168749,0.5440687561442529,25.28674499192136,0.0054,0.45,4
0.0085434714304354,0.0060705921462881,1.4297363306484097,0.7364679738977601,21.15783282110084,0.0054,0.45,4
0.0086176405412876,0.005924926161116,1.3306910987926583,0.7259227180806569,21.569460836957607,0.0054,0.45,4
0.0086596290376642,0.0055984628479024,1.108950423990862,0.6795383314985148,22.84887794151649,0.0054,0.45,4
0.0086018099067846,0.0057189743219067,1.1983677287293846,0.6980585972355039,22.38999510097976,0.0054,0.45,4
0.0085760173221145,0.0058234744757901,1.2700455383554357,0.7118489020447445,21.967181106047907,0.0054,0.45,4
0.0086542008756134,0.0053810565638463,0.965566827681494,0.6345859614471857,23.782528756505005,0.0054,0.45,4
0.0086482377055572,0.0051598836731278,0.8237591876227807,0.579467951430111,24.70479733263915,0.0054,0.45,4
0.008587550352391,0.0052846495763155,0.9187305005203392,0.6105459591836603,24.16522687524824,0.0054,0.45,4
0.0085902943496546,0.0055092635783564,1.0633372674153363,0.6604122679673284,23.260445215217825,0.0054,0.45,4
0.0084263609395552,0.0061792765317411,1.502672707443292,0.7369401284808573,20.98145898752794,0.0054,0.45,4
0.0083534019588644,0.0062681358145455,1.556462542417867,0.7364064033760079,20.77798871876893,0.0054,0.45,4
0.0084125368724874,0.0060498690302546,1.427837615601521,0.726867446752911,21.376456703709223,0.0054,0.45,4
0.0082827788407977,0.0063804986726649,1.6190193877892654,0.734821829245388,20.554360002350048,0.0054,0.45,4
0.0082059591414461,0.0065027465600642,1.6813838553155571,0.7303555195514816,20.34689682421818,0.0054,0.45,4
0.0081288786552072,0.0066207009480076,1.7362433907855233,0.723574265432538,20.1336166558842,0.0054,0.45,4
0.0078746733025371,0.0069661524751272,1.862630248545478,0.6912461468444686,19.816436908645883,0.0054,0.45,4
0.007965999442551,0.0068485624975415,1.825383035840516,0.7040375059912911,19.89807955623396,0.0054,0.45,4
0.0080484632327253,0.0067337854781548,1.7831600746084673,0.7147580920588054,20.036174949817,0.0054,0.45,4
0.0075380276692205,0.0076658003166797,1.995045495767304,0.6030025936495194,19.27390269009747,0.0054,0.45,4
0.00745783254506,0.0077815212664131,1.9972667556194608,0.584763671900082,19.251942369955685,0.0054,0.45,4
0.0073655262381109,0.0078854593845413,1.991949150073011,0.5680333205436341,19.28840194841217,0.0054,0.45,4
0.0072822102066376,0.0079856646497532,1.98385332171094,0.5521081443328438,19.36973887314048,0.0054,0.45,4
0.007213060093778,0.0081035030803204,1.9747459980995383,0.5331927937921175,19.336361413826925,0.0054,0.45,4
0.0077890588690559,0.0070784986200554,1.892834118186548,0.6781121608644898,19.76191279796399,0.0054,0.45,4
0.0077103559766729,0.0071910386207243,1.9185558633702136,0.6644674421395154,19.688421528532952,0.0054,0.45,4
0.0074793872474336,0.0075383800230133,1.9683930666556408,0.6182178722907546,19.547529044607646,0.0054,0.45,4
0.0076352660834005,0.0073048844865874,1.939984934093566,0.6500245827152956,19.631427320884555,0.0054,0.45,4
0.0075583477224177,0.0074210379647805,1.95672374096572,0.6345550428158195,19.58295131763114,0.0054,0.45,4
0.0071414396100055,0.0082369265182328,1.9602258532058805,0.5112377458865335,19.35099666305018,0.0054,0.45,4
0.007040039326871,0.0083297848120569,1.9375211556895269,0.4973192805544437,19.444865512684032,0.0054,0.45,4
0.0069752139621437,0.0084066710755808,1.9200360521746065,0.4855782312679183,19.42034816298296,0.0054,0.45,4
0.006779298041275,0.0086925248073847,1.847969834362283,0.4404699870363606,19.526102580549544,0.0054,0.45,4
0.006952736567519,0.0085199773736335,1.9049249965406767,0.4649532862336647,19.42420932174846,0.0054,0.45,4
0.0068590971149261,0.0086181144203349,1.874545791045554,0.450553349398387,19.500374342902408,0.0054,0.45,4
0.0061500559178029,0.009170008215215,1.6152999139263395,0.3952754690692002,19.901546601914617,0.0054,0.45,4
0.006068976803974,0.0091538116673054,1.6033940298190916,0.4065604809040717,20.004942944000057,0.0054,0.45,4
0.0066601932170331,0.0088895544876351,1.7885631707224257,0.4082257491224061,19.572254943836523,0.0054,0.45,4
0.0066731853443617,0.0087614114505656,1.8151333081505896,0.4336464074076147,19.622417080039977,0.0054,0.45,4
0.0066792756302198,0.008657786624648,1.8339298848723355,0.4533968185594124,19.688651555890125,0.0054,0.45,4
0.0062466276076891,0.0091667766884258,1.636367332409952,0.3864334694041906,19.838019628257484,0.0054,0.45,4
0.0063401684981348,0.0091509085269376,1.6604230390524202,0.3806886798985099,19.77268415834488,0.0054,0.45,4
0.0064220836745072,0.0090664601485975,1.6992508445511765,0.390971830580768,19.75068070247393,0.0054,0.45,4
0.0065544906211179,0.00891778966257,1.760891848455352,0.4107141985001991,19.69744470911029,0.0054,0.45,4
0.0064719057984055,0.0089527341888032,1.7362783123889298,0.410240862738344,19.739617132689773,0.0054,0.45,4
0.0057738278080438,0.0094127827536086,1.4619754569807002,0.3848599115700125,19.996427920560336,0.0054,0.45,4
0.0058707639526031,0.0093086904813991,1.5162899662085894,0.3958021741734901,20.02472643270865,0.0054,0.45,4
0.0059723341160043,0.009194980818547,1.5720505403993956,0.4081594461981174,20.03013840951399,0.0054,0.45,4
0.0049529506221996,0.0100808845681235,1.018709102589843,0.3299531283783019,19.49623101979631,0.0054,0.45,4
0.0050499454887741,0.0099956904408781,1.0777183619205084,0.3396046141396704,19.60676028600085,0.0054,0.45,4
0.0051504051280146,0.0099024353567138,1.139806979655216,0.3500283263662935,19.7147093391302,0.0054,0.45,4
0.0056605470772153,0.0095180332163334,1.4015884254638007,0.3754971878852968,19.97519085057286,0.0054,0.45,4
0.0056555035843193,0.0093658029176155,1.453557399973256,0.4078577231362303,20.07281060768462,0.0054,0.45,4
0.005534328413813,0.0095443217170958,1.3648811758227108,0.3846150341543015,19.998569153202745,0.0054,0.45,4
0.0054566766740429,0.0096297948232087,1.3163687165493323,0.3753015827271046,19.93065264448168,0.0054,0.45,4
0.0053542952926297,0.0097153114466157,1.2609872083929703,0.3686010034622706,19.88566399181607,0.0054,0.45,4
0.0052521495285828,0.0098079112746261,1.201446510599083,0.3598681021322413,19.809147012235176,0.0054,0.45,4
0.0042214211573229,0.0105134606205701,0.641157000464971,0.2871065162414984,18.23964529705532,0.0054,0.45,4
0.004311921318481,0.0104052942156538,0.7118064960993485,0.3106917554262312,18.527018252938063,0.0054,0.45,4
0.0046572344948458,0.0102291300818583,0.8805284517005575,0.3252123284562374,19.1302628124924,0.0054,0.45,4
0.0045511297941955,0.0103294517480885,0.8100321327367067,0.3092625212786645,18.91567004096652,0.0054,0.45,4
0.0048387892428317,0.0100363427380282,1.0086424760582704,0.3545139921056899,19.462710677794792,0.0054,0.45,4
0.0047521199665161,0.0101256656820355,0.9489430885664784,0.3418456532387587,19.309588881261007,0.0054,0.45,4
0.0044168798472424,0.0103074709222719,0.782520003486645,0.328456757890536,18.788103623483483,0.0054,0.45,4
0.0024144693392141,0.0106536218004075,0.0255551098262836,0.0423172780510402,11.467880986987169,0.0054,0.45,4
0.0023567687075639,0.0106080959450964,0.0161721516015867,0.0261860149839765,11.441192936744434,0.0054,0.45,4
0.0035422433281465,0.0107723271693333,0.3364335469466732,0.2352009630684659,16.316582856590205,0.0054,0.45,4
0.0039977904434003,0.0105926194650601,0.5434812147416966,0.2786792187311965,17.747368142670993,0.0054,0.45,4
0.0038902844259229,0.0106739870097468,0.4791860540190802,0.2593946424080431,17.400964573713285,0.0054,0.45,4
0.0036705755089555,0.0107567711431328,0.3812217087815223,0.2400071436192669,16.71317992784324,0.0054,0.45,4
0.0037703718494939,0.010680829450633,0.4402957830656736,0.2612399550056667,17.086407341848073,0.0054,0.45,4
0.0024500035729243,0.0106476608432565,0.0390388795940041,0.0626922012305993,11.830127073736788,0.0054,0.45,4
0.0034197028810387,0.010785100309069,0.2944320397705624,0.2282916015908418,15.907158395359916,0.0054,0.45,4
0.0033246902324557,0.0107823524460171,0.2664865949264427,0.2246890993559664,15.572675453811442,0.0054,0.45,4
0.0032562281622766,0.0107281624684246,0.264853460436051,0.2366505241260968,15.393109049671647,0.0054,0.45,4
0.0031726636720521,0.010764403567888,0.2265871569239732,0.2181523152749108,15.034821321831874,0.0054,0.45,4
0.0030819679910807,0.0107428282349736,0.2064682991195314,0.2143204338699183,14.66614052618381,0.0054,0.45,4
0.0026507880687374,0.0107320524679343,0.0801648199995922,0.1201988205651402,12.597676056273167,0.0054,0.45,4
0.0029838161254677,0.0107346514539565,0.1794845432229277,0.2022444448496736,14.299664345374785,0.0054,0.45,4
0.0028671190739935,0.010733131086671,0.1446661276334768,0.1801988831911245,13.758571797166832,0.0054,0.45,4
0.0027511598552088,0.0107344802828855,0.1094122699796953,0.1507239398009082,13.138509817774176,0.0054,0.45,4
0.0025207467258941,0.010655450481696,0.0605344482042906,0.0932858885665354,12.161089552466672,0.0054,0.45,4
0.0026096270426454,0.0106550102265394,0.0895121243056993,0.1293738365409571,12.686126447697724,0.0054,0.45,4
0.0040909452735395,0.0104942615562384,0.6111169502630914,0.302028632936707,18.053311977639567,0.0054,0.45,4
0.0087558031440438,0.002750656769465,0.072375024006588,-0.1299184597385866,29.00186757815715,0.0054,0.45,4
0.0087121894173548,0.0028503398997288,0.078623542463547,-0.1149549809736074,29.04785606312632,0.0054,0.45,4
0.0087030375258631,0.00266072070663,0.0876783361029359,-0.1565728205231686,28.596345042889947,0.0054,0.45,4
0.0086553305931926,0.0025602097181202,0.1044879505770115,-0.1853387190174494,28.199761416157404,0.0054,0.45,4
0.0086115552853916,0.0024544113954341,0.1231283096089943,-0.2150245353168962,27.801830006485613,0.0054,0.45,4
0.0085705985345367,0.0023475639530171,0.1436671872882911,-0.2445678065462395,27.410560995742458,0.0054,0.45,4
0.0087750251946622,0.0041555565546931,0.2580666363566929,0.2442075208461589,28.90180507422558,0.0054,0.45,4
0.0088047616632101,0.0042521994251219,0.2844067072183485,0.2750451709483399,28.65869692108026,0.0054,0.45,4
0.0087279918192786,0.00433588133734,0.3459044768723012,0.3105965239891128,28.181135355847115,0.0054,0.45,4
0.0086642334500651,0.0044274588401438,0.4090299121814777,0.3461623076997049,27.6166056154978,0.0054,0.45,4
0.0087385965266499,0.0040580668617118,0.2368446642629935,0.2139315995094765,29.000702732580795,0.0054,0.45,4
0.0086810416429906,0.003856648809527,0.1965382424796561,0.1505463032181962,29.20726189050772,0.0054,0.45,4
0.0087016525754106,0.0039591222657939,0.2182817807517687,0.1831181029989926,29.05611673150417,0.0054,0.45,4
0.0086597961547227,0.0037562513210728,0.1786962963592502,0.1193430425639201,29.23901985957168,0.0054,0.45,4
0.0087655907497002,0.0030304571975539,0.0669968354584823,-0.0703514282943341,29.59685586262083,0.0054,0.45,4
0.0087634061895534,0.0032436275514844,0.0762314526582156,-0.0224422113154189,29.83624731178809,0.0054,0.45,4
0.0087568862012805,0.0031378281470262,0.072013069647958,-0.0473744632272541,29.69419284533083,0.0054,0.45,4
0.0087002374261268,0.0034031664579898,0.1065338876229692,0.0158930685632894,29.64904129812822,0.0054,0.45,4
0.0087156833626435,0.0034940181202913,0.1139115036502092,0.0407740232446744,29.6889477641386,0.0054,0.45,4
0.0086839416714603,0.0033112475430545,0.1013462986207619,-0.0086994810984684,29.52888622472044,0.0054,0.45,4
0.0086427828874463,0.0036494737343503,0.1612563718702717,0.0865421965695101,29.24754530657364,0.0054,0.45,4
0.0086466376335604,0.0035534414361484,0.1427836579828698,0.0578127932490341,29.34952184203639,0.0054,0.45,4
0.0086761348498091,0.0029630289682629,0.0860844864844498,-0.0939460393885037,29.10738913099229,0.0054,0.45,4
0.0087470085156962,0.0046672557083215,0.5002465981344112,0.424896078852366,26.929134963352,0.0054,0.45,4
0.0086337669933643,0.0046079383425912,0.5076526040244146,0.4092169908775726,26.893031596091,0.0054,0.45,4
0.0085933188137276,0.0045149089622575,0.4748979927860545,0.3786762734863184,27.15786188418846,0.0054,0.45,4
0.0086991959581165,0.004811107880275,0.5964324413279031,0.4747579588229836,26.252109256681603,0.0054,0.45,4
0.0086392563277455,0.0049375061881091,0.6893001736206229,0.5157002445238797,25.62902100689514,0.0054,0.45,4
0.008578760201118,0.0050624856873048,0.7823118102661525,0.552060176893994,25.0571979643892,0.0054,0.45,4
0.0084752613900097,0.005917318103644,1.3413623083798056,0.7181845622940183,21.79670765894536,0.0054,0.45,4
0.0083523165296619,0.0059554424156309,1.377529379569007,0.7137699246583302,21.785789918560656,0.0054,0.45,4
0.008526984644182,0.0056373611712084,1.157836511840408,0.6814549958776976,22.79343155650452,0.0054,0.45,4
0.0084818912979177,0.005771103254249,1.2496298859166972,0.6999179126673049,22.30590145282707,0.0054,0.45,4
0.0085254258779233,0.0054090459025314,1.0122904479740014,0.6370990917710545,23.66725902020828,0.0054,0.45,4
0.0085201200870642,0.0051862610348578,0.873924519361312,0.5840067576732862,24.529080542898296,0.0054,0.45,4
0.0084614868163843,0.005310830010708,0.9651014009710144,0.6121313087274847,24.03067879615085,0.0054,0.45,4
0.0084600925496947,0.0055367398844698,1.1061546561527793,0.6598145631185854,23.1939729399854,0.0054,0.45,4
0.0083192753882364,0.0061575529157319,1.4967888785010734,0.7282652669806597,21.15671040160919,0.0054,0.45,4
0.00823849107117,0.0062682399444116,1.5613231278986353,0.7280001093532081,20.932657196295,0.0054,0.45,4
0.0082808870367119,0.0060531282717093,1.4406887622796516,0.7175557787501062,21.49453948166629,0.0054,0.45,4
0.008154683146006,0.0063717022429544,1.6173989564539126,0.7247513916387726,20.75962199888113,0.0054,0.45,4
0.0081431272848154,0.0062535596844884,1.5580445154043223,0.719180834630434,21.109957096242898,0.0054,0.45,4
0.0080827619566089,0.0064940343401062,1.6777149491627183,0.720829227678661,20.56892950457329,0.0054,0.45,4
0.0080017259235789,0.0066107644563743,1.729913361661751,0.7140239132219685,20.37172313181023,0.0054,0.45,4
0.0077404859413726,0.006951156780046,1.8498622539254057,0.6831651886582096,20.090378496319275,0.0054,0.45,4
0.0078275152760836,0.0068317308005422,1.8130003913432144,0.6948472330506626,20.178256620548765,0.0054,0.45,4
0.0079184267955599,0.0067201494965164,1.77372204680165,0.7053964249382244,20.29278520444265,0.0054,0.45,4
0.0073988850719152,0.0076539653853776,1.9746119386495973,0.6016365368962733,19.53412233329853,0.0054,0.45,4
0.0073166151694178,0.007763894925899,1.9752744257682489,0.5855007514682055,19.529664749996503,0.0054,0.45,4
0.0072314193128737,0.0078720803098584,1.9709845927548808,0.5694723692464966,19.551041910170767,0.0054,0.45,4
0.0071510894197925,0.0079808043651437,1.963210198635345,0.553434183498886,19.56734968880615,0.0054,0.45,4
0.0070741892263292,0.0080999984788493,1.9518508157496088,0.5356734693022237,19.579431936377656,0.0054,0.45,4
0.0076596573913404,0.0070673171497255,1.880406445209728,0.6709413689816595,20.000028453282624,0.0054,0.45,4
0.0075802630373208,0.0071834765141568,1.9058701445890047,0.6578809942720061,19.926082721790028,0.0054,0.45,4
0.0073414664276848,0.0075306024612541,1.951414564785482,0.6147611899984226,19.789915096827325,0.0054,0.45,4
0.0074208914271269,0.0074139403085389,1.9410345763864567,0.6297784601637665,19.82715058857845,0.0054,0.45,4
0.0075004327411332,0.0072988619893734,1.9260114555077288,0.6441083147257364,19.877380682461062,0.0054,0.45,4
0.0069919603252001,0.0082127258384069,1.9353483579199813,0.5189920363780353,19.59523990357816,0.0054,0.45,4
0.0069157664680836,0.008312838773143,1.916679007711084,0.5043300313894116,19.61152485754112,0.0054,0.45,4
0.0068858437039603,0.0084151422367201,1.9029293244067165,0.4876501315852808,19.611449534949703,0.0054,0.45,4
0.0067365438618484,0.0085777040080642,1.856556773478527,0.465072662245559,19.64706610418658,0.0054,0.45,4
0.0068077439944819,0.0084880568093564,1.881139029432899,0.4779125475734015,19.645151157708256,0.0054,0.45,4
0.0066210833087567,0.0085735497613966,1.836444139120614,0.4722615471857609,19.827615092410905,0.0054,0.45,4
0.0061904666167816,0.009081476580713,1.6477746754486744,0.4092791897186084,19.932203706207613,0.0054,0.45,4
0.0060172385180523,0.0090780749241048,1.6149871022324158,0.4264098524035593,20.09524756517067,0.0054,0.45,4
0.0061100872759459,0.0090747568347038,1.6337431850032484,0.4182525716439791,20.056215206357304,0.0054,0.45,4
0.0065665734565626,0.0087994958107913,1.786975851527669,0.4335980326384428,19.74486741210292,0.0054,0.45,4
0.0065896702955976,0.0086828123144985,1.812964148142593,0.4542182626357434,19.79277594763741,0.0054,0.45,4
0.0065303636034355,0.0086006199365444,1.8162127504041736,0.472650160213851,19.865426488244328,0.0054,0.45,4
0.0062838428467365,0.0090414133004826,1.677015588664391,0.4087522126366267,19.861901253712727,0.0054,0.45,4
0.0063653369253903,0.0089358898620162,1.7187526012598884,0.4225520203627921,19.85383872908696,0.0054,0.45,4
0.0064602951385469,0.0088500793820251,1.7562434772943278,0.4316705717367391,19.81840924160416,0.0054,0.45,4
0.0057525239109639,0.0092736536520084,1.503897597091587,0.4155616712190519,20.10454295643144,0.0054,0.45,4
0.0058377374675586,0.0091693920645283,1.5536938349890486,0.426769564659386,20.11969310494089,0.0054,0.45,4
0.0059118054755775,0.0090674546111176,1.598289072505077,0.4384989944692952,20.13964290845849,0.0054,0.45,4
0.0049360141491088,0.0099516491994129,1.068114586393616,0.3639223821775002,19.60038355315491,0.0054,0.45,4
0.005034660889475,0.0098608657345498,1.1293721348819836,0.3738190511487014,19.718948434414624,0.0054,0.45,4
0.0056357454458949,0.0092421072449594,1.491922071025636,0.4341101017370383,20.19973009989094,0.0054,0.45,4
0.0051338397154392,0.0097664429811414,1.1909287488062594,0.3836949725573523,19.82727861295504,0.0054,0.45,4
0.0055471640262445,0.0094298825312546,1.4089419466627593,0.4071641902723783,20.06627606295589,0.0054,0.45,4
0.0055616263141305,0.0093178214818848,1.4517044191650228,0.4276927475526205,20.154739290691467,0.0054,0.45,4
0.0054329573152897,0.0094953613757102,1.3616329817705124,0.4068400314722838,20.06539454674416,0.0054,0.45,4
0.0053339087827155,0.009579608854487,1.3088982088163752,0.400818595924699,19.99263687353513,0.0054,0.45,4
0.0052339429534444,0.0096716941397498,1.2512883805734656,0.392815519464215,19.919915373045253,0.0054,0.45,4
0.0041827455671239,0.010389694553141,0.681874276937756,0.3256063381714653,18.344416894483803,0.0054,0.45,4
0.004279988136146,0.0102893029955648,0.7528470912819191,0.3457554553781914,18.628794753249124,0.0054,0.45,4
0.0046306880418589,0.0101047193094425,0.9268789725233908,0.3604898043855807,19.244998088705103,0.0054,0.45,4
0.004526450048093,0.010209913879622,0.8540034799364268,0.3439897854082607,19.02215981218321,0.0054,0.45,4
0.0048217470691116,0.0099135624742552,1.0569563198656873,0.3863373025218488,19.58005640163652,0.0054,0.45,4
0.0047262942098301,0.0100069614576083,0.9933705232955676,0.3745994905492527,19.42195050006393,0.0054,0.45,4
0.0046182407802683,0.009987807308918,0.9753566307582788,0.3910709480808765,19.351368740789766,0.0054,0.45,4
0.0043857512023884,0.0101895797609759,0.8257353647220324,0.3631691055612384,18.90012927855446,0.0054,0.45,4
0.0023728620019897,0.0105815953248065,0.0290852624592567,0.0453038701808593,11.602573024990932,0.0054,0.45,4
0.0023144803133626,0.0105388720425258,0.018297996954349,0.0278359973800034,11.610656569307933,0.0054,0.45,4
0.0024089443198711,0.0105756271244665,0.0442675561340969,0.0671746986888275,11.972769622401016,0.0054,0.45,4
0.0035944677638568,0.0106831525447726,0.3856781658376308,0.2627789307592429,16.62650248994684,0.0054,0.45,4
0.0034954866128724,0.0106767694459089,0.3577278375131416,0.2636890095207316,16.312672687785923,0.0054,0.45,4
0.003899214073703,0.0105530613721358,0.5301826328225353,0.2952866035336739,17.58990139315359,0.0054,0.45,4
0.00396428532491,0.010474155317596,0.5825400915525306,0.3155046899696703,17.851179341881874,0.0054,0.45,4
0.0037969343807456,0.0105814105710521,0.4878151584805782,0.2906621089292944,17.298486847720167,0.0054,0.45,4
0.003684048310896,0.010630773746441,0.4334584831170244,0.2782437964109916,16.956690363265157,0.0054,0.45,4
0.0024799010652296,0.0105812851942695,0.0684276395748188,0.1002071477555983,12.286769579073647,0.0054,0.45,4
0.0033634408446493,0.0106838352851487,0.3143157422974043,0.257089693956225,15.923949073753478,0.0054,0.45,4
0.0032754538815988,0.0106420275300609,0.3035853565761048,0.2646015233554042,15.673172952448946,0.0054,0.45,4
0.0031660278405278,0.0106582222894815,0.263183933470254,0.250188588059788,15.259986134320204,0.0054,0.45,4
0.0030514965113821,0.0106513349568488,0.2302273084857083,0.2383968687316928,14.835574324096427,0.0054,0.45,4
0.002711545140283,0.0106533210094303,0.1226534281789252,0.1642606474866692,13.228065384564038,0.0054,0.45,4
0.0029459447428579,0.0106468614010859,0.1989144932249742,0.2226644167105134,14.407976538319351,0.0054,0.45,4
0.0028315718502371,0.0106475301878033,0.162657114157757,0.1984629250699269,13.864309352075027,0.0054,0.45,4
0.0025674661337413,0.0105783024277964,0.1001559683924741,0.1388675833054382,12.807205816163629,0.0054,0.45,4
0.0026691963860701,0.0105735485715538,0.1365960296655472,0.1770851348186471,13.346058303956683,0.0054,0.45,4
0.0040503162877778,0.0103769478718315,0.6497786705872218,0.338552838900565,18.148363128148407,0.0054,0.45,4
0.0086467492791052,0.0027614771000611,0.0952622758906425,-0.1427022381954567,28.61833557001177,0.0054,0.45,4
0.0085938291832434,0.0028725819853733,0.1051301739111479,-0.1233991240156564,28.63322551938265,0.0054,0.45,4
0.0085902795629305,0.0026599355385093,0.1123131445933431,-0.1728432232687081,28.21292338652888,0.0054,0.45,4
0.0085395500972451,0.0025520608784857,0.1306029252924407,-0.2039863616426209,27.814332913001632,0.0054,0.45,4
0.0084922740333087,0.0024407348531013,0.1507513539189431,-0.235423305022286,27.4198515174773,0.0054,0.45,4
0.0084495180727776,0.0023281371292977,0.1724745316149972,-0.2661867032512802,27.035867717404404,0.0054,0.45,4
0.0086785815513739,0.0041343149795192,0.2836089787451289,0.2434704250756393,28.56477159283116,0.0054,0.45,4
0.0086795088913249,0.0042357977522414,0.3214766007667838,0.2786751710816429,28.2915810649615,0.0054,0.45,4
0.0086162065865576,0.0043413254915085,0.3872533123485311,0.3181957889847922,27.768492340996573,0.0054,0.45,4
0.0085692163312868,0.0044259892210629,0.4412887148214751,0.348567208128062,27.37090312408312,0.0054,0.45,4
0.008614560650502,0.0040534029744384,0.2772109130349071,0.2186291291198496,28.552363136348536,0.0054,0.45,4
0.0085876931604226,0.0038249111060915,0.218670902604649,0.1428144209509468,28.844468556740367,0.0054,0.45,4
0.0085781061803357,0.0039284900466704,0.2503527313254588,0.1773580047021797,28.642256322875348,0.0054,0.45,4
0.0085404957280458,0.0037388153812594,0.2124674284773841,0.1152913061192714,28.787072228500502,0.0054,0.45,4
0.008656714474831,0.0030824583091117,0.0933722747180776,-0.0674757289729109,29.18229915686056,0.0054,0.45,4
0.0086475754112977,0.0032063534246151,0.1021392231075552,-0.0372855641354617,29.299744956348626,0.0054,0.45,4
0.008622798113728,0.0033723733106513,0.1241632012459333,0.0059024413170295,29.270627640783182,0.0054,0.45,4
0.0086064019164996,0.0034658796617368,0.1406877167372088,0.0319635469923682,29.2013442221024,0.0054,0.45,4
0.0085903992095507,0.0033008652038743,0.1252671666416621,-0.0149662674237837,29.139593146268343,0.0054,0.45,4
0.0085351926365986,0.0035758376333602,0.1799884985173117,0.0637929831035876,28.845779202171947,0.0054,0.45,4
0.0085379973425013,0.0030066810522747,0.1202091512442201,-0.0957605930120672,28.6398166970522,0.0054,0.45,4
0.008605880611987,0.0047174536687087,0.5746892599372261,0.4464670620540561,26.431002356414115,0.0054,0.45,4
0.0085077557493731,0.0046150395167792,0.5532698463279765,0.4130836352210399,26.587899154144573,0.0054,0.45,4
0.0084850302170939,0.0044842966643608,0.4969575355156821,0.3690754182738898,26.951152263587087,0.0054,0.45,4
0.0085580882389494,0.0048418268204807,0.658731152856204,0.4863761964052759,25.89766175498396,0.0054,0.45,4
0.0085039446247483,0.0049657185847492,0.7461395444657412,0.5228918379115649,25.35919208984038,0.0054,0.45,4
0.0084488303471717,0.0050891195479429,0.8340753350056049,0.5557103675529004,24.84955119890014,0.0054,0.45,4
0.0082499415071532,0.0059310778241548,1.3743246367701636,0.7031355611270235,22.016855642287684,0.0054,0.45,4
0.0083429558223609,0.0058258188636373,1.3019050713241993,0.6982072033989805,22.24074215980776,0.0054,0.45,4
0.0083958464848004,0.0056710103434952,1.200661570825413,0.6793222791419519,22.71566428567404,0.0054,0.45,4
0.0083994130367294,0.0054292670107445,1.0516727733371554,0.6348024724675693,23.596924813709965,0.0054,0.45,4
0.0083958342839123,0.0052101963108657,0.9198024142896428,0.5844690330565886,24.37483118336792,0.0054,0.45,4
0.0083417998527665,0.0053319437342293,1.0052727022086665,0.609899793741696,23.93432586540163,0.0054,0.45,4
0.0083289979136108,0.0055527358414734,1.1403529366087497,0.6540800106805191,23.15117194948458,0.0054,0.45,4
0.0076049023619893,0.006943227837238,1.8409728582126308,0.6738404945777628,20.31425787741811,0.0054,0.45,4
0.0081869681935274,0.0061485048786361,1.5003680495378986,0.7170603045347476,21.393306752917542,0.0054,0.45,4
0.0081786994796044,0.0060307367577518,1.4371817901176076,0.7067948401490228,21.737316674294565,0.0054,0.45,4
0.0080875192403975,0.0061912451590877,1.5292135588580158,0.7106710057849093,21.38810017048296,0.0054,0.45,4
0.0080550097296589,0.0062900586504347,1.580376175522529,0.7131198003615945,21.09434344120968,0.0054,0.45,4
0.0080339127825127,0.0063932021746348,1.63100309560097,0.7149069000823101,20.893983397738463,0.0054,0.45,4
0.0078919048383003,0.0066091719208511,1.7283900312253233,0.7047747201965513,20.55033133963008,0.0054,0.45,4
0.0079401359121005,0.0064861219254446,1.675581090134404,0.7085695653933045,20.77547595532184,0.0054,0.45,4
0.007685344964267,0.0068214107201724,1.804763802489024,0.684270418049003,20.440943236132515,0.0054,0.45,4
0.0077741065119753,0.0066815460241363,1.7562007371982256,0.6943338774482921,20.57454921540158,0.0054,0.45,4
0.0072611251314047,0.0076430378686081,1.956378547128726,0.5998658172453349,19.774748892792665,0.0054,0.45,4
0.0071788714825854,0.0077525738391299,1.956301649353415,0.5850863960444866,19.77147276906422,0.0054,0.45,4
0.0070955356778307,0.0078630252498214,1.951777165088967,0.5701030078990398,19.77492566702438,0.0054,0.45,4
0.0070152894244712,0.0079753413277061,1.9434050057433352,0.5548453207787073,19.785192866556816,0.0054,0.45,4
0.0069329873412349,0.0080912946726338,1.930474219617516,0.5391264962180853,19.79316919796085,0.0054,0.45,4
0.0075253214019482,0.0070627230176165,1.8710804632817173,0.6624735527309773,20.22111715532133,0.0054,0.45,4
0.0074464452107062,0.007180708394798,1.895565813405058,0.6503454995335146,20.144972277143165,0.0054,0.45,4
0.0072057051498438,0.0075238657452753,1.936585500967982,0.6110610585299061,20.01669723392733,0.0054,0.45,4
0.007284663972634,0.0074047657911665,1.9268501201922927,0.6249747840970558,20.05234562108832,0.0054,0.45,4
0.0073612661772821,0.0072892828873551,1.912608707229532,0.6379366828185153,20.12106789651289,0.0054,0.45,4
0.0068514851177224,0.0082091413516111,1.9132556134797387,0.5231035206751385,19.78949835346046,0.0054,0.45,4
0.0067777575275735,0.0083481671518866,1.890822981717604,0.503321205146997,19.79688403156759,0.0054,0.45,4
0.006672765081431,0.0084361916252647,1.8639739583157071,0.4931175815107881,19.847145118156963,0.0054,0.45,4
0.0065333566336197,0.0084833035292196,1.8348353891865723,0.4921087754873622,19.99903112437975,0.0054,0.45,4
0.0059775947661569,0.0089977122955512,1.6301866484922751,0.4449722121150092,20.153177468300992,0.0054,0.45,4
0.0061701861900629,0.0089896148396676,1.667950325432814,0.429115931698718,20.01561811961318,0.0054,0.45,4
0.0060650328753026,0.0089856033848283,1.6494006433921748,0.4392878609423759,20.12719251235461,0.0054,0.45,4
0.0064619734669957,0.0086984681256886,1.78680466223318,0.4597735852052719,19.915214881583893,0.0054,0.45,4
0.0064356136910904,0.0085673976268795,1.805833560984624,0.4837442450739717,20.04485794655724,0.0054,0.45,4
0.00625203041459,0.0088987664570199,1.7058307467898697,0.4390929286181121,20.00022587839396,0.0054,0.45,4
0.0063414905628099,0.0087960986422812,1.7454819631697822,0.4507658515386464,19.986091960435747,0.0054,0.45,4
0.0057254098891589,0.0091459736935185,1.5401941229604168,0.4425651493312474,20.21544654832118,0.0054,0.45,4
0.0058117188895317,0.0090459594431716,1.5867660438959208,0.451939667283588,20.2370769139958,0.0054,0.45,4
0.0058967879366737,0.00895532916773,1.627994460329864,0.4597051157985626,20.23569639225228,0.0054,0.45,4
0.0049208886681533,0.0098224577742614,1.1191369137917364,0.3961273746856781,19.71671569405469,0.0054,0.45,4
0.0050172747554667,0.0097268909538975,1.181184006171903,0.4063569494738664,19.84242719854544,0.0054,0.45,4
0.0055113325249841,0.009223939843923,1.4752639845890876,0.4507398623279312,20.243907570636207,0.0054,0.45,4
0.0056076896430735,0.0091250023081249,1.526044388180264,0.4582655892018687,20.29780703625057,0.0054,0.45,4
0.0051149310515847,0.0096291538479085,1.2427654786575209,0.4160607559445273,19.952477398311604,0.0054,0.45,4
0.0054383186594801,0.0093380405245576,1.4208635894999284,0.4375217641546377,20.17609355657197,0.0054,0.45,4
0.0053144932226303,0.0094375331705417,1.3595876838765617,0.4321568798765667,20.138456418946927,0.0054,0.45,4
0.0052145921812214,0.0095317898735765,1.3027564785750954,0.4247265106592381,20.04477764834175,0.0054,0.45,4
0.0048123937585948,0.0097903330830203,1.1084241754066066,0.4159013566649386,19.69405598975284,0.0054,0.45,4
0.004142808004606,0.0102741819238684,0.7218894064129727,0.360934276645706,18.452027519935907,0.0054,0.45,4
0.0042398229257679,0.0101695965785529,0.7961325900215246,0.3814757867168598,18.74347168651079,0.0054,0.45,4
0.0044995843870461,0.0100653186729882,0.91100126461761,0.3842110295616061,19.15844979803736,0.0054,0.45,4
0.0046962216496197,0.009873671380257,1.044904928820326,0.4099095463270554,19.564492950529992,0.0054,0.45,4
0.0045830695154744,0.009886851586724,1.0125959701389864,0.4188458841613312,19.4796942085784,0.0054,0.45,4
0.0045199865381814,0.0099423073985644,0.9721792481395226,0.4122999986070247,19.3333061295875,0.0054,0.45,4
0.0043359320871649,0.0100613672256456,0.8714097005319498,0.401031369306065,19.020502783618863,0.0054,0.45,4
0.0023305147527966,0.0105130265370573,0.0327362520329171,0.0480743595062619,11.767995199410135,0.0054,0.45,4
0.0022701564225568,0.0104709341950217,0.0205559262482325,0.0294013925492973,11.812258162670028,0.0054,0.45,4
0.0023671538346669,0.0105053102401987,0.0502532990193234,0.0720138528984165,12.143804129364854,0.0054,0.45,4
0.0024368517102959,0.0105083732958146,0.0768154794901258,0.106842794140577,12.456369817849948,0.0054,0.45,4
0.0022860990230796,0.010445536471119,0.0366236445440015,0.0507219452815851,11.965137541820944,0.0054,0.45,4
0.0022238393647598,0.0104043401863762,0.0229387986863083,0.0308876808728396,12.03864828247751,0.0054,0.45,4
0.0035775237022862,0.0105864204974081,0.41916429106486,0.2923942211647499,16.759864992852297,0.0054,0.45,4
0.0034550107481508,0.0105770606266886,0.3854634018107992,0.293375280402917,16.41796226868824,0.0054,0.45,4
0.0038424199134174,0.0104689754050582,0.5489477111037807,0.322720737128182,17.5954450514111,0.0054,0.45,4
0.0039167982093449,0.0103667268763255,0.6161348597109374,0.34918870892158,17.922865317274812,0.0054,0.45,4
0.0036944173767046,0.0104960752927484,0.4929595953632666,0.3189699471301847,17.221274177190534,0.0054,0.45,4
0.0025233923094718,0.0105029688575601,0.1115591938463764,0.1479414198553457,12.937896843254572,0.0054,0.45,4
0.0033422221163122,0.0105692157261641,0.353937279045649,0.2913703998324297,16.06413530527433,0.0054,0.45,4
0.0032356232076659,0.0105648519057001,0.3226427539042543,0.2856170179080562,15.709931051047691,0.0054,0.45,4
0.0031223268115287,0.0105501855681146,0.2932011918478677,0.2792936832602526,15.370084139532649,0.0054,0.45,4
0.0030065115055579,0.0105652983944618,0.2502637149469278,0.2588557023003353,14.898894935483993,0.0054,0.45,4
0.0027882705842451,0.0105655665400784,0.179313762054023,0.2142038495179487,13.964991738600576,0.0054,0.45,4
0.0029039949821131,0.0105600112033711,0.219433386809795,0.2423002948993441,14.492922256842798,0.0054,0.45,4
0.0026217194514954,0.0104952650568845,0.1503420920374842,0.1883133052367596,13.46588193178806,0.0054,0.45,4
0.002739650603052,0.0104840489723853,0.1963415095171554,0.2288010157246576,14.076654539796277,0.0054,0.45,4
0.0040047754108167,0.0102626967962462,0.6890173676367729,0.3736133688554632,18.257456895976947,0.0054,0.45,4
0.008527099667941,0.0027678151666172,0.1226859301510028,-0.1555445759113237,28.21941749665258,0.0054,0.45,4
0.0084627997396971,0.0028861272453848,0.1373282247653385,-0.1329497012925209,28.203460007754327,0.0054,0.45,4
0.0084699207985186,0.0026572537911004,0.1403183511344627,-0.1883369671847076,27.82072372190117,0.0054,0.45,4
0.0084163586614505,0.0025431302477933,0.1596085180908496,-0.2214510607286156,27.4283866815092,0.0054,0.45,4
0.0083671769532893,0.0024255106088075,0.1805909106399194,-0.2543994202907018,27.041262585582576,0.0054,0.45,4
0.0083218843719284,0.0023070202557949,0.2033116815726857,-0.2863073108891085,26.662921959385045,0.0054,0.45,4
0.0085852120902473,0.0041687529369245,0.3283915823499799,0.2591550337064961,28.17341348459661,0.0054,0.45,4
0.0085687780764397,0.0042625555156012,0.3708739646107188,0.2920463040887229,27.852329158659803,0.0054,0.45,4
0.008517836919098,0.0041069375952407,0.3291060603032239,0.238956601469379,28.06256338990205,0.0054,0.45,4
0.0084922504481164,0.0043556391897881,0.4362168264233847,0.3252197370545299,27.36961230607136,0.0054,0.45,4
0.0085011885981837,0.004018791290628,0.304588058995261,0.2088291838513033,28.222820620046893,0.0054,0.45,4
0.0084959634540404,0.0038489340090927,0.2552633960489369,0.151408376688259,28.480219013879537,0.0054,0.45,4
0.0084644445305278,0.003937704370532,0.2916078217545942,0.1811569495664663,28.22924102962786,0.0054,0.45,4
0.0084206266888176,0.0036765301323031,0.2371917471581327,0.0936735390236535,28.40087352143265,0.0054,0.45,4
0.008429031487317,0.003782962768799,0.2600675567329212,0.1288336691899354,28.31282372267077,0.0054,0.45,4
0.0085355761928772,0.0031412170277578,0.1270675154790538,-0.0610160348851264,28.81783155809514,0.0054,0.45,4
0.008540159257784,0.0032353088893482,0.1330763167914719,-0.0352486974795086,28.86562091067387,0.0054,0.45,4
0.0085305309542658,0.0033886919918466,0.1522550647926644,0.0076635290434654,28.90659672719698,0.0054,0.45,4
0.0084914415896603,0.0034748379933319,0.1764432351893164,0.0319596063929017,28.73465527497808,0.0054,0.45,4
0.0084952776504017,0.0033069962783749,0.152766293611145,-0.0173791147871819,28.736015282272177,0.0054,0.45,4
0.0083958386890751,0.0035539990656944,0.2196958965158338,0.0536811777600544,28.381782691497467,0.0054,0.45,4
0.0084447354718493,0.0030972723741169,0.1489444963909288,-0.0788472921533533,28.384215720575856,0.0054,0.45,4
0.0083951546789484,0.0029990978299234,0.1575230462060133,-0.1091310321008112,28.106309220417387,0.0054,0.45,4
0.0084742105605046,0.004749108360286,0.6341161951493848,0.4560942093740622,26.085525343527568,0.0054,0.45,4
0.0083943146893373,0.0046755971365429,0.6212258005837509,0.4304483152251629,26.22157385604708,0.0054,0.45,4
0.0083677681941134,0.0045559729304362,0.5703773824989873,0.3907552038204383,26.538201446592755,0.0054,0.45,4
0.0083905438802102,0.0044340814794778,0.5059109773158073,0.3505273647685479,26.901874495526783,0.0054,0.45,4
0.0084255739655084,0.0048698384459363,0.7149322402974567,0.4920485056070005,25.602581703068267,0.0054,0.45,4
0.0083725645317034,0.0049931444913032,0.7995252887494012,0.5256193170277205,25.124509888986577,0.0054,0.45,4
0.0083215878442767,0.0051167155403544,0.8839465727788925,0.5561409891055425,24.663086278530127,0.0054,0.45,4
0.0081099845398819,0.00593985700136,1.3947010675071478,0.691227701078991,22.08397188581299,0.0054,0.45,4
0.0081922076266396,0.0058130161232319,1.3143359554883427,0.6836203972893128,22.3874131838172,0.0054,0.45,4
0.008258290390505,0.0056880706420484,1.232598491843875,0.6714778748839346,22.75448780040894,0.0054,0.45,4
0.0082795593034864,0.0054315122470628,1.0778269109407927,0.6266815426420097,23.55086112007324,0.0054,0.45,4
0.0082751708878499,0.0052355081209547,0.9640720974065474,0.5826064149338676,24.24724408464392,0.0054,0.45,4
0.008244743017509,0.0053347804268442,1.0286585008923026,0.6030556308427643,23.8849320497696,0.0054,0.45,4
0.0081814387229734,0.0055520311129352,1.1668762003784303,0.6415791477453631,23.20951433696968,0.0054,0.45,4
0.0074680312061641,0.0069435688888725,1.83596798815594,0.6635985801664858,20.51509117173145,0.0054,0.45,4
0.0075444814350495,0.0068238648179839,1.8022454664452217,0.6727417160688135,20.6218528586775,0.0054,0.45,4
0.0080648201972671,0.0060777452856754,1.4723120542047643,0.7003819508959231,21.727583154978905,0.0054,0.45,4
0.0079890777847467,0.0061867477893851,1.533395233058518,0.7011022745692758,21.5149342424935,0.0054,0.45,4
0.0079286378546282,0.0063291724948291,1.604871634159801,0.7029885439024148,21.24326201883996,0.0054,0.45,4
0.0078080098605242,0.0065403101397565,1.7003809093676476,0.6971239197510144,20.871830716053697,0.0054,0.45,4
0.0078348304037934,0.0064223100459338,1.6499985372141566,0.6971843982704716,21.10393008518105,0.0054,0.45,4
0.0079818609577159,0.0059521031155155,1.4151685632698194,0.6795868663929766,22.13768422341487,0.0054,0.45,4
0.0076152015151708,0.0066987587046275,1.7613043231394936,0.6801915928889956,20.773282609998034,0.0054,0.45,4
0.0076795728612424,0.0065679347098518,1.712952987785995,0.6855762753966773,20.948863303886416,0.0054,0.45,4
0.0071255315513296,0.0076331039225071,1.94035095784886,0.5978296134026867,20.00303931160505,0.0054,0.45,4
0.0070710970963507,0.007520770846181,1.9240015607287184,0.6070281041019462,20.203184008345712,0.0054,0.45,4
0.0070431599917729,0.0077401545452483,1.9393733626245184,0.5846565253612689,19.9969565761273,0.0054,0.45,4
0.0069603586198084,0.0078509856597295,1.9343475389101088,0.5710036123784724,19.991734019148613,0.0054,0.45,4
0.0068778646923955,0.0079653930812411,1.925103933567622,0.556963461018571,19.995931277409785,0.0054,0.45,4
0.0067988605158189,0.0080806587699556,1.91197516637772,0.5427614540629097,19.991522558083176,0.0054,0.45,4
0.007391233617722,0.0070596292757394,1.8635953795775544,0.6535970049399972,20.425767306549208,0.0054,0.45,4
0.0073163666979254,0.0071738007847725,1.8861014022835336,0.6430861167460978,20.33760115193478,0.0054,0.45,4
0.0071550525807809,0.0074006059314307,1.9157582628962784,0.6198248298852093,20.251499275082026,0.0054,0.45,4
0.0072230592643132,0.007271229346637,1.8996507016007933,0.6321080501937743,20.341885891177725,0.0054,0.45,4
0.0073322193824733,0.0069449851897438,1.8325320645302463,0.6531601284205449,20.71587052759389,0.0054,0.45,4
0.0070212594919001,0.007411075114279,1.907526958130108,0.6134692423298657,20.461012334482746,0.0054,0.45,4
0.0067238756376574,0.0081981616479184,1.894915117899272,0.528058475926979,20.00735817360833,0.0054,0.45,4
0.0066449404854462,0.0082949670986734,1.8751055025668704,0.516473457841779,20.0007172998602,0.0054,0.45,4
0.006569211189322,0.0083714043776442,1.855340101621718,0.5080194865050147,20.01699728474017,0.0054,0.45,4
0.0064840965435883,0.0083840693338051,1.8411104141052124,0.5096438409698302,20.159878162341546,0.0054,0.45,4
0.0064175135133725,0.0084526846943566,1.82147679023629,0.5026437360626383,20.164263439801186,0.0054,0.45,4
0.006344534555021,0.0085152372243233,1.8004380159753812,0.497169671704725,20.187668143813205,0.0054,0.45,4
0.005997246819834,0.0089031185491186,1.6594207530772918,0.4598069532878876,20.217291466331403,0.0054,0.45,4
0.0061187025371334,0.0088807270974652,1.6861170728692756,0.453480301873066,20.13444016193502,0.0054,0.45,4
0.0063164422861536,0.0086400585160324,1.7731430309158038,0.479370423775335,20.10755062385999,0.0054,0.45,4
0.0061984684208458,0.0087641166755796,1.727533849430422,0.467093037793133,20.163565323777803,0.0054,0.45,4
0.0057036115700679,0.0090199897659814,1.5761629052338195,0.4667466756705533,20.33221908816208,0.0054,0.45,4
0.0057964291697558,0.0089203862176685,1.621320947956672,0.4745121249669488,20.35507616844504,0.0054,0.45,4
0.0058960357957927,0.0088381315031721,1.6600909459447506,0.4789762305815893,20.35976587918488,0.0054,0.45,4
0.0049035541504247,0.0096917100002624,1.1713667237220573,0.4271944498023812,19.850495981137467,0.0054,0.45,4
0.0049962733330519,0.0095911913512741,1.2337604988127289,0.4377124251612985,19.980887506859123,0.0054,0.45,4
0.0054048017758051,0.0092118472862608,1.4605884859292446,0.4641879391640951,20.28906084447192,0.0054,0.45,4
0.005486938132694,0.0091106416175661,1.5103174389881036,0.4729563679650623,20.3575953994232,0.0054,0.45,4
0.0055821422322028,0.0090077463251389,1.5601880750310342,0.4803525595513058,20.40910837340185,0.0054,0.45,4
0.0050938658812201,0.0094870911370195,1.2966363591403007,0.4474982384561312,20.096081168925007,0.0054,0.45,4
0.0053058616688589,0.0092978271030987,1.4111581177871724,0.4595312282178411,20.254750374518967,0.0054,0.45,4
0.0051964210012101,0.0093856669982931,1.3570813336393286,0.4553961979817135,20.1874701555884,0.0054,0.45,4
0.0047958215731042,0.0096605641486476,1.162108480863811,0.4459269472788734,19.871485390498503,0.0054,0.45,4
0.0047139770921355,0.0097442291506193,1.1071366183279552,0.4370159579119564,19.72588886921578,0.0054,0.45,4
0.0040992263718499,0.0101568290630345,0.7648181818072456,0.3959614308461768,18.57536884148799,0.0054,0.45,4
0.0041952421204298,0.0100463070798883,0.8429552307022208,0.4171740172640369,18.883488643278387,0.0054,0.45,4
0.0044104784579098,0.0099541811084419,0.9402596179668852,0.4205571418198547,19.23330808340152,0.0054,0.45,4
0.0045994679729695,0.0097581962219726,1.075612908586578,0.4464393481110092,19.649308307410063,0.0054,0.45,4
0.004483147819862,0.0098447070722215,1.009108566104329,0.4390386283395874,19.48256271405967,0.0054,0.45,4
0.0042872316869145,0.0099353818795676,0.91962242008256,0.4365980221508226,19.161514464732903,0.0054,0.45,4
0.0023211431713343,0.0104356501862212,0.0559224332869036,0.0757278563866361,12.348747318105454,0.0054,0.45,4
0.0023916195975577,0.0104368064105069,0.0856743203997707,0.113111607589484,12.63853540213754,0.0054,0.45,4
0.0024782110019371,0.0104285305804148,0.1242239273920825,0.1572834460691221,13.140479852445168,0.0054,0.45,4
0.0022377896311052,0.0103766682308016,0.0408743383785231,0.053328634458444,12.19831888580556,0.0054,0.45,4
0.0021755735572042,0.0103391455227687,0.0254169963782508,0.0322556724975898,12.294716075181762,0.0054,0.45,4
0.0022730349153848,0.0103673962792455,0.0617840927455277,0.0791558278904096,12.58025440279293,0.0054,0.45,4
0.0035466422141395,0.0104734913286283,0.458490689578841,0.3265730638938263,16.91303672643689,0.0054,0.45,4
0.0034211846203869,0.010471918533087,0.4209608241435992,0.324702088699744,16.556394414508137,0.0054,0.45,4
0.0037743480291232,0.0103633058971591,0.5765252300506717,0.3561266647578867,17.647628669610842,0.0054,0.45,4
0.0038647291074426,0.010254219385477,0.6540166058399947,0.3836690792922793,18.033829405393075,0.0054,0.45,4
0.0036390199233371,0.010368179804312,0.534623477792187,0.357801162805458,17.331730159642373,0.0054,0.45,4
0.0025813882311474,0.0104175678977731,0.1687243569133208,0.2024783493488917,13.663563953530751,0.0054,0.45,4
0.0033026217084449,0.0104755994922243,0.3827559844769527,0.3181310666478281,16.21110296567858,0.0054,0.45,4
0.0032056087234558,0.0104854035007724,0.3480527590272005,0.3079472826029121,15.877208749604415,0.0054,0.45,4
0.00313307410288,0.0104397087291121,0.3461459812479193,0.3154117422346958,15.72236856455329,0.0054,0.45,4
0.0030531977600626,0.0104821644136526,0.3011689704010835,0.2921264123984747,15.351350539284004,0.0054,0.45,4
0.0029615469399956,0.0104727366730359,0.27571271616876,0.2813163765801778,14.988361956775409,0.0054,0.45,4
0.0028604940077685,0.0104741808332349,0.2416948071926074,0.261616713562035,14.630866948058124,0.0054,0.45,4
0.002693277945229,0.010403576449211,0.2161360154152264,0.2439108690162178,14.249582751175431,0.0054,0.45,4
0.0028132378179672,0.010391068774938,0.2642115428458441,0.2793507586254114,14.80000827524682,0.0054,0.45,4
0.0039583738251658,0.0101446784083309,0.733145503801765,0.4086441603434971,18.400787721202047,0.0054,0.45,4
0.0083991719232422,0.0027688436846622,0.1540058488687666,-0.1686194669284879,27.80218316978635,0.0054,0.45,4
0.0083280265478611,0.0028845580027536,0.172308416251609,-0.1452414098615044,27.75117211838881,0.0054,0.45,4
0.0083410099746154,0.0026518821828078,0.1717520560789749,-0.2034600152005641,27.42028249511024,0.0054,0.45,4
0.00828633643247,0.0025317073775448,0.1912187197874361,-0.2381370446269369,27.041312558404737,0.0054,0.45,4
0.0082350809601202,0.0024085549397478,0.2126117876939209,-0.27223111721944,26.66451023458718,0.0054,0.45,4
0.0081876581442648,0.002283763362399,0.2358731390266902,-0.3050653513953639,26.2935616551074,0.0054,0.45,4
0.0084691706501347,0.0042149939196605,0.386243611923775,0.2766254507577596,27.63148697039406,0.0054,0.45,4
0.0084161030815763,0.0040967511589973,0.3605416623907324,0.2352759906451748,27.73770243457232,0.0054,0.45,4
0.0083468055732762,0.0043262327210276,0.4736677849082283,0.3127112925932219,27.10079400811418,0.0054,0.45,4
0.0083020716509638,0.0036498235699601,0.2698660018274973,0.0812026468032375,28.01366327489972,0.0054,0.45,4
0.0083852045256575,0.0039996643087592,0.3380611236431148,0.2014115021268869,27.856764193390635,0.0054,0.45,4
0.0083763722019573,0.0038818956611998,0.3047283905452729,0.1611206223071195,27.975831367733573,0.0054,0.45,4
0.0083282624130839,0.0037633122117105,0.2885532528676904,0.119768493520151,27.95550831425857,0.0054,0.45,4
0.0084240242541337,0.0032224916014584,0.1641835610196562,-0.0452250558175273,28.35422768030873,0.0054,0.45,4
0.0083912712690381,0.0033876238948648,0.1932048805609815,0.0018093117011938,28.300559935122628,0.0054,0.45,4
0.0082714052581902,0.0035210749983651,0.2531401931426034,0.0380058349986047,27.92016347705504,0.0054,0.45,4
0.008330921236146,0.0031168743648023,0.1819541983053375,-0.081221289907412,28.012264992353376,0.0054,0.45,4
0.0082562680075234,0.0030051087903478,0.1959558802020682,-0.1180889961335713,27.67776266441496,0.0054,0.45,4
0.0083493277297861,0.0047731369654629,0.6859377029396326,0.4594019829064149,25.797856361422,0.0054,0.45,4
0.0082906095558658,0.0046641027204896,0.6484850331326167,0.4223234413355758,26.01294030149855,0.0054,0.45,4
0.0082447860985188,0.0045708972635761,0.6177735060049366,0.3898317246770096,26.241434911680376,0.0054,0.45,4
0.0081713221580506,0.0046490590625955,0.6786004549365705,0.4100445844269659,25.90455078766148,0.0054,0.45,4
0.0082613364276524,0.0044477960462985,0.5553246284649401,0.350377498585324,26.574887015019225,0.0054,0.45,4
0.0081473631975222,0.0045257863833283,0.6282671783624895,0.3690193709731339,26.176373277383323,0.0054,0.45,4
0.0082933707609429,0.0048952031882813,0.7679493043921112,0.4930032912260875,25.37471653970936,0.0054,0.45,4
0.0082418098693728,0.0050220847609028,0.8519170943127107,0.5252880747303222,24.916745187410417,0.0054,0.45,4
0.0081953169510613,0.0051502401186046,0.9353023450598232,0.5551585650740768,24.48722097519736,0.0054,0.45,4
0.0080452064975889,0.0058216758734617,1.338572006613527,0.6703293503713165,22.45991558096978,0.0054,0.45,4
0.0081204093494043,0.0056950987245274,1.2583727376667326,0.6597214034167301,22.785133406968693,0.0054,0.45,4
0.0080562098967316,0.0055913449640651,1.2112868103993149,0.6359430905715887,23.11836753918385,0.0054,0.45,4
0.0081612832506443,0.0054015463929934,1.0848524410329785,0.6100726703210203,23.68404918124143,0.0054,0.45,4
0.0081619864377141,0.0052767695019399,1.0142731787146515,0.5827373629912157,24.076173893625818,0.0054,0.45,4
0.0080591535204056,0.0054750876702231,1.1467177527708172,0.6148283003739681,23.438629674042105,0.0054,0.45,4
0.0074086651082925,0.0068305156140918,1.8022310395498484,0.6613053525467781,20.80799837986841,0.0054,0.45,4
0.0079044907825807,0.0058346773226859,1.3642291155359898,0.65667567985181,22.51566113968868,0.0054,0.45,4
0.0074799485900929,0.0067123179540294,1.76590971626762,0.6680255563652543,20.9368861067675,0.0054,0.45,4
0.0079216980462013,0.0060763407018962,1.4840873126954917,0.685456241334665,21.84105783762297,0.0054,0.45,4
0.0078549787176659,0.006202298335243,1.5497854788309169,0.688237643827693,21.60264296075928,0.0054,0.45,4
0.0077881588287853,0.0063223500128145,1.608353407017972,0.6883785863089869,21.37524139039917,0.0054,0.45,4
0.0077304645781353,0.0064374285682537,1.659780803248118,0.6874243977230466,21.183730272433788,0.0054,0.45,4
0.0078449656737662,0.0059623225143572,1.435570586596673,0.6654221859825614,22.20909328116971,0.0054,0.45,4
0.0075448542486898,0.006588232209104,1.7227098020037648,0.6727802084958406,21.09800630424672,0.0054,0.45,4
0.0076039058112502,0.0064604631089829,1.6734594596118215,0.6752458031801424,21.28374725877335,0.0054,0.45,4
0.0069934038910704,0.0076181020771751,1.926035012643766,0.5962208622116303,20.22681766165296,0.0054,0.45,4
0.0069692772177545,0.0075105816304986,1.914684411840295,0.6045136798332225,20.38082463063588,0.0054,0.45,4
0.0069069287020092,0.007722706166112,1.9240717356883184,0.5845584592561285,20.207516247278686,0.0054,0.45,4
0.0068237038223828,0.0078392518126001,1.9186520593249448,0.5718318733995704,20.20563632814053,0.0054,0.45,4
0.0067434987304711,0.007953630676666,1.909005246096144,0.5592715928233739,20.19222266877124,0.0054,0.45,4
0.0066656354879435,0.0080628850060235,1.8956406333398963,0.5472459088970298,20.197185594915364,0.0054,0.45,4
0.0072746742183949,0.0068388179151369,1.8036230877439887,0.6499147285215097,20.97370950070073,0.0054,0.45,4
0.0072590178070667,0.0070519893786733,1.8565401826527723,0.644729708450544,20.638271854123698,0.0054,0.45,4
0.0072113297631025,0.0071566310012089,1.877284217315788,0.6376307384900762,20.56978607196028,0.0054,0.45,4
0.0070936089864848,0.0072995711464463,1.8964743289295247,0.6236277053813666,20.493143248928373,0.0054,0.45,4
0.0071356034626662,0.0072001343966119,1.8820842701364064,0.6311124926976952,20.560195559152465,0.0054,0.45,4
0.0071938184632765,0.0069549175502262,1.832455185943424,0.6423379604264116,20.87684717689672,0.0054,0.45,4
0.0069604422296912,0.0073111803416889,1.891284711905751,0.6165232965426216,20.689577097475425,0.0054,0.45,4
0.0068897551087853,0.0074337705647459,1.901975784161295,0.6069453184339916,20.60740061561582,0.0054,0.45,4
0.0065841003202945,0.0081658775787631,1.8784500211885464,0.5361869793168347,20.18836914017827,0.0054,0.45,4
0.0065011858999279,0.0082715799186026,1.8573092698645928,0.5248315832797915,20.19121429073777,0.0054,0.45,4
0.0063992154816991,0.0083413741492024,1.8349390498831304,0.5192647061520042,20.269176200801528,0.0054,0.45,4
0.0063075874878569,0.0084234197654086,1.8103117001643696,0.512460796889342,20.28568246951781,0.0054,0.45,4
0.0062298549754745,0.008519750385144,1.7826990246998144,0.5031755378622162,20.29869388644008,0.0054,0.45,4
0.0060293270079467,0.0087612078459641,1.7007776305696487,0.4804818281533404,20.29979607336069,0.0054,0.45,4
0.0061435988498322,0.0086298700871871,1.7481833312624653,0.4923227733122513,20.29670656277678,0.0054,0.45,4
0.0056765597663655,0.0089048272023947,1.6071119974504613,0.4876676399444307,20.44366089545204,0.0054,0.45,4
0.0057739037884217,0.0088129007260211,1.6484224822678633,0.4929983318398086,20.465073644139725,0.0054,0.45,4
0.0058842073324635,0.0087171524756459,1.6900191983417254,0.4981377099515263,20.44252902552657,0.0054,0.45,4
0.0048782618107079,0.009559134057382,1.2236270767438493,0.4574892849433472,20.00372650164888,0.0054,0.45,4
0.0049699346847245,0.0094533376220601,1.2868637260657836,0.4678378370063569,20.13367025814891,0.0054,0.45,4
0.0053055796881518,0.0091814094704625,1.4547621269740898,0.4797360501407232,20.37310659208148,0.0054,0.45,4
0.0055521873305794,0.0088965331716888,1.591188367116082,0.5000299889090517,20.53121892733981,0.0054,0.45,4
0.005372919652011,0.0090952017030866,1.4970962221650923,0.4869190398116262,20.44540388433652,0.0054,0.45,4
0.005461149602816,0.008995519537472,1.5453865202641028,0.4937948234185935,20.48463595054074,0.0054,0.45,4
0.005068080943658,0.009341878136381,1.351255008916896,0.477524138696833,20.264360037801964,0.0054,0.45,4
0.005181632110026,0.0092178825689715,1.4202459070159308,0.4867900161213229,20.36196910596881,0.0054,0.45,4
0.0047558247153351,0.0095324343498132,1.211410028838558,0.4761758536019672,20.01320893381055,0.0054,0.45,4
0.0046659805086961,0.0096383809181236,1.1452440533040793,0.4647097798257734,19.84694493015438,0.0054,0.45,4
0.0040578485279042,0.0100346338755755,0.8138202386226893,0.4307482558706041,18.73962480432066,0.0054,0.45,4
0.0041518832148337,0.0099191453733753,0.8952847523970145,0.4520540600943807,19.05983090663108,0.0054,0.45,4
0.0043639809523498,0.0098275602474159,0.9901047034446304,0.4546988070983744,19.39741952797539,0.0054,0.45,4
0.0045428153310059,0.0096223627516524,1.1275931792421183,0.4809369518886798,19.81240757391538,0.0054,0.45,4
0.0044556004207217,0.0097236105136523,1.060868422720045,0.4686432577283466,19.61655515967997,0.0054,0.45,4
0.0042429625526792,0.0098103749279851,0.97128189342991,0.4696376896932329,19.32454222915791,0.0054,0.45,4
0.0021883740248072,0.0103108654093158,0.0451138226133606,0.0555414802722775,12.459159346792555,0.0054,0.45,4
0.002125403172302,0.0102754050706129,0.0280135180605376,0.0335195260023954,12.590784618582289,0.0054,0.45,4
0.0023442367421807,0.0103666745687017,0.0949526519746966,0.1189762198114449,12.856774614196782,0.0054,0.45,4
0.0024318707495611,0.0103560015220465,0.1377620343504659,0.1662818885152762,13.337606198076442,0.0054,0.45,4
0.0025300548686944,0.0103422675791067,0.1843081256129376,0.2125035082858941,13.851089126590583,0.0054,0.45,4
0.0022251171681882,0.0103011283338435,0.068783087815837,0.0833223449185819,12.837734378609952,0.0054,0.45,4
0.0022947851464451,0.0102980215678172,0.1046461482373839,0.1244054749068162,13.108881578460666,0.0054,0.45,4
0.0035042775548001,0.0103676020642643,0.4949130948481559,0.3580753546313084,17.030665995509725,0.0054,0.45,4
0.0033747226361833,0.0103739924347368,0.4527581167947151,0.3529942418540681,16.66221446096124,0.0054,0.45,4
0.0037252598985187,0.0102524455529181,0.6155853943955666,0.3895031158243121,17.77523032961111,0.0054,0.45,4
0.0038163762634368,0.0101385618483822,0.6980492712480374,0.417716444877303,18.17910436556025,0.0054,0.45,4
0.0035891750537903,0.010256158434132,0.574816036096006,0.3909856465499015,17.481562380176797,0.0054,0.45,4
0.0026446033771093,0.0103243046050076,0.2371798611423068,0.2583977558813873,14.41959853594095,0.0054,0.45,4
0.0032367597520286,0.0103863688650845,0.4042169799421016,0.3416023175819352,16.27285519312932,0.0054,0.45,4
0.0031420897582706,0.0103522926185693,0.3915167038218105,0.3439684250282709,16.042109133944265,0.0054,0.45,4
0.0030384654792828,0.010381835592539,0.3436121423098553,0.3226445339508518,15.6414865999559,0.0054,0.45,4
0.0029204646249153,0.0103864306129677,0.3026884215364291,0.3026861572011068,15.215206722986016,0.0054,0.45,4
0.0027618274198458,0.0103083595993806,0.2879278508803606,0.2960109013551125,14.95467891283026,0.0054,0.45,4
0.0028643663803249,0.0103058427938897,0.3247748972449351,0.3192772840238754,15.330711056805931,0.0054,0.45,4
0.0039131711686045,0.0100191407959475,0.7850381913535512,0.4441297999472596,18.577016369289563,0.0054,0.45,4
0.0082653072328363,0.0027651983539428,0.1882121232753415,-0.1819339544321945,27.389214841799,0.0054,0.45,4
0.0081894528753306,0.0028829728749083,0.2095397624672289,-0.1569183682412804,27.337069648683784,0.0054,0.45,4
0.0082046325634735,0.0026429124098018,0.2060297706174091,-0.2184825462327906,27.019654237249167,0.0054,0.45,4
0.0081481714778514,0.002516994335773,0.2254206027136397,-0.2544834164182035,26.65333452204538,0.0054,0.45,4
0.0080954861951889,0.0023883268244197,0.2466644238419657,-0.2893874027889164,26.289343697843368,0.0054,0.45,4
0.0080472432585981,0.0022576104419811,0.2697111930049752,-0.3226408024956178,25.92860875282852,0.0054,0.45,4
0.0083214144683664,0.0041958010897103,0.4298358740865922,0.2672233299381359,27.30595164645095,0.0054,0.45,4
0.008290273795205,0.0040890834747328,0.4011597162747799,0.2294600165730134,27.415077299481933,0.0054,0.45,4
0.0082197585284618,0.0043069932044973,0.5088007811295506,0.3008608413319242,26.794831359941792,0.0054,0.45,4
0.0082004158941648,0.003624180173607,0.2976908591161563,0.0681438261320884,27.64953028231465,0.0054,0.45,4
0.0082041685763675,0.0037367134908043,0.3233572360573795,0.1057408125875919,27.5935523879516,0.0054,0.45,4
0.0082607112538527,0.0039722147338338,0.3718762723521072,0.1881664176831525,27.513974306409622,0.0054,0.45,4
0.008232241467352,0.0038524247457983,0.3452217960765015,0.1461075641442917,27.584869464547875,0.0054,0.45,4
0.0081352051197977,0.0035308381875031,0.2990232446912717,0.03404466376247,27.51804937147089,0.0054,0.45,4
0.0082677928219885,0.0032609314281019,0.2144485113878102,-0.0429904406635551,27.91723390633961,0.0054,0.45,4
0.0082058765533456,0.0034035725127688,0.2534099259685833,-0.0026207753521177,27.75453355845431,0.0054,0.45,4
0.0081810290323584,0.0031370220599361,0.2270682444502212,-0.0855240133165204,27.559889254458323,0.0054,0.45,4
0.0081130205606135,0.003010127795842,0.2368147917903345,-0.1271004494202204,27.25889149839001,0.0054,0.45,4
0.008200965608584,0.0047821828323568,0.7358825464467628,0.4533144839557393,25.576152212165425,0.0054,0.45,4
0.0080916147093324,0.0047209135496942,0.7384524614387609,0.4259437655948654,25.599767897491784,0.0054,0.45,4
0.008052593681583,0.004630471667289,0.7070384257125614,0.3947587110035779,25.79354599427816,0.0054,0.45,4
0.008117725707948,0.0044052353875453,0.584456046821368,0.3274077701691054,26.3902610511691,0.0054,0.45,4
0.0080159660708492,0.004511630837024,0.6641854019188292,0.3539412292579401,25.981377346127825,0.0054,0.45,4
0.0081592019531613,0.0049215177138607,0.8206060617148149,0.4907749316633805,25.14153332234582,0.0054,0.45,4
0.0081087530454791,0.0050556466262357,0.9058351054832442,0.5230132028739386,24.71401800028573,0.0054,0.45,4
0.0080657665989254,0.005191550301199,0.99002581099248,0.5532183041631242,24.300655016621374,0.0054,0.45,4
0.0079640598776094,0.0056891831928075,1.2795348943811045,0.6423170019593155,22.86255301312466,0.0054,0.45,4
0.0079555352914611,0.0055452410881618,1.2043778165784482,0.6166484563167948,23.300798419252686,0.0054,0.45,4
0.0080408184630428,0.0053390974223546,1.0759079602084938,0.58476061663502,23.880151663770302,0.0054,0.45,4
0.0079618904380232,0.0054378926667735,1.1458994617337186,0.596655063216134,23.58787348280536,0.0054,0.45,4
0.0073511213093362,0.0067246280901492,1.7706355564975576,0.6563176240312717,21.08589229710289,0.0054,0.45,4
0.007814403415009,0.0057310431988585,1.3244175582091369,0.6311257518219536,22.854238127811584,0.0054,0.45,4
0.0077692954477212,0.0058541528145224,1.3919076559865289,0.6431503138748238,22.521218987060468,0.0054,0.45,4
0.0074152231901551,0.0066077968537956,1.732259137479166,0.660449241417907,21.21811236575778,0.0054,0.45,4
0.0077827395954542,0.0060877021528275,1.502091923948654,0.6709788552657855,21.948719160590382,0.0054,0.45,4
0.0077195591953688,0.0062114798233495,1.563678588613034,0.6740989057663277,21.71958860762138,0.0054,0.45,4
0.0076599761399043,0.0063340244820387,1.6201443161595994,0.675432949023529,21.49030513704816,0.0054,0.45,4
0.0077098797883723,0.0059762437565409,1.4574512060529112,0.6509001834287913,22.271238410895176,0.0054,0.45,4
0.0074751494877034,0.0064820139544711,1.6865140834133638,0.6625236973915601,21.39398970046543,0.0054,0.45,4
0.0075333689557891,0.0063531691639049,1.6350264411348927,0.6625363563503176,21.5894592504838,0.0054,0.45,4
0.0072220474675739,0.0067322895837792,1.7745658474865784,0.6445054820957791,21.23332985921005,0.0054,0.45,4
0.0068550123796453,0.007576223111673,1.911517151085504,0.5963656382250685,20.46186392015428,0.0054,0.45,4
0.0067665182671225,0.0077115325685504,1.9107517593335883,0.5836923018399903,20.4345515002217,0.0054,0.45,4
0.0066871595114038,0.0078312592077736,1.9048326092829488,0.5722327407162547,20.396997373402897,0.0054,0.45,4
0.006613525890202,0.0079409725228251,1.8952229212016856,0.5616097999570351,20.35995824916615,0.0054,0.45,4
0.0065299518332173,0.0080380088400131,1.8814782643261856,0.552427633508849,20.4011241731254,0.0054,0.45,4
0.0071401569991481,0.0068456279593464,1.8055685584282752,0.6385607354734533,21.109623820540914,0.0054,0.45,4
0.0071226015835291,0.0070860010993598,1.8598305763051275,0.6345385796591233,20.808172558932004,0.0054,0.45,4
0.0070289537454056,0.0071874959304162,1.8755066682377608,0.6254347226530114,20.765704743572936,0.0054,0.45,4
0.0070615772832365,0.0069741905337278,1.8353596501554443,0.6322123400622774,21.01869277060118,0.0054,0.45,4
0.0069007206489369,0.0072036197665381,1.8739653624879151,0.61750512869254,20.907314113999263,0.0054,0.45,4
0.0068304264228601,0.0073307882912866,1.888001049181457,0.6095926480454098,20.804546843738795,0.0054,0.45,4
0.0067696297980803,0.0074589660415743,1.897430412592955,0.6013192560483857,20.712078533612736,0.0054,0.45,4
0.0064514654838643,0.0081293419032949,1.86560832595054,0.5439555121258454,20.4099544403516,0.0054,0.45,4
0.006374875919063,0.0082139440216358,1.847917036786008,0.5364251378146142,20.38234510489753,0.0054,0.45,4
0.0062956878610647,0.0083098502678921,1.8259656388421484,0.5278173071823482,20.425815497055428,0.0054,0.45,4
0.0062683054336805,0.0082063432809803,1.8368744865377604,0.5407915739100337,20.53970686988347,0.0054,0.45,4
0.0061985483209663,0.0083934524499311,1.800854983172144,0.5218065657584133,20.43826858913205,0.0054,0.45,4
0.0060967411914776,0.0084870386824688,1.7707734820126029,0.5152531423843847,20.451624140454864,0.0054,0.45,4
0.0059671246790457,0.0085958068061054,1.7306782773750682,0.5090481342112586,20.48571265666592,0.0054,0.45,4
0.0058338881294595,0.0086190728283403,1.7076891994546686,0.5150182935956149,20.57855387823344,0.0054,0.45,4
0.0056445089674551,0.0087963009368065,1.6347687796354944,0.5062005002082316,20.56657646665205,0.0054,0.45,4
0.0057456992470342,0.0087010575427069,1.6751348393766088,0.5108588517665581,20.5693221945222,0.0054,0.45,4
0.0048449559769573,0.0094249320318014,1.2759456686587365,0.4867158714935464,20.15693694818147,0.0054,0.45,4
0.0049382542368663,0.0093158987239306,1.3394255766412713,0.4959449977914259,20.291304750043142,0.0054,0.45,4
0.0055214894486767,0.0087868667184347,1.6212113587244652,0.5177167354512009,20.649191997330103,0.0054,0.45,4
0.0052435770542913,0.0090946093910231,1.477134965281735,0.5000847216494225,20.48598858190442,0.0054,0.45,4
0.0054272010109587,0.008888213561451,1.5763057419855064,0.5124262764433022,20.60673916425309,0.0054,0.45,4
0.0053345725395981,0.0089887888976456,1.5289295353366803,0.5068800971740276,20.54969774267924,0.0054,0.45,4
0.0050295743520182,0.0092018405316995,1.4018081141328986,0.5051606566477415,20.413672398914333,0.0054,0.45,4
0.0051246503288281,0.0090935119424827,1.4595152790397792,0.5122366225072555,20.520651009545364,0.0054,0.45,4
0.0047180797885743,0.0094007997200246,1.264049858293219,0.5045182729627887,20.179913967280616,0.0054,0.45,4
0.0046317834961096,0.0095107766213461,1.1976381760882973,0.4935180369750868,20.009052548109025,0.0054,0.45,4
0.0041145641929338,0.0097987038592649,0.948429939961872,0.483030953318705,19.217190072310625,0.0054,0.45,4
0.0040108216714258,0.0098819646882563,0.8807827515799885,0.4716402752477547,18.944681199743155,0.0054,0.45,4
0.0045118253880591,0.0094889814414932,1.1856730755515452,0.509774148198776,20.0055135920605,0.0054,0.45,4
0.0043272158313424,0.0096960773852945,1.047152638515394,0.486959265278248,19.59123722342456,0.0054,0.45,4
0.0044169746261688,0.0095927593987249,1.116898758356794,0.4993423952173713,19.80285596554896,0.0054,0.45,4
0.0042128994631646,0.0096853808101855,1.028737210598256,0.4994249869468236,19.508600839544176,0.0054,0.45,4
0.0021383377996191,0.0102479472178543,0.0495260798828751,0.0576307699472996,12.742441506290232,0.0054,0.45,4
0.0020733717139142,0.0102131741078876,0.0307266950438653,0.0346705662055672,12.919531774395187,0.0054,0.45,4
0.0021752560078623,0.0102362838262382,0.076165541811319,0.0872429273918363,13.12953168921929,0.0054,0.45,4
0.0023824362545138,0.010284529605083,0.1517795247887936,0.1745085187645665,13.582673642584345,0.0054,0.45,4
0.0024819920804457,0.0102677050511179,0.2032320359035027,0.2241839446092357,14.08660266545411,0.0054,0.45,4
0.0025935464155335,0.0102465213740654,0.2592593149017884,0.2719507509381308,14.645796555938093,0.0054,0.45,4
0.0022433537063448,0.0102308663864872,0.1147933693731442,0.1293994188151817,13.383840400454549,0.0054,0.45,4
0.0023300203923224,0.0102149955052249,0.1657776224054455,0.1815264926351214,13.84352106577966,0.0054,0.45,4
0.0034549916747789,0.0102620481009713,0.5327389988732968,0.3887122414543829,17.166655012018214,0.0054,0.45,4
0.0033234557490543,0.0102718640234551,0.4885169447464034,0.381724258066332,16.81741493523516,0.0054,0.45,4
0.0036747476224747,0.0101401071369544,0.6586437972528217,0.4222597170473598,17.928468485431726,0.0054,0.45,4
0.0037619761767761,0.0100207797064117,0.7452780444222942,0.4512331404481389,18.34916004112685,0.0054,0.45,4
0.0035367866557267,0.0101466539833652,0.6168632287316421,0.4224431364831456,17.644486456470478,0.0054,0.45,4
0.0027103630147949,0.0102260648170111,0.3143011269168778,0.3127312011313715,15.159898048109897,0.0054,0.45,4
0.0032019109392039,0.0102753331057992,0.449635057797099,0.3733306563155863,16.466198797102575,0.0054,0.45,4
0.0030924467011021,0.0102828132346852,0.411471631349583,0.3608615579295053,16.114904971516122,0.0054,0.45,4
0.002979476939928,0.0102767457441155,0.378290958890691,0.3485218734546929,15.799851469450427,0.0054,0.45,4
0.0028074662650808,0.0102161702548733,0.3541947865342545,0.338434689497645,15.48888370565166,0.0054,0.45,4
0.0029023508902162,0.0102164569693794,0.3861713087032203,0.3560041564111932,15.839229354180882,0.0054,0.45,4
0.0038470722617503,0.0098989873682637,0.832558428291761,0.477694819538204,18.75374902349288,0.0054,0.45,4
0.0080492208670643,0.0028756721083701,0.2477801715420189,-0.1695396273289204,26.935689260045432,0.0054,0.45,4
0.0081236270910339,0.0027574517825149,0.2252986646868363,-0.1957369927070076,26.980060375577693,0.0054,0.45,4
0.0080603459915843,0.0026295089589537,0.2428243946797201,-0.2338022564511361,26.62090609201448,0.0054,0.45,4
0.0080027152601307,0.0024974384979038,0.2616095071911494,-0.2708822939798528,26.271260529573706,0.0054,0.45,4
0.007949703803154,0.0023629108776132,0.2820798893303253,-0.3062484203613729,25.9187643052574,0.0054,0.45,4
0.0079016821428857,0.0022270846726097,0.3042407060475097,-0.3393333607783694,25.570363002304017,0.0054,0.45,4
0.0081892606201421,0.0041804094744321,0.4692408664819013,0.256167581384559,26.98374855876445,0.0054,0.45,4
0.0081558025480771,0.0040647013673028,0.4387422352550744,0.2147305187396637,27.09634215604277,0.0054,0.45,4
0.0080819891666039,0.0042869482907555,0.5471716955169413,0.2854301646412459,26.55131717330157,0.0054,0.45,4
0.0080783799026709,0.0036652373391185,0.3474417643743496,0.0748351419418401,27.285792316828687,0.0054,0.45,4
0.0080988971561772,0.0038154830788664,0.3798391771457038,0.1264973386326589,27.248488209519028,0.0054,0.45,4
0.0081258079929711,0.0039432844624362,0.4087874749507933,0.1715174554750911,27.182583957670545,0.0054,0.45,4
0.0080823006715024,0.0034290573350474,0.2969820313501046,-0.0019774168875032,27.374925580359537,0.0054,0.45,4
0.0080099675152395,0.0035265539944314,0.338962022094218,0.0247114388520941,27.1685505908134,0.0054,0.45,4
0.0079376684600353,0.0036380614995287,0.3876101428148693,0.0561778634545126,26.95562493006333,0.0054,0.45,4
0.0080872881337603,0.0032919081794405,0.2734536316069382,-0.0448167537055786,27.35459815893672,0.0054,0.45,4
0.0080308819602159,0.0031371818306653,0.2717419153081904,-0.0956862398133921,27.11378764042527,0.0054,0.45,4
0.0079741239115392,0.0030011574099582,0.2760652626709504,-0.1396075975678256,26.861475721944405,0.0054,0.45,4
0.008068349144368,0.0048283131668562,0.7987183517868482,0.4560082375220765,25.290942646619914,0.0054,0.45,4
0.0079865013121529,0.0047334962705062,0.7762719295968176,0.4201308013653224,25.41177504593423,0.0054,0.45,4
0.0079338741355669,0.0046252407969291,0.7414501810589806,0.3819775717696683,25.60745819658563,0.0054,0.45,4
0.0079782647637005,0.0043940564149998,0.6255281037186181,0.3125591084035037,26.13657619230277,0.0054,0.45,4
0.0078955472266868,0.0045028458803871,0.6986718076258143,0.3397755657968179,25.81415158483881,0.0054,0.45,4
0.0080212434137173,0.0049563162271397,0.8772208396963922,0.487742117522314,24.91984520314124,0.0054,0.45,4
0.0079757479023221,0.0050904031780398,0.958711707073142,0.518535826490436,24.52952353351076,0.0054,0.45,4
0.0079392366852614,0.0052258522162949,1.0384528366979353,0.5477205024087777,24.15377902831514,0.0054,0.45,4
0.0078371019146409,0.0056027692391868,1.255609732910392,0.6129222407736935,23.14538798996584,0.0054,0.45,4
0.0078547960877248,0.0054751688042147,1.1867274827109495,0.5914286723187043,23.46853800113465,0.0054,0.45,4
0.0078974339082995,0.0053491084169395,1.1124716928824423,0.5706012758825546,23.82843491837211,0.0054,0.45,4
0.0072880494173587,0.0066295806785875,1.7426479499676495,0.6485054192921144,21.318828489702884,0.0054,0.45,4
0.0071854408313103,0.00663218606363,1.7466596867813322,0.6383814608401654,21.433166217234376,0.0054,0.45,4
0.0077018445792013,0.0056488195303364,1.3018557628994831,0.6036509442866788,23.074934375021574,0.0054,0.45,4
0.0077012899257078,0.0057669037087432,1.3591880224259352,0.6222631611526516,22.804403443793905,0.0054,0.45,4
0.0076407494516139,0.0058640836033572,1.4136913799554158,0.6283894769073824,22.573660803809272,0.0054,0.45,4
0.0073470065674638,0.0065054735335204,1.7002182003712063,0.6499702918971099,21.487059633486897,0.0054,0.45,4
0.0076446300611304,0.0060997703074588,1.5205489612361982,0.6559595920002751,22.0497906995462,0.0054,0.45,4
0.007586871827532,0.006222733650958,1.5785141967317526,0.6598841268500687,21.828720170458528,0.0054,0.45,4
0.0075768934669232,0.0059894462583085,1.4788176899519068,0.63607506844942,22.336942769774907,0.0054,0.45,4
0.0074052217035666,0.0063780091706857,1.6520914650712866,0.6495875138805136,21.66416101511086,0.0054,0.45,4
0.0074618773928949,0.0062489932722288,1.5990091604090575,0.6471368530883167,21.864958681024248,0.0054,0.45,4
0.0070838281716256,0.0067113907641727,1.7721338246934533,0.6311798335113722,21.41607972845498,0.0054,0.45,4
0.0067007908175516,0.0075872550178713,1.9013218186307788,0.5917564146440726,20.651550553187533,0.0054,0.45,4
0.006625792725716,0.0077125050139555,1.899474010437553,0.5818232102105604,20.60364227273651,0.0054,0.45,4
0.0065499695694379,0.0078296520386111,1.8926194859064231,0.5721098875440688,20.590148596541813,0.0054,0.45,4
0.0065049508122996,0.0079303945153277,1.885021208143756,0.5634912438304585,20.52774241276649,0.0054,0.45,4
0.0064043991001625,0.0079896703068274,1.8723032840921563,0.5592628140161143,20.57396684691119,0.0054,0.45,4
0.0070124827467123,0.0068521275712637,1.8083890709836896,0.6278526912712302,21.307242439484416,0.0054,0.45,4
0.0069645065333756,0.0070715387753884,1.8536393678758591,0.6242966030714671,20.98891494994844,0.0054,0.45,4
0.0069552855638441,0.0069502379674673,1.8301522372699064,0.6241582101570704,21.200648682255885,0.0054,0.45,4
0.006825003971778,0.0071089447026105,1.8582793804238928,0.6146852195444296,21.11872017305905,0.0054,0.45,4
0.0067657120547607,0.0072246762301436,1.8734923996746475,0.6095410426064737,21.01113548521792,0.0054,0.45,4
0.0067030620328443,0.0073499506526866,1.8853959806798315,0.6033322616011362,20.934365600890263,0.0054,0.45,4
0.0066357774364505,0.0074771926100018,1.892210013327755,0.595998606765531,20.87238838446687,0.0054,0.45,4
0.006307881686755,0.0080905041320861,1.854307290617932,0.5516133839481246,20.59579278150054,0.0054,0.45,4
0.0061817969027842,0.0082706652010905,1.8184772852450577,0.5370021923521947,20.551531580014554,0.0054,0.45,4
0.006181284798736,0.0081467527821967,1.835734209494153,0.54957684593521,20.694252881978745,0.0054,0.45,4
0.0060770539734617,0.0083501206305185,1.7939182988560602,0.5328213844426712,20.598735888656723,0.0054,0.45,4
0.0059613323182855,0.0084368692941298,1.7643395680274985,0.5290817840046681,20.63047985383777,0.0054,0.45,4
0.0058465293889478,0.0085102002895742,1.735100502032907,0.5275101094753644,20.675407529665936,0.0054,0.45,4
0.0057250729483879,0.0085703296000488,1.7067363524216936,0.5285213517177495,20.71562677082449,0.0054,0.45,4
0.0055965694409099,0.008678522731442,1.662625154874851,0.5252809545487227,20.712453762248742,0.0054,0.45,4
0.0048091593730111,0.0092879359342992,1.3299530720751251,0.5141220983913833,20.32984045091247,0.0054,0.45,4
0.0049048443117205,0.0091845872120853,1.389621607695776,0.520560035259302,20.46209506926333,0.0054,0.45,4
0.0054742915211814,0.0087012908102545,1.6415001986360973,0.5319848653861894,20.75229896672885,0.0054,0.45,4
0.0053947130940248,0.0087829260877208,1.606500572578217,0.5288515501367596,20.72675057873445,0.0054,0.45,4
0.0052065853642863,0.008986925305883,1.5114744599756385,0.5194940347213776,20.60194217036602,0.0054,0.45,4
0.0052962057347386,0.0088786342327631,1.5621452015375343,0.5255111938706988,20.691117992930675,0.0054,0.45,4
0.0048681588492059,0.0090792417705864,1.428739491100016,0.5392914097418203,20.567129316446696,0.0054,0.45,4
0.0049890860549764,0.0090675555664307,1.4502448378785235,0.5293518759631305,20.57005852738989,0.0054,0.45,4
0.0050951540460111,0.0089876138834335,1.4961584873674356,0.529987702492244,20.63965028971696,0.0054,0.45,4
0.0046775304822387,0.0092699922429086,1.3170495530759208,0.5303873474099504,20.36773288993827,0.0054,0.45,4
0.0045892246895029,0.0093787271390826,1.251975121523106,0.5215625596722746,20.19082489668424,0.0054,0.45,4
0.0044760190148642,0.0093755553797281,1.234524525915859,0.533153527859085,20.15278545834886,0.0054,0.45,4
0.004087358372134,0.009680218269499,1.005166142746344,0.5107185026920636,19.444131055250864,0.0054,0.45,4
0.0040202397957901,0.0097615839350508,0.9471474039426544,0.4983251950844641,19.2154418353836,0.0054,0.45,4
0.0039130320639867,0.0097805376028694,0.9129662510089674,0.501462434022831,19.05694218018591,0.0054,0.45,4
0.0043912231000703,0.0094617971888894,1.1772489650128666,0.52637103350808,19.97563571128996,0.0054,0.45,4
0.0043794777075569,0.0093667661649771,1.222865910139893,0.5436449416335015,20.14855779999577,0.0054,0.45,4
0.0042756366579215,0.009560738317033,1.1056294836007086,0.5188947298622005,19.80705989485005,0.0054,0.45,4
0.0041584381738362,0.009593878282689,1.065671849788837,0.5224414268977043,19.669174092817425,0.0054,0.45,4
0.0020863599144794,0.0101862880130417,0.0541572412535321,0.0595507355172278,13.06038612199181,0.0054,0.45,4
0.0020195232665562,0.0101525078969527,0.0335618275724302,0.0357221253254544,13.277382549374073,0.0054,0.45,4
0.0021206113851731,0.0101724046750918,0.0825528952664612,0.08941391011457,13.463019579102657,0.0054,0.45,4
0.0021900005617196,0.0101652443145632,0.1253637959946782,0.1340179708605131,13.705377959857698,0.0054,0.45,4
0.0024293824657827,0.0101953203002511,0.2216900440600098,0.233885627303778,14.336029906572543,0.0054,0.45,4
0.0025405377144816,0.0101708112800752,0.2821737090438408,0.2845014837732533,14.885451635226817,0.0054,0.45,4
0.0026575423698783,0.0101463714379835,0.3417297381515767,0.3282494489899851,15.410637404361148,0.0054,0.45,4
0.0022783906267098,0.0101484283988811,0.1808260120670431,0.1885255557620318,14.1350852397994,0.0054,0.45,4
0.0023737490970156,0.0101246952447072,0.2403844202340338,0.2422965338126888,14.612796887558584,0.0054,0.45,4
0.0034015859770092,0.0101561613249277,0.5733103985243301,0.4184728570891537,17.339564141194995,0.0054,0.45,4
0.0032718291148152,0.0101682574422331,0.5287646224041193,0.4101936398282125,17.00009169169221,0.0054,0.45,4
0.0036194602083608,0.0100279345143614,0.7040830807856954,0.453810390888024,18.10476562125744,0.0054,0.45,4
0.00370253829103,0.0099074693682207,0.7926043001424882,0.4821743531316864,18.534094168294672,0.0054,0.45,4
0.0034807629103646,0.0100375242551383,0.661573033254363,0.4526007445721918,17.826760599361478,0.0054,0.45,4
0.002760782366831,0.0101320131964388,0.3874586790700065,0.3578925773128693,15.799622358211405,0.0054,0.45,4
0.0031492347068865,0.010187067234935,0.4813836768615332,0.3961913108771798,16.659792656326157,0.0054,0.45,4
0.0030564429766438,0.0102015966680718,0.4443815717668437,0.3824914141324713,16.349681981790987,0.0054,0.45,4
0.0029818100831329,0.0101622394692804,0.4430444159593003,0.3858325282297178,16.255903476792465,0.0054,0.45,4
0.0028787145691153,0.0101197259917793,0.4347621560136413,0.3842861445812055,16.189671756513295,0.0054,0.45,4
0.0037804794485949,0.0097840051824952,0.881129927277195,0.5080987774670865,18.93965524677424,0.0054,0.45,4
0.0079098160103073,0.0028694600768392,0.2860191812488618,-0.1813953969304365,26.57277763253609,0.0054,0.45,4
0.0079728019480691,0.0027484459210112,0.2651266868625823,-0.2095513093664312,26.57312984602591,0.0054,0.45,4
0.007910122485628,0.0026138100211968,0.2810398916629158,-0.2488903284585946,26.241534429605817,0.0054,0.45,4
0.0078527516864333,0.0024719725284127,0.2985753538920053,-0.2874425151998545,25.893730987138564,0.0054,0.45,4
0.0078008709049672,0.0023317304477533,0.3176116978924435,-0.3227928047856744,25.55628346983828,0.0054,0.45,4
0.0077530805153204,0.0021935157323052,0.3383514036282389,-0.354819767726461,25.225269328681808,0.0054,0.45,4
0.0080495219277102,0.0041630927076097,0.5102736684837653,0.2413095106822172,26.69457218177978,0.0054,0.45,4
0.0080198226922929,0.0040388545978041,0.4761758532066715,0.1970165201296426,26.79735444204351,0.0054,0.45,4
0.0079366013791466,0.0042700566605145,0.588984567873344,0.2680085314557939,26.28964341049453,0.0054,0.45,4
0.0079643557422951,0.0037807505155719,0.4155132441841889,0.1056866817986264,26.927054351088767,0.0054,0.45,4
0.0079889028888554,0.0039132647331941,0.4459434964479478,0.1521617994219,26.862311600034705,0.0054,0.45,4
0.0078485383221505,0.0037287663853844,0.4400738085889437,0.0791835335568909,26.688333312142152,0.0054,0.45,4
0.0079731653822349,0.0033924138463628,0.325201782620394,-0.0210249349880352,27.04257457221656,0.0054,0.45,4
0.0078956422324452,0.0035082435671396,0.3723035006760878,0.010477961221508,26.85907924461572,0.0054,0.45,4
0.0078294124649538,0.003617705625528,0.4183861356658004,0.0409540129525777,26.69334617283,0.0054,0.45,4
0.0079367335676304,0.0032633969462432,0.316037441543157,-0.0640232694444555,26.94526436762681,0.0054,0.45,4
0.007893095286037,0.0031194788374817,0.3108939207439396,-0.1108059782060716,26.73372529195504,0.0054,0.45,4
0.0078481999779714,0.0029955152186528,0.3118154732481628,-0.1502858987683694,26.524809941027502,0.0054,0.45,4
0.0077928492861516,0.002885774530088,0.3193201531100931,-0.185101417491655,26.29153562297605,0.0054,0.45,4
0.007932101277205,0.0048550064003153,0.8512558385324241,0.4500442073973101,25.09224286526012,0.0054,0.45,4
0.0078407295299042,0.0047413023232321,0.8232392612806418,0.4069808568558583,25.254346510121938,0.0054,0.45,4
0.0078170236810357,0.0046043370158905,0.7679068199545586,0.3630469018910471,25.482189169060835,0.0054,0.45,4
0.0077890784741731,0.004504365372755,0.7329648850178223,0.3288670816868001,25.650223718559868,0.0054,0.45,4
0.007821758799234,0.0043876215108947,0.6735903671447977,0.2953674499819976,25.910797730771545,0.0054,0.45,4
0.0078833070623441,0.0049870103236562,0.9301774102476636,0.4810662752663735,24.72832282701932,0.0054,0.45,4
0.007839290861263,0.005119996547028,1.008298627477995,0.510231678532744,24.382644816365765,0.0054,0.45,4
0.0077985047391071,0.0052484574048022,1.0829184181765297,0.5359982084724187,24.055814336110444,0.0054,0.45,4
0.0077222164158712,0.0055269006631545,1.238329567733076,0.5845831110945571,23.37534957572857,0.0054,0.45,4
0.0077544502065326,0.0053890666473355,1.163312178376475,0.5613282739869169,23.69170144855303,0.0054,0.45,4
0.0072215471438522,0.0065276334341392,1.71324755348445,0.6376849293493313,21.60263010645736,0.0054,0.45,4
0.0070941068724425,0.0065669463146086,1.731655192812294,0.626312283711456,21.682343314666387,0.0054,0.45,4
0.0076018861449464,0.0055902379483538,1.2911777217140588,0.5800921957746583,23.24636346187963,0.0054,0.45,4
0.0075801567294164,0.0057364194001174,1.3634283446022246,0.6018973282798655,22.9233440802102,0.0054,0.45,4
0.0075098998420187,0.0058787060678802,1.438198753389759,0.6133812376308954,22.654439138262656,0.0054,0.45,4
0.0072765385126332,0.0064078623965193,1.6707124120650414,0.6369707651314868,21.75684532014159,0.0054,0.45,4
0.0074918354932375,0.0061110191656338,1.5402810164542902,0.6385841888478528,22.15985026717436,0.0054,0.45,4
0.0074588280681017,0.0059901090998209,1.492991750321798,0.6209225722829133,22.427889726182634,0.0054,0.45,4
0.0073322537003323,0.0062832568415128,1.622245869325779,0.6344550220312969,21.93431115920279,0.0054,0.45,4
0.0073769640058856,0.0061788128289688,1.5786900970881896,0.6307472593755167,22.112964918793345,0.0054,0.45,4
0.0069328994543294,0.0067388769709508,1.783898427347289,0.6179212728657429,21.56772012036632,0.0054,0.45,4
0.006980130598448,0.006605229704148,1.7480807903107418,0.6167132518706907,21.70515835298923,0.0054,0.45,4
0.0064894527181265,0.0077187508354358,1.890047044177383,0.5801160804787107,20.761246542821656,0.0054,0.45,4
0.0065614069285288,0.0075966744622699,1.8934124251160345,0.5882502732313782,20.83100236220236,0.0054,0.45,4
0.0064136386046046,0.0078458294359049,1.8814751633873288,0.5711151708270749,20.741669817262103,0.0054,0.45,4
0.0062928075139734,0.0079362950080454,1.8668879810408128,0.5651653795375164,20.789573933410647,0.0054,0.45,4
0.0068827307631056,0.0068653965588954,1.8136529278416385,0.6173102136590306,21.396410244808745,0.0054,0.45,4
0.0068533625027062,0.006990024195138,1.8383777849376777,0.6170191651843262,21.262035338347104,0.0054,0.45,4
0.006756196911799,0.0070376910320562,1.847030583535431,0.6102238528040002,21.30982558143556,0.0054,0.45,4
0.0067066390216001,0.0071277556722733,1.860276541450333,0.6072763347643675,21.22845476514018,0.0054,0.45,4
0.0066422140435278,0.0072434738519138,1.8736209899657776,0.6029256277507163,21.16007144759892,0.0054,0.45,4
0.0065744614254444,0.0073646870376035,1.8829583007518584,0.5977047552559666,21.086031268825337,0.0054,0.45,4
0.0065060313023101,0.0074875876758919,1.88761761794554,0.591826698511161,20.996725503850083,0.0054,0.45,4
0.0061781574868233,0.0080129027985842,1.8510375636695484,0.5612172004985737,20.820833166339245,0.0054,0.45,4
0.0060698740158134,0.008217482027325,1.815181265475344,0.5468153754382984,20.73029531940817,0.0054,0.45,4
0.0060620832031234,0.0080841197357929,1.8336499289857853,0.5585452017205607,20.8808500504328,0.0054,0.45,4
0.0059537131761865,0.0082952794974197,1.7909698142447308,0.5443215913569985,20.7725820450374,0.0054,0.45,4
0.0058370044411381,0.0083725516567948,1.764495687318037,0.5426666800936654,20.8053482338516,0.0054,0.45,4
0.0057181309086518,0.008445338108356,1.7365874234265115,0.542292129834027,20.846322418980304,0.0054,0.45,4
0.0055950859159475,0.008520800703822,1.705627849696157,0.5426603327538166,20.87174104160437,0.0054,0.45,4
0.0054809231175822,0.0085948443439055,1.6735691425730252,0.5431923494422399,20.88099091416433,0.0054,0.45,4
0.0047654323785602,0.0091461224861125,1.3856316442515535,0.5402335574266376,20.50621395622323,0.0054,0.45,4
0.0053777625047235,0.0086632941697638,1.6424995562225393,0.5438064056104267,20.884929913890776,0.0054,0.45,4
0.004791844223244,0.0090289306229585,1.4401588764842037,0.5531623868556207,20.71549101491124,0.0054,0.45,4
0.0048894292099678,0.0089689649637696,1.4772957530276642,0.551607909663166,20.755363937015314,0.0054,0.45,4
0.0052601187283076,0.0087531395639622,1.6007722248227003,0.5436652768380067,20.835906587967404,0.0054,0.45,4
0.0051427666166576,0.0088607053666383,1.549597316338966,0.5415667255203522,20.78595603276776,0.0054,0.45,4
0.0050018896068993,0.0089175015499615,1.511551897385484,0.5474339637006556,20.78946396392948,0.0054,0.45,4
0.0046343677155404,0.0091584569733759,1.3617867411158393,0.5510509816625427,20.516628263472533,0.0054,0.45,4
0.0045292117827009,0.0092510177059951,1.303147575044134,0.5478567300448732,20.38196643522569,0.0054,0.45,4
0.0044213180123395,0.0092945369856543,1.2655248416567553,0.5512117008614221,20.314786758478984,0.0054,0.45,4
0.0040629653360476,0.0095702880941804,1.0599465978557756,0.5346291666584738,19.664800651309545,0.0054,0.45,4
0.0039754227122537,0.0096664952370413,0.9894905257184882,0.5218851052772681,19.406511094427795,0.0054,0.45,4
0.0038608233842088,0.009664112749415,0.9671757699089846,0.5297962472163745,19.283987280828395,0.0054,0.45,4
0.004282934929056,0.0094061798677364,1.186757794842087,0.5459308681817542,20.053671349354943,0.0054,0.45,4
0.0043258934831555,0.0092957614018995,1.2505055526513245,0.5597465227535628,20.300255614488808,0.0054,0.45,4
0.0041533310467444,0.0094727659186903,1.1293606002544168,0.5456258957508483,19.90633909653854,0.0054,0.45,4
0.0040382917687349,0.0094766959299166,1.1068536625942411,0.5536824172485381,19.800564846191307,0.0054,0.45,4
0.0020301436964053,0.0101234301538024,0.0592133674202699,0.0613959561524714,13.428895454396654,0.0054,0.45,4
0.0019639034034916,0.010093460653152,0.0364678740942372,0.0366367100097229,13.66054169657016,0.0054,0.45,4
0.0020640957574696,0.0101101077913874,0.089114634671205,0.0912841987268136,13.816682970398585,0.0054,0.45,4
0.0021347576222237,0.0101012011447876,0.1363407606977849,0.138146809571136,14.039874415806905,0.0054,0.45,4
0.0022209022825202,0.0100817353154404,0.1955837423262934,0.1938276240570311,14.450642053024412,0.0054,0.45,4
0.0024861922247889,0.010098257184143,0.3054326854587224,0.2956894086754041,15.149177718185555,0.0054,0.45,4
0.002601442004745,0.0100693952112204,0.3693070608932245,0.3419191099285854,15.66279439820586,0.0054,0.45,4
0.0027029631552491,0.0100513869457071,0.4179491238976034,0.3734718866709852,16.01476688135017,0.0054,0.45,4
0.0023203654582581,0.0100551151110909,0.2621594875990585,0.251964637584894,14.944308595286538,0.0054,0.45,4
0.0024333818040484,0.0100224774145758,0.3343834620796224,0.3090129201769998,15.479634492971158,0.0054,0.45,4
0.0033417060615411,0.0100506653111821,0.6156938997299147,0.4468990405663597,17.53501977565479,0.0054,0.45,4
0.0032145466985981,0.0100681360169555,0.5692517592461618,0.4363804386350713,17.16991368003245,0.0054,0.45,4
0.0036458281652294,0.0097953059585649,0.8437646927508834,0.5109699275744667,18.72704078475856,0.0054,0.45,4
0.0035604137021181,0.0099178033675591,0.7512550481134538,0.4834086357628511,18.3032393518402,0.0054,0.45,4
0.0034186870090469,0.0099319559960617,0.7065705451690302,0.4804108088540774,18.008368496859884,0.0054,0.45,4
0.0028081341603544,0.0100313503891691,0.46679618064331,0.4012568921212054,16.375322725412328,0.0054,0.45,4
0.0030792492719119,0.0100991160357678,0.5106142546129123,0.4169497799529425,16.833229182773092,0.0054,0.45,4
0.0029769068902939,0.0100709161284165,0.4962373372514769,0.41404154020165,16.63374367954624,0.0054,0.45,4
0.0029131270726793,0.0100046545179856,0.5178146860952021,0.4264846727381853,16.786025693342992,0.0054,0.45,4
0.00314833075185,0.0099897976298868,0.5975447782196398,0.4546338283033838,17.34536821939358,0.0054,0.45,4
0.0037135826531944,0.0096576179737852,0.940189226073646,0.5388450904365536,19.182099128674743,0.0054,0.45,4
0.0078152970092269,0.0027488575306078,0.3067361135337693,-0.2206214402631538,26.1918731891297,0.0054,0.45,4
0.007755705022406,0.0025820584189278,0.3197891145727496,-0.2670761317079435,25.848824639504706,0.0054,0.45,4
0.0076992480301982,0.0024374117782723,0.3355651591995172,-0.304930649816015,25.5265253039376,0.0054,0.45,4
0.0076495521822274,0.0022972514256579,0.3524156938248213,-0.3385486490520693,25.21257216533717,0.0054,0.45,4
0.0076026851869342,0.0021578046804205,0.3712348614464326,-0.3689815114354177,24.89806655379212,0.0054,0.45,4
0.0079136838185335,0.0041375170842971,0.5466098362386617,0.2217740909529436,26.437755408060344,0.0054,0.45,4
0.0078856114610749,0.0040103474667448,0.5118846050250273,0.1766320043955422,26.54840585563983,0.0054,0.45,4
0.0078045707691384,0.0042320025318091,0.6178489219741173,0.2428257811358184,26.09756657240765,0.0054,0.45,4
0.0078443531627209,0.0038697283196612,0.481249845724533,0.1258833728103937,26.588638075936643,0.0054,0.45,4
0.0077663240535938,0.0036860150568509,0.4561193384049143,0.0580328803689001,26.522214634948533,0.0054,0.45,4
0.0077496707006118,0.0037787596614175,0.4865883432765558,0.0871541470972264,26.424901521971524,0.0054,0.45,4
0.0078524323736289,0.0033772398683872,0.3607625036636319,-0.0346652663737534,26.73895120992041,0.0054,0.45,4
0.0077787776339796,0.0034938914083162,0.4070021464783173,-0.0033161839246928,26.57553535443916,0.0054,0.45,4
0.0077237331270277,0.0036019034505365,0.449077569502789,0.0268369775393509,26.451270494396585,0.0054,0.45,4
0.0078052182684473,0.0032401207902945,0.3530636877274999,-0.0808947297068722,26.58769059077841,0.0054,0.45,4
0.0077574360510501,0.0031030732792106,0.3492064419273306,-0.1255952412859848,26.39959393848223,0.0054,0.45,4
0.007710865039594,0.0029706098262804,0.348780481305334,-0.1672122747536494,26.201800413649853,0.0054,0.45,4
0.007676796506125,0.0028334571108641,0.3476314715342923,-0.2074202348165412,25.974684444028764,0.0054,0.45,4
0.007792573474609,0.0048836656107666,0.9044865044057122,0.4420527922044273,24.88479746024498,0.0054,0.45,4
0.0077178547711313,0.00479693115719,0.8848446636343945,0.4083472186084179,25.013763429996928,0.0054,0.45,4
0.0077131204154971,0.0046924017829591,0.8386487664190981,0.3773460470368835,25.19769250963826,0.0054,0.45,4
0.0077042592850268,0.0045769230124685,0.7903882482968915,0.341537435901376,25.40461914315301,0.0054,0.45,4
0.0077068033189027,0.0044500994641491,0.7359527808030565,0.3025235320505425,25.63278944665625,0.0054,0.45,4
0.0076976999790835,0.0043239759388191,0.6881548718637184,0.2612961046303972,25.790728898485764,0.0054,0.45,4
0.0077403392000669,0.0050167092247589,0.9825922077330624,0.471475741261771,24.572545434534188,0.0054,0.45,4
0.0076986798403481,0.0051516847650337,1.0586578889408276,0.5001433733895703,24.249850785931656,0.0054,0.45,4
0.0076552811919345,0.005288008459656,1.135084336968746,0.5262406930409692,23.92946343139077,0.0054,0.45,4
0.0076054694669242,0.0054423602966917,1.220021096936999,0.5524109777034676,23.58905194599118,0.0054,0.45,4
0.0075023463650103,0.0055378418307324,1.285043340877955,0.5566242635793666,23.396656341645325,0.0054,0.45,4
0.0071491019842267,0.0064404231627411,1.6898037405018709,0.6248204867514006,21.842531185190943,0.0054,0.45,4
0.007023134871709,0.0064761341405797,1.7092517722791556,0.6133654883024823,21.89455872649713,0.0054,0.45,4
0.007481757347733,0.0056472895317964,1.3387512530963874,0.5736568581229252,23.14383029840562,0.0054,0.45,4
0.0074301881795615,0.0057789757998028,1.4059111095872334,0.5880380865993028,22.911331461515143,0.0054,0.45,4
0.0073725831543926,0.0059132022471727,1.4717930512739097,0.5996945065870943,22.657870966716107,0.0054,0.45,4
0.0072051796886907,0.0063110749982686,1.642610554621968,0.6216427481487364,22.018043961654914,0.0054,0.45,4
0.0073431079823808,0.0060582761574795,1.5347054625245475,0.6140239050939876,22.35852943102403,0.0054,0.45,4
0.0072621516837723,0.0061796665341738,1.590234722938819,0.616667498866002,22.215254488124785,0.0054,0.45,4
0.0067902152359384,0.0067674520768466,1.7960988394884685,0.6063234954044657,21.6582765529526,0.0054,0.45,4
0.006846986619179,0.0066323293986953,1.7623241377930288,0.6048552761789777,21.81930910368889,0.0054,0.45,4
0.0069015972758767,0.0064998210073362,1.7245710273553068,0.6018873301468961,21.955558836991315,0.0054,0.45,4
0.0063726132167107,0.0077220879415556,1.8829947945666548,0.5789702189975137,20.923896970704767,0.0054,0.45,4
0.0064105799963637,0.0075967927287832,1.8861418959681853,0.5855179700537269,21.02273326663639,0.0054,0.45,4
0.0062812773015214,0.0077939554055314,1.8752031987099929,0.5747645097385553,20.91329573242899,0.0054,0.45,4
0.0061696752603056,0.0078733753688106,1.8634991693916312,0.5707843968611371,20.97454381195283,0.0054,0.45,4
0.0067387258177313,0.0069147117237478,1.826679870674468,0.6070799035810337,21.502404470191088,0.0054,0.45,4
0.0066466898744205,0.0070191954806579,1.8455968223242925,0.602626510931132,21.478601607428043,0.0054,0.45,4
0.0063926887705069,0.0074737571319878,1.8838157021683288,0.5890025001531334,21.18508714807569,0.0054,0.45,4
0.0065787525493044,0.0071359991096582,1.8616892079128828,0.5998125986526709,21.38677019455811,0.0054,0.45,4
0.0065116780078124,0.0072559349973584,1.873687775874405,0.5964703212894905,21.30752819848598,0.0054,0.45,4
0.0064479029854986,0.007374067669929,1.8810511563952423,0.5926947557066892,21.255848562235524,0.0054,0.45,4
0.001973266328033,0.0100637500395956,0.0642121531763654,0.0628632564880611,13.814291229884477,0.0054,0.45,4
0.0019065587499536,0.0100360856553136,0.0394588251596859,0.037405989598996,14.105994422986033,0.0054,0.45,4
0.00605503934386,0.0079482663891997,1.849624304600585,0.5679630170110438,21.026059981577195,0.0054,0.45,4
0.0059467204447202,0.0081591041760443,1.8137294414510168,0.5564589060207908,20.91598461558515,0.0054,0.45,4
0.0059391375368684,0.0080237873970049,1.833402238711712,0.5660063507178004,21.06797340369707,0.0054,0.45,4
0.0058296681272282,0.0082355956207988,1.7911784330346812,0.5551086490516804,20.952066166587944,0.0054,0.45,4
0.0057118547948343,0.0083113760086794,1.7664152727916582,0.5546217244033564,20.98384717949371,0.0054,0.45,4
0.0055930534238981,0.0083865799132823,1.739457965670679,0.5549738324965744,21.01096770161595,0.0054,0.45,4
0.0054758664659472,0.0084620647014509,1.7103267010721288,0.5558552485472763,21.021714725570902,0.0054,0.45,4
0.0053625338710051,0.0085375428014163,1.6792125147181007,0.5569725710430172,21.03181292479136,0.0054,0.45,4
0.0046678527272579,0.009026902524129,1.4256912811352702,0.5651832676804937,20.72157172909756,0.0054,0.45,4
0.0052487415496382,0.0086176350432808,1.6443474737725057,0.5581520012489002,21.00783645690752,0.0054,0.45,4
0.0047682000512771,0.0089240350238709,1.4821086644685595,0.5677945484353765,20.84585952309259,0.0054,0.45,4
0.0048853587594085,0.0088522319300094,1.5241974240671852,0.5651428002666892,20.90655610428738,0.0054,0.45,4
0.0051309026314255,0.0087030667437632,1.6046801805177686,0.559376460747793,20.984635385359173,0.0054,0.45,4
0.0050106874879899,0.0087814577378288,1.564440489957413,0.561645819605502,20.93610018814044,0.0054,0.45,4
0.0045318112078732,0.0090982499071947,1.3762005636317112,0.568604673300278,20.64329974138584,0.0054,0.45,4
0.0043968627513962,0.0091845762992685,1.3166926215463202,0.5695042525265349,20.515970449432075,0.0054,0.45,4
0.0042775230783131,0.0092143155581442,1.2853309300108082,0.5756584103566886,20.434309569574424,0.0054,0.45,4
0.0039395573020159,0.0095409678963971,1.052729918213572,0.5491905815072763,19.639249782552582,0.0054,0.45,4
0.00381657901117,0.0095593583158515,1.018973875682663,0.5531806368308391,19.50864947647272,0.0054,0.45,4
0.0039662383727327,0.009428813186983,1.1212342151241814,0.5671319717826281,19.92627818320688,0.0054,0.45,4
0.0041998800660081,0.00931683503663,1.220318584411256,0.5674609834499016,20.211320803298378,0.0054,0.45,4
0.0040630407603422,0.0093748764744869,1.1673474921072453,0.5691235548618501,20.09456047563111,0.0054,0.45,4
0.0020072379245351,0.0100497304957718,0.0966365528908755,0.0935982639741593,14.21583972662379,0.0054,0.45,4
0.0020776397625041,0.0100387781130795,0.1477238118303392,0.1417544794017126,14.400210504661125,0.0054,0.45,4
0.0021632058456223,0.0100168857239555,0.2116095834297231,0.1992591217400328,14.828330305291644,0.0054,0.45,4
0.0022646456928015,0.0099865672580401,0.2850493865150722,0.2607615993677444,15.294793211955858,0.0054,0.45,4
0.0025434853556253,0.0099947547575816,0.3975873259807791,0.3541587287991237,15.945855160510057,0.0054,0.45,4
0.0026438593017674,0.0099751668084217,0.448135342028336,0.3870270986482831,16.280765823277104,0.0054,0.45,4
0.0027466650963875,0.0099528353250678,0.4987737380149779,0.4161007156291319,16.6185839181078,0.0054,0.45,4
0.0023719467268724,0.0099537651074572,0.3578267193324694,0.3167560800602165,15.79747067686209,0.0054,0.45,4
0.0024837291317085,0.0099217091112798,0.4270921620348021,0.3653052459512327,16.242597304257504,0.0054,0.45,4
0.0032721756360737,0.0099385963136359,0.6635149267200563,0.4755508273933397,17.7640313290926,0.0054,0.45,4
0.0035840313090585,0.009698725038456,0.8878123864092334,0.5345173701874114,18.95108353697312,0.0054,0.45,4
0.0034943763245256,0.009806654466445,0.8011795559102735,0.5117221535873876,18.53570682725447,0.0054,0.45,4
0.0033622758520917,0.0098401771475634,0.7482698770401484,0.5031914136086414,18.244350066395203,0.0054,0.45,4
0.0028466913615673,0.0099270808034941,0.5484557055404308,0.4410804925653084,16.91966024491049,0.0054,0.45,4
0.0030313305149483,0.0099677714723245,0.5772150883703092,0.4516704571472728,17.182131390368088,0.0054,0.45,4
0.0029369180729083,0.0099108221850733,0.5869901370554274,0.457991820610012,17.221950393611607,0.0054,0.45,4
0.0031449746608085,0.0098779970626387,0.6676037425950928,0.4857528317523744,17.7602071812592,0.0054,0.45,4
0.003712751966076,0.0095028733174279,1.033156756388909,0.5691602224132067,19.604494572440604,0.0054,0.45,4
0.0035909869226761,0.0095819281591782,0.9613042034853532,0.558843384223623,19.27595617579765,0.0054,0.45,4
0.0076487397456059,0.0026877353928846,0.3481518764300034,-0.2474823005687661,25.77704897963048,0.0054,0.45,4
0.007597396730292,0.0025446728874145,0.3580645632235327,-0.2858150507627814,25.486547935045355,0.0054,0.45,4
0.0075459073491279,0.0024024487519098,0.3708511514899573,-0.3211532953857387,25.1872187270863,0.0054,0.45,4
0.0074981491656861,0.0022617670658758,0.385410781102124,-0.3529974120869521,24.88986169835372,0.0054,0.45,4
0.0074515308707985,0.0021213738618344,0.40220332475725,-0.381638537098894,24.590175027057715,0.0054,0.45,4
0.0077864975022428,0.0041095087383804,0.5790174289717029,0.2005493231592016,26.225252449141447,0.0054,0.45,4
0.0077603619438461,0.0039928672006151,0.5479760593809053,0.159249181013284,26.303475910652384,0.0054,0.45,4
0.0076837589360975,0.0041906023333292,0.6420090699860604,0.2165304002136596,25.94705369719496,0.0054,0.45,4
0.0077130746188294,0.003881789306554,0.5286478814534736,0.1178713171840984,26.300360485131936,0.0054,0.45,4
0.0076859265616344,0.0036969109838608,0.4852718602003005,0.0544157423601089,26.310668339522945,0.0054,0.45,4
0.0076528297470958,0.0037883196539391,0.5211283453239587,0.0811994280405325,26.228485221682167,0.0054,0.45,4
0.0076364542797281,0.0036184543465947,0.4813203345413605,0.0244311828579753,26.24355899189477,0.0054,0.45,4
0.0077227443116686,0.0033611251174818,0.3985631712186413,-0.0499427674503657,26.43811740008419,0.0054,0.45,4
0.0076455370063015,0.0034984108998626,0.4504456339372597,-0.0131937379006023,26.28560119666108,0.0054,0.45,4
0.0076689504209513,0.0032181971237015,0.3911568614435889,-0.0980580522249926,26.26378680763646,0.0054,0.45,4
0.0076183594622894,0.0030752094662684,0.3864191909157686,-0.1441770224070425,26.07356630224345,0.0054,0.45,4
0.0075715937219216,0.0029355659235796,0.3843626267202195,-0.1870448948585514,25.86464396482592,0.0054,0.45,4
0.0075313659828078,0.0027932115595654,0.3835934750977978,-0.2279952357692496,25.64281629369084,0.0054,0.45,4
0.0076411089438659,0.0049050342627156,0.9562260080451558,0.4287491295234965,24.73113135345927,0.0054,0.45,4
0.0076079859092889,0.0047757144636969,0.9065593760999944,0.3881991478630593,24.943016267982348,0.0054,0.45,4
0.0075980450778589,0.0046714536991663,0.8633595864790226,0.3566337285860379,25.11900696307153,0.0054,0.45,4
0.0076028055424634,0.0045371561883255,0.80444412573228,0.3168702762320555,25.36150015321268,0.0054,0.45,4
0.0075974590026711,0.0044057074893298,0.7522849892168545,0.2754315535926372,25.54214065675644,0.0054,0.45,4
0.0075855434004876,0.004272565063061,0.7042837085028975,0.231796234677587,25.68976465390541,0.0054,0.45,4
0.007600658175373,0.0050519157431638,1.035478768303275,0.4620484852730545,24.416307003029345,0.0054,0.45,4
0.0075010547621199,0.0049659570240752,1.0217763698509064,0.4258517668957902,24.54120629948147,0.0054,0.45,4
0.0075580055949447,0.0051850225045852,1.108437257574774,0.4889787025820287,24.12173594025163,0.0054,0.45,4
0.0075165772903052,0.0053114591463565,1.1769913744780844,0.5121569367065822,23.85575978648677,0.0054,0.45,4
0.0073956737498571,0.0055505225659107,1.3110008425049395,0.5438949748748035,23.35833936886164,0.0054,0.45,4
0.0074563301003214,0.0054327939732649,1.2459479122551558,0.5293349586449027,23.600334584708857,0.0054,0.45,4
0.0070770463295508,0.0063434484938466,1.6641855784414006,0.6092703835512286,22.07678002896992,0.0054,0.45,4
0.0069515021586726,0.0063726018850993,1.6840676760164397,0.5972050426206933,22.13276060865488,0.0054,0.45,4
0.0073486603292736,0.0056842690463193,1.3780699029870902,0.5611911073461648,23.13278743181433,0.0054,0.45,4
0.0072983777345967,0.0058159720062847,1.441968217575473,0.57550102998957,22.88917827543148,0.0054,0.45,4
0.007248875692445,0.0059506052262238,1.503652198361772,0.5881179675291578,22.63184783080172,0.0054,0.45,4
0.0071339859214049,0.0062117925609645,1.6146417981388612,0.6038417899879477,22.24590435090603,0.0054,0.45,4
0.0071935954349385,0.0060835395636219,1.561820796881032,0.5973884917927582,22.425464856305965,0.0054,0.45,4
0.0067150381257179,0.0066528108713519,1.7750951198712783,0.5933103131413251,21.90824148010535,0.0054,0.45,4
0.0066557951809331,0.0067847140264921,1.805652529773085,0.5954162427662224,21.78705704297944,0.0054,0.45,4
0.0068244236936639,0.0064062641856874,1.7051068302416732,0.5856670841845427,22.18441669887778,0.0054,0.45,4
0.0067698902649881,0.006524086276166,1.7407497529074831,0.5896947860058234,22.05349346726035,0.0054,0.45,4
0.0062781616850966,0.0076553781241238,1.8802913124746727,0.5812618970863154,21.11312438322348,0.0054,0.45,4
0.0062733572855287,0.0075240922049329,1.8818031618556288,0.5852395458421743,21.23473025800126,0.0054,0.45,4
0.006162636405874,0.0077364496512745,1.8725028236820649,0.5775505041852657,21.134290716887826,0.0054,0.45,4
0.0060481618888804,0.0078126916822239,1.8625065556804503,0.5748114747810086,21.179105025685327,0.0054,0.45,4
0.0065905497408947,0.0069031701610769,1.829417007349105,0.5952998266070764,21.667501719286125,0.0054,0.45,4
0.0065154637350399,0.0070234625316917,1.8491647233884685,0.5939435381844526,21.60758467487827,0.0054,0.45,4
0.0063211257032268,0.0073917393204174,1.8805656383054232,0.5882405015605433,21.37025591797321,0.0054,0.45,4
0.006445254944713,0.0071467295498519,1.864378225163876,0.5924214530444988,21.52445088185296,0.0054,0.45,4
0.0063814327036903,0.0072706998563153,1.8748110358608392,0.5905984789848895,21.44148865980116,0.0054,0.45,4
0.0019162083945292,0.0100072606193959,0.069244623347844,0.0640762147582992,14.247331946167202,0.0054,0.45,4
0.0018475367926975,0.0099804361309218,0.0425506585865554,0.0380342901993709,14.558053289249925,0.0054,0.45,4
0.001950042894033,0.0099911486798751,0.105253808069806,0.0963292230041586,14.6417132308674,0.0054,0.45,4
0.005932456250768,0.0078881353395439,1.8502142641018269,0.5729978432465699,21.2205115984278,0.0054,0.45,4
0.0058226287905854,0.0080995790393479,1.8148529476118287,0.5648956377049766,21.10165373556048,0.0054,0.45,4
0.0058158886719905,0.0079640241667836,1.835540105347992,0.5720631502734009,21.256361592220944,0.0054,0.45,4
0.005705352473848,0.0081758530347874,1.7938652450779544,0.5645782381867531,21.132738382918728,0.0054,0.45,4
0.0055873395915082,0.0082517225264714,1.770577260970794,0.565086143847937,21.16013042452976,0.0054,0.45,4
0.0054697113710173,0.0083276829707099,1.744962207323663,0.5662586006809621,21.177805724474087,0.0054,0.45,4
0.0053535007512015,0.0084042675361763,1.7169048143555388,0.5678892118943347,21.18564160053884,0.0054,0.45,4
0.0045329461539183,0.0089558376726483,1.442857434774085,0.5850008252362517,20.853622264166464,0.0054,0.45,4
0.0052380262391497,0.0084824383584509,1.68599275353081,0.5698564338211064,21.17943334899813,0.0054,0.45,4
0.0046501914902027,0.0088770740984146,1.49015343691217,0.582925071531884,20.95766718152409,0.0054,0.45,4
0.0051214811125931,0.0085626966182561,1.6517994170158157,0.5721063428163106,21.158462063108235,0.0054,0.45,4
0.0047623267580927,0.0087979247286302,1.5343407946462513,0.5809056070713149,21.03201695540768,0.0054,0.45,4
0.0048830232505939,0.0087198281748801,1.576142286679821,0.5778643192314598,21.08278752237885,0.0054,0.45,4
0.0050032150721224,0.0086426528340365,1.6148771909104485,0.5747541570825779,21.12225799012361,0.0054,0.45,4
0.0044074127891979,0.0090335194013722,1.392357245946903,0.587254028095083,20.756317441005866,0.0054,0.45,4
0.0042859266985948,0.0091041245577428,1.3429460907924595,0.5892570516634149,20.63896909177466,0.0054,0.45,4
0.0041728157241328,0.009174761159746,1.292028650161693,0.5896091217535772,20.50792649647138,0.0054,0.45,4
0.0038466837563942,0.0094263255097863,1.102409517832599,0.5755978131334395,19.84887133492409,0.0054,0.45,4
0.0039436183033983,0.0093252001070727,1.1767663793830845,0.5854280512582996,20.146445988569443,0.0054,0.45,4
0.0040638867615738,0.0092521313754983,1.235394569944132,0.5875629155750893,20.312991926194503,0.0054,0.45,4
0.0020186780809633,0.0099780009164266,0.1595028754917029,0.1449246138631883,14.833225253198265,0.0054,0.45,4
0.002106784321099,0.0099525202639473,0.2308404349919852,0.2060533636944772,15.223579705192622,0.0054,0.45,4
0.0022007610645564,0.0099214794628547,0.3043742251904099,0.2651932475362116,15.657128424345364,0.0054,0.45,4
0.0023106069919485,0.0098847286454711,0.3844856943444318,0.3250049975843969,16.137486087041665,0.0054,0.45,4
0.002583828741891,0.0099007632847478,0.4796905404590185,0.3993292818489889,16.564107336316656,0.0054,0.45,4
0.002685150590083,0.0098812357388941,0.528747750458639,0.4281428134126611,16.900718553921084,0.0054,0.45,4
0.0027931884793754,0.0098507195070626,0.5850567802020167,0.4566813076996117,17.22391577459393,0.0054,0.45,4
0.0024214873373349,0.0098498648319478,0.4578000769381695,0.3751300525413953,16.586044509910423,0.0054,0.45,4
0.0025220939301149,0.0098273528511311,0.5129664077382748,0.4106044846251518,16.890020181887795,0.0054,0.45,4
0.0032570940102839,0.009799956536665,0.7473601441018518,0.51111085821241,18.205392840864125,0.0054,0.45,4
0.0034788234938414,0.0096600119250115,0.8888729076914924,0.5451893813289184,18.955545386222354,0.0054,0.45,4
0.0033690466474141,0.0097237221868779,0.8236936679910852,0.5314704972588539,18.612112670081363,0.0054,0.45,4
0.0028904604027642,0.0098224930848661,0.6341013361601991,0.478342098859105,17.598806089485226,0.0054,0.45,4
0.003019766303475,0.0098210248700082,0.6712340155598093,0.4922187887941467,17.76515244219163,0.0054,0.45,4
0.0031410863699917,0.0097506313107163,0.7510884080685303,0.5188336571021814,18.197969245597573,0.0054,0.45,4
0.0037117910551792,0.0093602767233972,1.120173685831323,0.5934749246436514,19.95146753449924,0.0054,0.45,4
0.0035939281777257,0.0094421254717843,1.0496340265347406,0.5847873383852688,19.67502159318472,0.0054,0.45,4
0.00347692009996,0.0095204013369523,0.9781322558584046,0.5736242868025996,19.36453985381852,0.0054,0.45,4
0.0074885108621415,0.0026503464673197,0.3867366845585238,-0.2668245808282115,25.41013491618648,0.0054,0.45,4
0.0074409103643776,0.0025086816973716,0.3940379574960339,-0.3029726472363479,25.14650281539612,0.0054,0.45,4
0.0073930964541462,0.0023664326690042,0.4040644978958083,-0.3363275293856491,24.868882844501908,0.0054,0.45,4
0.0073461971545542,0.0022252665944103,0.416395121997904,-0.3662953551525216,24.586719443485965,0.0054,0.45,4
0.0073000270289032,0.0020843791276814,0.4309039291282191,-0.3929200554521221,24.30073952786862,0.0054,0.45,4
0.0076599683695398,0.0040711083416845,0.6074204721483073,0.1748487864851112,26.03517643149954,0.0054,0.45,4
0.0076584508251065,0.0039634114532157,0.5721516117982467,0.1392975239918737,26.11760130221156,0.0054,0.45,4
0.0075681552242337,0.0041344998313427,0.6593035840298399,0.1853117711103755,25.81128218954151,0.0054,0.45,4
0.0076077944841358,0.0038796977799581,0.5626380744755557,0.1065889797135444,26.08308917565221,0.0054,0.45,4
0.0075909030400549,0.003702632799794,0.5177057979233738,0.0473804917524555,26.1346687363525,0.0054,0.45,4
0.0075698055508917,0.0037892305752977,0.5484667734277883,0.0732443595479929,26.051493227891864,0.0054,0.45,4
0.0075422599028859,0.0035903294690105,0.5045373348503454,0.0066356258090528,26.07174962694491,0.0054,0.45,4
0.0075855499157613,0.0033388906282518,0.436967823013221,-0.0681720977136431,26.113222837771307,0.0054,0.45,4
0.0075064161920138,0.0034470175023547,0.4830627441944096,-0.0418427974127768,26.01717141977325,0.0054,0.45,4
0.0075243697852552,0.0031910319922926,0.4300875322313369,-0.1177754461577986,25.947307333918985,0.0054,0.45,4
0.0074707800396578,0.0030411133050326,0.4242071765751198,-0.1651586568599717,25.745465962710785,0.0054,0.45,4
0.0074235719822312,0.0028973273748014,0.4207495683736857,-0.2080134510051266,25.542137250034813,0.0054,0.45,4
0.0073789955324438,0.0027548399375769,0.4198356016918665,-0.247874765951976,25.32411573642113,0.0054,0.45,4
0.0074947936602182,0.0048466580045289,0.9699721290905736,0.392682479135141,24.74533603320975,0.0054,0.45,4
0.0074182784024883,0.0049094821106854,1.0186542148463231,0.398928238918575,24.57637965021319,0.0054,0.45,4
0.0074829925680581,0.0047418078829397,0.9273649925669172,0.3615824261031209,24.91801734950226,0.0054,0.45,4
0.0075075861213266,0.0046220510277782,0.8688748124203177,0.3300032165012718,25.124559823192488,0.0054,0.45,4
0.0074232617963547,0.004664377207254,0.9115358596189566,0.3309203611204181,24.970387790110102,0.0054,0.45,4
0.0075009667733709,0.0044921471145176,0.8170130987081831,0.289987882589503,25.311275529654043,0.0054,0.45,4
0.0074909349549458,0.0043583011808072,0.7670148650447306,0.2472825684281899,25.46602118051352,0.0054,0.45,4
0.0074745228627203,0.0042225898875109,0.7210758718242473,0.2024442687799938,25.590757678485463,0.0054,0.45,4
0.0074647677613011,0.0050870984761114,1.0860111970474284,0.451792400139329,24.28744137133824,0.0054,0.45,4
0.0073867216113409,0.0049955535548576,1.0649057498666068,0.417110275222427,24.41617445596555,0.0054,0.45,4
0.0074217227385227,0.0052085138703052,1.1514707120787284,0.4749601734411088,24.04590890035896,0.0054,0.45,4
0.0073724384581225,0.0053328837165486,1.2185773099810204,0.4959582140398976,23.805937748534323,0.0054,0.45,4
0.0072671801285702,0.0055899743033424,1.352240756873148,0.5325840449452608,23.32472028400241,0.0054,0.45,4
0.0073169184379194,0.005459195415327,1.2861974986062152,0.5144586225787496,23.55187695326353,0.0054,0.45,4
0.0070004315171546,0.0062471387181676,1.6401931760724693,0.5910409254717965,22.300650241192265,0.0054,0.45,4
0.0068799978000654,0.0062885966060536,1.665665248167737,0.5807665591199153,22.33504288596851,0.0054,0.45,4
0.0067686882959695,0.0063141634925125,1.684860822581701,0.5701244649188125,22.332448193526748,0.0054,0.45,4
0.0072202963001944,0.0057197018053776,1.4148623587538134,0.5488940552675113,23.11137448205076,0.0054,0.45,4
0.0071696358244512,0.0058490138302282,1.4750012696592447,0.5625263100529451,22.87815352062088,0.0054,0.45,4
0.0071159533140829,0.0059836249072193,1.534298430139655,0.574468302294917,22.662821023477463,0.0054,0.45,4
0.0070574980151398,0.0061172719959188,1.5900857768733274,0.5837359621798629,22.465796675368534,0.0054,0.45,4
0.0066437860231748,0.0065404443419206,1.754991789257408,0.577896892502837,22.13774452161107,0.0054,0.45,4
0.0065856621028712,0.0066654103146386,1.7864822753498142,0.5818931105576274,22.02065876675488,0.0054,0.45,4
0.0065205998209322,0.0067874221404471,1.8135699341148808,0.5841349159551723,21.91785014803969,0.0054,0.45,4
0.0066875098522921,0.0064128478520201,1.7197880391788998,0.570989926601818,22.286929225611967,0.0054,0.45,4
0.0066708332799346,0.0063054631589006,1.6931828714251431,0.5575098874033682,22.45469543757799,0.0054,0.45,4
0.0065788263756841,0.0064581167615882,1.7416781248240838,0.5635138568776233,22.32928220613373,0.0054,0.45,4
0.0061560784207204,0.0076056163419598,1.877939904825652,0.5815008662430642,21.3064347020964,0.0054,0.45,4
0.0062000802469307,0.007403041675967,1.8803480243824864,0.584482646457689,21.506897108829943,0.0054,0.45,4
0.0061414221114508,0.0074960016412147,1.88015509937942,0.5827734925403053,21.4112837433156,0.0054,0.45,4
0.0060425034074298,0.0076782049794906,1.8721484966527104,0.5790561593409881,21.33792001271343,0.0054,0.45,4
0.0059267748532196,0.0077532171175935,1.863868647083028,0.5773924820522144,21.375165203327427,0.0054,0.45,4
0.0064494571384548,0.006909288196192,1.836403582600045,0.5850678013493228,21.82554647937021,0.0054,0.45,4
0.0063762688447608,0.0070339463756342,1.854856552998121,0.5853950198739798,21.75115981811243,0.0054,0.45,4
0.0062565432448568,0.0072856618083301,1.8766870865490133,0.5856733506189077,21.567011764076337,0.0054,0.45,4
0.0063072979299707,0.0071607620667773,1.868384644889837,0.5854202914287369,21.6651639420102,0.0054,0.45,4
0.0061428871047619,0.0073121540893544,1.8793599223439863,0.5816626161880795,21.647953457602217,0.0054,0.45,4
0.0018563685734715,0.0099511906154248,0.0746874549232945,0.065211938386078,14.688788207413172,0.0054,0.45,4
0.0017868866730404,0.0099265643292946,0.0456956394630602,0.0385149725168264,15.069880832973007,0.0054,0.45,4
0.0018881918038813,0.009934062728871,0.1123360962302521,0.0970984988908765,15.108563208812486,0.0054,0.45,4
0.0019579176131385,0.009918908956668,0.1716594609957104,0.1475488552906591,15.26187284597326,0.0054,0.45,4
0.005809881156825,0.0078291259572448,1.853147995779524,0.5766212879281433,21.412937983265923,0.0054,0.45,4
0.0056986903378819,0.0080401308934671,1.81848413862096,0.5719705585910412,21.286633953349536,0.0054,0.45,4
0.0056924609214023,0.0079052502856156,1.840032170467422,0.5767209800968222,21.44280738370374,0.0054,0.45,4
0.0055812354887837,0.0081165621744221,1.7989956311967112,0.5726717983075784,21.31548604869174,0.0054,0.45,4
0.0054626713901826,0.008192156815733,1.777248105170831,0.5741903743449011,21.337245292337247,0.0054,0.45,4
0.0053454055848798,0.0082686058171032,1.7529495053914956,0.576270090560575,21.35046011089661,0.0054,0.45,4
0.0052288957895158,0.0083462544745718,1.725882382247651,0.5787958457566759,21.35016217715017,0.0054,0.45,4
0.0044084873451137,0.0088947081271312,1.4595092361945126,0.6012212287994245,20.99532573732973,0.0054,0.45,4
0.0045265332422192,0.0088184054596608,1.5051498934381409,0.5983797046017792,21.08977509496151,0.0054,0.45,4
0.0051123732828227,0.0084251691526673,1.6958623256213123,0.5817001432340251,21.33829605927161,0.0054,0.45,4
0.0046432900093374,0.008739339180975,1.54906274433124,0.5953625591403869,21.173603831006066,0.0054,0.45,4
0.0049951542139319,0.0085045244422176,1.6629904918856695,0.5849514975485476,21.31280457244067,0.0054,0.45,4
0.0047592338401008,0.0086614312276154,1.5895796859134812,0.592040742487952,21.233818019233546,0.0054,0.45,4
0.0048771725121303,0.0085832646677308,1.627556167689024,0.5884658152973224,21.277916199296246,0.0054,0.45,4
0.0042889075337594,0.0089716355991619,1.4105337796895254,0.603459252803737,20.88352246208856,0.0054,0.45,4
0.0041719253726701,0.0090460155632689,1.3602117399324654,0.604865921081691,20.76141348802296,0.0054,0.45,4
0.0040570986353805,0.0091221903116706,1.3062542578370844,0.6048260482761024,20.60422466978545,0.0054,0.45,4
0.0038278573632099,0.009281592637894,1.1851204927040124,0.5991379019161815,20.19784925295808,0.0054,0.45,4
0.0039405520942897,0.0092020513391559,1.2469435487757183,0.6029737653183486,20.4110019242462,0.0054,0.45,4
0.0020432877380112,0.0098892857099641,0.2483744111265474,0.2099250578065466,15.672025580369146,0.0054,0.45,4
0.0021408046419916,0.0098563047654929,0.3286691157127457,0.2721009314498164,16.083014769196286,0.0054,0.45,4
0.0022498055495137,0.0098163437521243,0.4140070913958089,0.3333230596658147,16.555297025675458,0.0054,0.45,4
0.0023567758711257,0.009779380238317,0.4896462245755955,0.3835846698643265,16.958321553925597,0.0054,0.45,4
0.0026245763694193,0.0098042174244254,0.5658890020167112,0.4414608432200914,17.15659381196156,0.0054,0.45,4
0.0027168190273785,0.0097912098050668,0.6050951893538606,0.4626112514850319,17.430760581112054,0.0054,0.45,4
0.0028054652468885,0.0097252301169685,0.6804868175208884,0.4954629787398338,17.851119680277524,0.0054,0.45,4
0.0024560478095194,0.0097536224342684,0.5481377516769688,0.4204731860146446,17.24248155424867,0.0054,0.45,4
0.0025640167791912,0.0097302179525144,0.603878308001228,0.4533278119730908,17.545996214624893,0.0054,0.45,4
0.0037053569858544,0.0092271825178125,1.201222473862652,0.6130502869163234,20.3173481322162,0.0054,0.45,4
0.0032518099416815,0.009664913699474,0.8354650996933026,0.5433144595326186,18.67513016213235,0.0054,0.45,4
0.0033610098643642,0.0095917968504853,0.9081758811069272,0.5604664148797188,19.048229743897025,0.0054,0.45,4
0.0029351854862331,0.0097013518342634,0.7332607185883151,0.5164774138166255,18.108896101687307,0.0054,0.45,4
0.003048616124314,0.009692449080727,0.7683520783809754,0.5276035639049199,18.327298857602603,0.0054,0.45,4
0.0031315254296405,0.0096205561319406,0.8388265026058496,0.549294559991521,18.727419244223487,0.0054,0.45,4
0.0035914744459548,0.0093028709642305,1.1378269101108558,0.6072190985341271,20.072447331677697,0.0054,0.45,4
0.0034796957034142,0.0093861055221373,1.0664453527077635,0.5975230762390494,19.78018308086008,0.0054,0.45,4
0.0033569345494039,0.0094603612135956,0.9955130080278752,0.5861971613638223,19.438225964920875,0.0054,0.45,4
0.0073337320222802,0.0026129544457144,0.4220454654430024,-0.2849968545216632,25.0887692142824,0.0054,0.45,4
0.0072870644413885,0.0024709997950777,0.4272790136019377,-0.3193606623205924,24.8357851164188,0.0054,0.45,4
0.0072404306509717,0.0023294038920092,0.435016081460522,-0.3505745159073088,24.572456463862483,0.0054,0.45,4
0.007194225534576,0.0021881564832743,0.4449963988974864,-0.3784658271457402,24.30230123243093,0.0054,0.45,4
0.0071484975068492,0.0020470221125379,0.4570638759639454,-0.4029377103941993,24.02829264969117,0.0054,0.45,4
0.0075510546408845,0.0039915946503538,0.616291086026396,0.1370405214956505,25.89302855362595,0.0054,0.45,4
0.0074516147299936,0.0040869247243723,0.6803086751326884,0.1563803465159597,25.68129261400057,0.0054,0.45,4
0.0074937395451343,0.003854262948385,0.5919428898805023,0.0862882611518945,25.8815458378979,0.0054,0.45,4
0.0074760350001316,0.0037192116157063,0.5589518055973485,0.0410801439118716,25.901303042424072,0.0054,0.45,4
0.007426993607601,0.0035726917624242,0.5366352834566093,-0.0102555862378033,25.820919081645403,0.0054,0.45,4
0.007388422982928,0.003453908174043,0.5208920865996555,-0.0507089411631431,25.76116395837418,0.0054,0.45,4
0.007421481129116,0.0033145152020345,0.4820856709114163,-0.0898531934587768,25.807050027058946,0.0054,0.45,4
0.0073678594213743,0.0031467553752396,0.4684905509989766,-0.1434741379018105,25.6216422962932,0.0054,0.45,4
0.007317594566444,0.0030007843866956,0.4612685972795747,-0.1880926438562642,25.43767960577477,0.0054,0.45,4
0.007271101930058,0.0028584491330239,0.456514915881888,-0.2290000377793178,25.237678324223467,0.0054,0.45,4
0.0072257208859084,0.0027167592612195,0.4543589914212886,-0.2670786981321357,25.0221549899084,0.0054,0.45,4
0.0073899967469461,0.004829062772683,0.9912860438150908,0.3729460234722652,24.69989042478007,0.0054,0.45,4
0.0073205752277871,0.0049121369270593,1.045976933634238,0.3854096355682612,24.52593699929155,0.0054,0.45,4
0.0073614187709819,0.0047316484499619,0.9576916863849966,0.3415224959223125,24.82082074528657,0.0054,0.45,4
0.0074093690234514,0.004576297171451,0.8790244042895727,0.3030485153529509,25.08591933330996,0.0054,0.45,4
0.0073549424828298,0.0046500815092051,0.9254409125561872,0.3171467682559089,24.94379862051968,0.0054,0.45,4
0.0073935517484297,0.0044498394371444,0.8329112914521507,0.2628206643985638,25.23879941440316,0.0054,0.45,4
0.0073828936435121,0.0043110639172493,0.7826885215881693,0.2186177222393771,25.37768960187498,0.0054,0.45,4
0.0073643481571522,0.0041749617578117,0.7387516070272909,0.1736003368469537,25.48317504816337,0.0054,0.45,4
0.0073325184577012,0.005111207086661,1.1296013846386723,0.4383369478013042,24.20115869283454,0.0054,0.45,4
0.0072575736106849,0.0050166378097182,1.107402763256455,0.403283657767534,24.33519492616114,0.0054,0.45,4
0.0072840141072694,0.0052326214304594,1.1943265955856537,0.4601221013560745,23.97767898114937,0.0054,0.45,4
0.0072321035180885,0.005363252104905,1.262478301445402,0.4816437873630981,23.743757387570763,0.0054,0.45,4
0.0071404423174782,0.0056284382789819,1.3916727538879627,0.5211501516772189,23.30248328856641,0.0054,0.45,4
0.0071811064412362,0.0054976837110635,1.3299965122972173,0.5019895744394917,23.50135040615085,0.0054,0.45,4
0.0067103450596907,0.0062362111864693,1.669333387029639,0.5541533637400814,22.559609130366944,0.0054,0.45,4
0.0069213380980976,0.0061550963313834,1.6191785965489334,0.5708752376557418,22.529229257890474,0.0054,0.45,4
0.0067992179685414,0.006199370309668,1.6478291273854595,0.5607722463519912,22.526733408470346,0.0054,0.45,4
0.0070969392190415,0.0057481385860971,1.4471690199983502,0.5358707373110904,23.09832342095961,0.0054,0.45,4
0.0070412978271899,0.0056601921112705,1.4224805846007542,0.5122795050580756,23.23662494376499,0.0054,0.45,4
0.0070369603463212,0.0058751568193157,1.5053007907707263,0.5478563984435038,22.904213979492173,0.0054,0.45,4
0.006976057116777,0.0060173581624494,1.5655627929791167,0.5601802797506951,22.70201659938623,0.0054,0.45,4
0.0065219093902503,0.0065559530157595,1.7689203468132082,0.5669426304338298,22.23132959931115,0.0054,0.45,4
0.0064570553468081,0.0066707731202342,1.7972013678920211,0.5705385908645555,22.143250182182506,0.0054,0.45,4
0.006385219703227,0.0067909333646657,1.8227922839646864,0.5732873396623698,22.051790320053808,0.0054,0.45,4
0.0066199513045054,0.0062229442018739,1.6769486558308409,0.5415722867956533,22.65847312324726,0.0054,0.45,4
0.0065676718872082,0.0063411490616314,1.714383826383763,0.5498662849631394,22.48888769889218,0.0054,0.45,4
0.0064732547254869,0.0064401895366144,1.748565760841992,0.5504770924408184,22.47541711660403,0.0054,0.45,4
0.0060383896289425,0.0075435714507226,1.8786186582483533,0.5807995786269932,21.48445655752991,0.0054,0.45,4
0.0060640478056573,0.0074082318459523,1.881356073070176,0.580733194134662,21.62366519550341,0.0054,0.45,4
0.0059230023221107,0.0076180125429248,1.8743613871239528,0.5792386034996557,21.529530470990952,0.0054,0.45,4
0.0058047010646753,0.0076940173673059,1.8676440668462264,0.5786320857010225,21.573481472748497,0.0054,0.45,4
0.0063092312561986,0.0069157260254809,1.8446326993037283,0.5754384749490535,21.96643775537835,0.0054,0.45,4
0.0062325252530674,0.0070438143259273,1.8618285138391564,0.5771964490671672,21.875484683712667,0.0054,0.45,4
0.006153819907211,0.0071817325802932,1.874349823431382,0.5787223491274894,21.80873107585545,0.0054,0.45,4
0.0060352189318381,0.0072686570446144,1.8812624930238684,0.5766403216333535,21.84888702157168,0.0054,0.45,4
0.0017946238203566,0.0098969154680037,0.0800672686883264,0.0659338447470162,15.207332269789887,0.0054,0.45,4
0.0017246609746153,0.0098745198400686,0.0488977682241208,0.0388262282321607,15.588856958864174,0.0054,0.45,4
0.0018261232800569,0.0098788813720554,0.1204849699412287,0.0983028201246702,15.607852665558651,0.0054,0.45,4
0.001895400169078,0.0098615826086601,0.1841485738176621,0.1496341403764927,15.754335918702012,0.0054,0.45,4
0.0019795920339312,0.0098294416911056,0.2659596618925686,0.2128893773617609,16.116986998744906,0.0054,0.45,4
0.0017305349215574,0.009843887848156,0.0856141441285084,0.066387891442571,15.734008349150528,0.0054,0.45,4
0.0016609158610524,0.0098243483031471,0.0521221846205733,0.0389747525936191,16.18235449037268,0.0054,0.45,4
0.0056870738532099,0.0077712185701614,1.858435349391019,0.5788684345241027,21.59822604756167,0.0054,0.45,4
0.005574250266012,0.0079809100219708,1.8245837986193705,0.5777000666758859,21.474024664,0.0054,0.45,4
0.0055690446917469,0.0078471473428599,1.846911685850945,0.5800685720845896,21.63846080699247,0.0054,0.45,4
0.005454988720913,0.0080561949300986,1.8068300909414805,0.5795050535833209,21.50109915188599,0.0054,0.45,4
0.005337207607513,0.0081319519156941,1.786609996292697,0.5819794122163079,21.52068835639059,0.0054,0.45,4
0.0052201180910458,0.0082087480110865,1.7636725087733671,0.5849864113104948,21.52588892621567,0.0054,0.45,4
0.0051031802325198,0.0082872746088832,1.737675520743571,0.588444140408305,21.52107373387189,0.0054,0.45,4
0.0042879592900194,0.0088376345901803,1.4772224896855588,0.6151842228141723,21.13495436989879,0.0054,0.45,4
0.004404070491865,0.008761049147802,1.522280434496575,0.6121086220439614,21.234969135422503,0.0054,0.45,4
0.0045202323874006,0.0086829045514423,1.5650918374342837,0.6085442577601593,21.31828318374727,0.0054,0.45,4
0.0049863547273039,0.0083666786658975,1.7087119174458412,0.5922616192130613,21.504370789423604,0.0054,0.45,4
0.0046361377859803,0.0086040557277061,1.6052320730068892,0.6046523073116178,21.38684325804258,0.0054,0.45,4
0.0048693758477011,0.0084460706887108,1.6769639957161095,0.5963422695556936,21.4766982104266,0.0054,0.45,4
0.0047524592420747,0.0085251696259979,1.6424850195562073,0.6005345025776975,21.43836223946888,0.0054,0.45,4
0.0041715095531972,0.0089139497214131,1.4292968346999195,0.6175291125238772,21.019232406448765,0.0054,0.45,4
0.0040548691454902,0.0089895497755356,1.378730943298479,0.6190034852214056,20.89149409353521,0.0054,0.45,4
0.0039379165944487,0.0090685701621671,1.3230130118588364,0.6188816264142584,20.72718826874438,0.0054,0.45,4
0.0038225098507385,0.0091518809888675,1.2615319832126517,0.6164160952279621,20.517656182497387,0.0054,0.45,4
0.0037007064365743,0.0091040218322821,1.2766302754475312,0.6280802257179952,20.61640344290743,0.0054,0.45,4
0.0020739203846394,0.0097943865194795,0.3498247255066718,0.2750528780788209,16.506205419608666,0.0054,0.45,4
0.0028681164724196,0.0096017257741193,0.7904992343621969,0.5352816359967235,18.58043887923046,0.0054,0.45,4
0.0021816884146014,0.0097512688318373,0.4406823092096176,0.337875645705279,16.954334772096384,0.0054,0.45,4
0.0022903148023499,0.0097101116399661,0.5230533264430713,0.3909381194580818,17.353672488931476,0.0054,0.45,4
0.0023886571996945,0.0096820286978604,0.5843936275515738,0.4288142147892274,17.614907995241882,0.0054,0.45,4
0.0026755555066604,0.0096945195817382,0.666611414276502,0.4851179336279557,17.879511585399012,0.0054,0.45,4
0.0027589337858233,0.009614588961177,0.7527181006298755,0.5193125199388247,18.335646263952302,0.0054,0.45,4
0.002486408375526,0.009657317494414,0.638622073511081,0.4603063827553902,17.82341808841044,0.0054,0.45,4
0.0025816392911798,0.009639883115801,0.682757952705821,0.4847831582283735,18.060012110026488,0.0054,0.45,4
0.0035778039006952,0.0091624550107831,1.2258650504473358,0.6264884433764178,20.451742119476204,0.0054,0.45,4
0.0032314583079733,0.0095209557982007,0.9298246119528828,0.5738288516246923,19.16547047142205,0.0054,0.45,4
0.0030021165403043,0.0095716951335655,0.8446544961361645,0.5534367584327765,18.77838462612699,0.0054,0.45,4
0.0031093574372748,0.0095111786286104,0.9120629990352552,0.5719036272789227,19.12045320696119,0.0054,0.45,4
0.0034777147865903,0.0092544196590629,1.1531657215199678,0.6175293066262296,20.18648779611772,0.0054,0.45,4
0.0033606504472494,0.0093266937276512,1.0872034797311994,0.60874744652992,19.94715428158011,0.0054,0.45,4
0.00326658403601,0.0093967106672408,1.0232427462112743,0.5972037928707352,19.63713752645448,0.0054,0.45,4
0.0071801456448172,0.0025750397093319,0.4548947338232755,-0.3023944680567024,24.79151199404421,0.0054,0.45,4
0.0071341423871625,0.0024334478267354,0.4580114204982713,-0.3347145951057516,24.54776093034073,0.0054,0.45,4
0.0070881567912596,0.0022920167404025,0.4634427533751468,-0.3638233784174467,24.294484067638383,0.0054,0.45,4
0.007042455626336,0.00215071320603,0.4709865816920414,-0.3895589409368591,24.03452686037684,0.0054,0.45,4
0.0069970737184348,0.0020094394336974,0.4805071406817322,-0.4118030277300351,23.770808345905262,0.0054,0.45,4
0.0074174189765252,0.0039513107177972,0.6464700893366436,0.1089281955537447,25.727081013476973,0.0054,0.45,4
0.0073341134561751,0.0040467261824524,0.7040859273802713,0.1293396431433029,25.53680404589855,0.0054,0.45,4
0.0073789669497012,0.0038142527851578,0.6168243395291615,0.0608958349868547,25.72679806534628,0.0054,0.45,4
0.0073395441410196,0.0036716481365398,0.5893250841569583,0.011637835044833,25.70085076789548,0.0054,0.45,4
0.007301772482769,0.0035251833764216,0.5637941762589965,-0.0375147731225946,25.6448490567075,0.0054,0.45,4
0.0072837266328319,0.0033913002943236,0.5388131147669329,-0.0795823816150176,25.57350197802543,0.0054,0.45,4
0.0072586392214444,0.0032470372709574,0.5172011619521268,-0.1242147300610335,25.490627066624644,0.0054,0.45,4
0.0072115305566579,0.0031039605709267,0.505386359308689,-0.1685064063405037,25.33153531271876,0.0054,0.45,4
0.0071643155004946,0.0029619989423821,0.4966975341096156,-0.2102246236214417,25.148859722834533,0.0054,0.45,4
0.0071186555199306,0.0028204281952456,0.4903676380956404,-0.2492256448283714,24.95245068773676,0.0054,0.45,4
0.007073066822681,0.0026788093102797,0.4865803260023094,-0.2855301488628518,24.740347604745768,0.0054,0.45,4
0.0072182346714219,0.0049259232069533,1.079090541703052,0.3736808766212529,24.445033810587653,0.0054,0.45,4
0.0072582922098184,0.004815309865401,1.0217365599313022,0.3498666381476401,24.628361739874887,0.0054,0.45,4
0.0072640024330438,0.0046841903351466,0.9656827677695766,0.3138357154369728,24.809995049029904,0.0054,0.45,4
0.0072592627359886,0.0041364865829753,0.7581588471434171,0.1480516736311406,25.379694484910896,0.0054,0.45,4
0.0072899353845834,0.0045556855950318,0.9060702213408832,0.2802686491753217,25.00177965781887,0.0054,0.45,4
0.0072853318842858,0.0044025465329863,0.8474344821092304,0.2336315956171427,25.1776128350507,0.0054,0.45,4
0.0072769802843827,0.0042654153416293,0.7986201648831227,0.1904179104661335,25.29748760831352,0.0054,0.45,4
0.0071994679645819,0.0051219589557363,1.166885572437811,0.4208640809546701,24.144805877469214,0.0054,0.45,4
0.0071254594723252,0.0050042285632215,1.1360392361578455,0.3799638817478845,24.29124856374608,0.0054,0.45,4
0.0071457894907782,0.0052579795455934,1.237164300270817,0.444948796353612,23.919731490732683,0.0054,0.45,4
0.0070923541709927,0.0053991488115102,1.307660028168553,0.4681236744665757,23.68707421321037,0.0054,0.45,4
0.0070380240233703,0.0055435019095344,1.377117636444515,0.4896471916303792,23.47230290091268,0.0054,0.45,4
0.00670026959154,0.0061415991758005,1.6430793097927303,0.5408781333461933,22.71150714838157,0.0054,0.45,4
0.0068146689658232,0.0060605550658255,1.6024259916473174,0.5447299394793096,22.733074521185053,0.0054,0.45,4
0.0069616532315521,0.0056317799502497,1.426302547681982,0.4952083483437085,23.369513158868497,0.0054,0.45,4
0.0069648863664266,0.0057481320499114,1.4697490755146825,0.5168425036085087,23.138013839001506,0.0054,0.45,4
0.0068929646581139,0.005902610705447,1.5377011810057584,0.5320760050791974,22.92935174728549,0.0054,0.45,4
0.0064014168851694,0.006554499757891,1.7800235619027738,0.5549881898480445,22.3621916158603,0.0054,0.45,4
0.0063277715003538,0.0066700143357201,1.8079345170125312,0.5589438602553941,22.27533206554665,0.0054,0.45,4
0.0062497283334126,0.0067879905009783,1.8323238897456469,0.5623274674565213,22.1984384319794,0.0054,0.45,4
0.0066056393971729,0.0061165179746367,1.6488466131089063,0.525421969922184,22.792789426274307,0.0054,0.45,4
0.0065080606263159,0.00620873088808,1.6878413946969528,0.5262027957449443,22.73025050281248,0.0054,0.45,4
0.0064362383441947,0.0063356120313072,1.7288774562050653,0.5342186057038355,22.61187966437448,0.0054,0.45,4
0.0063517226789941,0.0064381351146009,1.7617743301572677,0.5374151249843192,22.553898514228823,0.0054,0.45,4
0.0059255776557567,0.0074829776155595,1.8813592700130173,0.5785940694098671,21.668100875824603,0.0054,0.45,4
0.0059165838242432,0.0073564891819729,1.885061795226721,0.575727853948385,21.81794582974239,0.0054,0.45,4
0.0058000695516491,0.0075561217185861,1.879082943773186,0.5781149794370993,21.7546697630636,0.0054,0.45,4
0.005681418025091,0.0076366182475818,1.87373921894998,0.5784814942877446,21.731719698730952,0.0054,0.45,4
0.0061710670755574,0.0069095943592112,1.8526737586517192,0.5655625770466369,22.119028329545657,0.0054,0.45,4
0.0060943408791884,0.0070376790229175,1.868524886503764,0.5689451248969171,22.05975376715742,0.0054,0.45,4
0.0059103891610029,0.0072375400908741,1.885842913421992,0.5709231465440235,22.01822755002213,0.0054,0.45,4
0.0060067363233029,0.0071403990295211,1.8788495048892595,0.5701022843173082,21.997377875937527,0.0054,0.45,4
0.0017624403336935,0.0098255904369539,0.1287600547400524,0.0991172672991026,16.142237509326566,0.0054,0.45,4
0.0018311661979744,0.0098061497520674,0.1968138542020641,0.1510353257380858,16.258178718686846,0.0054,0.45,4
0.0019137175249587,0.0097741515551797,0.2810297262288506,0.2133123536606771,16.61247848356078,0.0054,0.45,4
0.0020101514862164,0.0097323933894084,0.3758681611047009,0.2800232066548057,17.000411230481017,0.0054,0.45,4
0.0016669073007509,0.0097943317812409,0.0910873078921074,0.0665806145049941,16.31529331173724,0.0054,0.45,4
0.0015957096265192,0.009776091892438,0.055386699154798,0.0389356997200428,16.800456344204395,0.0054,0.45,4
0.0017002012269312,0.0097741730831599,0.1394492317612845,0.1011839378193132,16.70818212722148,0.0054,0.45,4
0.0055649604728112,0.0077155237924591,1.865841056559858,0.5799436295561198,21.81684313389903,0.0054,0.45,4
0.0054491180194401,0.0079209417728818,1.8333623023784344,0.5820497882059793,21.656926160642044,0.0054,0.45,4
0.0054464450648194,0.0077895144522578,1.8562455426088875,0.5819788863314646,21.803397406217297,0.0054,0.45,4
0.0053271814416892,0.0079936297900533,1.817770949341394,0.5849997705627971,21.701768916150343,0.0054,0.45,4
0.0052105575324538,0.0080686777351522,1.7993387110197838,0.5884107644836734,21.708207074541075,0.0054,0.45,4
0.0050938869709803,0.0081482558374033,1.7771814749172972,0.59231244334815,21.70797470006234,0.0054,0.45,4
0.0049767011030149,0.0082283281234768,1.75208703374702,0.5966927852746818,21.698874023172355,0.0054,0.45,4
0.0041687988877483,0.0087831761605382,1.4962768486893887,0.6272854858866816,21.277686573696148,0.0054,0.45,4
0.0042829986305322,0.008705780323807,1.541118595515796,0.6240542013421146,21.385892445430454,0.0054,0.45,4
0.0043981804658676,0.0086274179277094,1.5833450187357638,0.6200995958987341,21.474393413958328,0.0054,0.45,4
0.0045129816479851,0.0085481304003686,1.6228754730480126,0.6157249387234164,21.54729727447309,0.0054,0.45,4
0.0048601526480238,0.0083085348063596,1.7241011849557826,0.6013648244399449,21.678530671396704,0.0054,0.45,4
0.0046281768871407,0.0084684352740877,1.6595358624996004,0.6110402763894377,21.604573356941568,0.0054,0.45,4
0.0047439456940857,0.008388576989836,1.6932630445818784,0.6061989835651422,21.64756432452289,0.0054,0.45,4
0.0036109794079241,0.0090458259801781,1.3036910178843577,0.6376927472942477,20.79216383270956,0.0054,0.45,4
0.0040554596984656,0.0088558817586966,1.4508925531953871,0.6299134774122868,21.16145231273615,0.0054,0.45,4
0.0039351154600202,0.0089307236511376,1.400864892124721,0.631871948741706,21.062717388490345,0.0054,0.45,4
0.003817275427106,0.009015029613243,1.3420652051162305,0.6312997312645622,20.85954463209902,0.0054,0.45,4
0.0037038400227077,0.0089705132838573,1.358777773502606,0.6407148283309888,21.017297557427625,0.0054,0.45,4
0.0021142455899058,0.0096867921999912,0.4703621183784698,0.3425821608807256,17.43851037263194,0.0054,0.45,4
0.0029073483660164,0.0094625207408996,0.9063694295109118,0.5705192713701387,19.183824284086786,0.0054,0.45,4
0.0027860271165776,0.0094930526750239,0.8557820276469265,0.552783854826642,18.95302199789211,0.0054,0.45,4
0.0022219071518505,0.0096420023077692,0.5580311524122245,0.3970377535845919,17.80507640027619,0.0054,0.45,4
0.002320433058426,0.0096103172143754,0.6238088623413799,0.4365484210227057,18.05750778873798,0.0054,0.45,4
0.0024226393481993,0.0095804919881171,0.6845717893651525,0.4710186208556953,18.306699016948446,0.0054,0.45,4
0.0026595062982482,0.0095584151789072,0.7714593038264058,0.5207762337411489,18.61234114386075,0.0054,0.45,4
0.0025325429446315,0.0095522271635788,0.7421158212101134,0.5013986947902552,18.55027397685413,0.0054,0.45,4
0.0035021385129163,0.009053175667531,1.2884222666717315,0.6405900635525463,20.770382723877564,0.0054,0.45,4
0.0034562567782676,0.0091496884160456,1.2198947014124464,0.6312767653181864,20.49690568039182,0.0054,0.45,4
0.0031516026277977,0.009399892198162,1.0007317262791735,0.594936540723613,19.581913027961946,0.0054,0.45,4
0.0030307294434546,0.0094297532610811,0.9563398877511664,0.584713095683174,19.37831216399268,0.0054,0.45,4
0.003360067055783,0.0092016283360141,1.1729617997877666,0.6266172852170931,20.315578887048,0.0054,0.45,4
0.003221720587232,0.0092691904501541,1.1065564936333308,0.6174875422911245,20.05946445399961,0.0054,0.45,4
0.0029489985777,0.009348276185069,1.003197309267319,0.5953695092653212,19.72685876785412,0.0054,0.45,4
0.0070274958040908,0.0025372807085504,0.4852155278222982,-0.3189008069920191,24.51502964986189,0.0054,0.45,4
0.0069818386078914,0.0023958221001596,0.4861470208419248,-0.3491584022879359,24.278329050968235,0.0054,0.45,4
0.0069362733881903,0.0022544222697761,0.4891998489374312,-0.3761251118598048,24.03295634936411,0.0054,0.45,4
0.0068909180712635,0.0021130751268542,0.4942283705817282,-0.3996506754418708,23.78135882619054,0.0054,0.45,4
0.0068457662715253,0.0019717135555025,0.5011208930834378,-0.419622138892318,23.52625293698136,0.0054,0.45,4
0.0072947974329553,0.0039146109779092,0.6738124659984922,0.0828863753082736,25.55761919884057,0.0054,0.45,4
0.0072171252435881,0.004016323276564,0.7307319566568681,0.1051889347298107,25.394143379090096,0.0054,0.45,4
0.0071606865161347,0.0041097130044644,0.7795266131892366,0.1268170309515503,25.28432102633383,0.0054,0.45,4
0.0072520845060998,0.0037752674744707,0.6453743951240564,0.0342443833298295,25.53828677208889,0.0054,0.45,4
0.0072106353749298,0.0036326547629708,0.6187548914013677,-0.0143594410828002,25.489407640804824,0.0054,0.45,4
0.0071766864378121,0.0034916953948096,0.5934720299310312,-0.0604824803675642,25.42708328282524,0.0054,0.45,4
0.0071409806708855,0.003350950003596,0.5719786183705547,-0.1053347995043686,25.32551815246504,0.0054,0.45,4
0.0071019345670145,0.003208246916521,0.5540251060155907,-0.1493492218675784,25.210457678588323,0.0054,0.45,4
0.0070571428109575,0.003065933258959,0.5405948067644452,-0.1917088114551234,25.0560558580317,0.0054,0.45,4
0.0070116705313577,0.0029240993103609,0.5300766771467099,-0.2316198128572222,24.879414849184705,0.0054,0.45,4
0.0069661876885266,0.0027824753641582,0.522073964904319,-0.2688664742733347,24.685660532587487,0.0054,0.45,4
0.0069207519771157,0.0026409579434629,0.5164136839388133,-0.3032592432202488,24.4770279925673,0.0054,0.45,4
0.0071348799504693,0.0048697633411607,1.0779501450900424,0.3460063820765918,24.50262816231002,0.0054,0.45,4
0.0070272457918027,0.0049352107022242,1.1332686021801486,0.3467744621841813,24.36394535678321,0.0054,0.45,4
0.0071716875337135,0.0046126222225963,0.963354951087366,0.2796776507862903,24.833305745480683,0.0054,0.45,4
0.0071477382145046,0.0047397943692646,1.0212926890196898,0.3122827065675685,24.66915614437796,0.0054,0.45,4
0.0071803021112618,0.0042195338918115,0.8118142760657804,0.1632646881918771,25.21965220944592,0.0054,0.45,4
0.0071864464772735,0.0044847505593065,0.9088604590607982,0.2443631618634584,24.99585422650455,0.0054,0.45,4
0.0071852316839572,0.0043459176297423,0.8564539754085913,0.2024983326993707,25.135054585870662,0.0054,0.45,4
0.0070951516701264,0.0045322947968995,0.9541244449277562,0.2449818777230175,24.854802314507104,0.0054,0.45,4
0.0071035790781844,0.0041876679565443,0.8240542928471968,0.1430376962776133,25.14034001776529,0.0054,0.45,4
0.0070692241908624,0.0041225910960218,0.8119572073596449,0.1185288558318053,25.16443284610674,0.0054,0.45,4
0.0070682068574566,0.0051442751062094,1.208300001057899,0.4060440045264432,24.080032902604845,0.0054,0.45,4
0.0069892365861218,0.0050531596718909,1.1907259144266744,0.3711606615444866,24.20139812948044,0.0054,0.45,4
0.0070104478731189,0.005282158552716,1.278147483132546,0.4295597618776371,23.866097921390004,0.0054,0.45,4
0.0069559138589039,0.0054190352141016,1.3448082832674746,0.4514233742933142,23.67528903056117,0.0054,0.45,4
0.0069049986967727,0.0055445454684591,1.4041047255145795,0.469695557643721,23.492831087104047,0.0054,0.45,4
0.0066817461208945,0.0060337310933447,1.6130685597429295,0.523243190520717,22.83894429523364,0.0054,0.45,4
0.0067510373003337,0.0059239541309848,1.5671558809417012,0.5156668825574258,22.98392620740051,0.0054,0.45,4
0.0068590592435557,0.0056625282122983,1.457161230271115,0.4858747845809991,23.31057941396735,0.0054,0.45,4
0.0068136115404756,0.0057906955011664,1.5113729616017872,0.5023172224442884,23.14966609973581,0.0054,0.45,4
0.0062770088548327,0.0065515878829755,1.792304007071141,0.5426556971335312,22.471738532531045,0.0054,0.45,4
0.0061963401662689,0.0066640577281925,1.8192767559668743,0.546924077276267,22.42598824388461,0.0054,0.45,4
0.0061103114679481,0.0067762550540257,1.84257998605373,0.5505636861952944,22.34629049562354,0.0054,0.45,4
0.0065873873885527,0.0060275769471339,1.6254936128871686,0.5098383664182331,22.926622723656426,0.0054,0.45,4
0.0065085859816524,0.0060814294188691,1.6531666877199471,0.5079221786720699,22.925475710526765,0.0054,0.45,4
0.0064254072241169,0.0061348766466322,1.6801439949060044,0.5054537770065839,22.8913230731365,0.0054,0.45,4
0.0063804327636419,0.0062317698451198,1.7111724231158012,0.5140512036233099,22.79007575654143,0.0054,0.45,4
0.0062330385486671,0.0064371846470247,1.775869510389142,0.5250398555596331,22.65108566567119,0.0054,0.45,4
0.0063084337840887,0.0063351104043308,1.7451037090117631,0.5199249867338565,22.73006760877108,0.0054,0.45,4
0.0058113728019376,0.0074154389531981,1.8865177409771767,0.5750659448070722,21.88614344881585,0.0054,0.45,4
0.0058348983796017,0.0073111495439016,1.88881186403458,0.5717107781124335,22.02996468375223,0.0054,0.45,4
0.0056635065407722,0.007485836484995,1.887448848458615,0.5749545993531192,21.9849444712396,0.0054,0.45,4
0.0055686663917241,0.0076006005833392,1.879584237482832,0.577711352670131,21.943548494300128,0.0054,0.45,4
0.0057918524175839,0.0072146885386221,1.8920850124539752,0.5654922209357632,22.149477964672176,0.0054,0.45,4
0.0060302652635285,0.0068961012259384,1.8619010593353664,0.5551751357297467,22.294339009405903,0.0054,0.45,4
0.0059460186493317,0.007009879809598,1.876516756723669,0.5588881306633816,22.230934454360405,0.0054,0.45,4
0.005870375698441,0.0071171229954653,1.886107251460034,0.5625950742859196,22.16786192555968,0.0054,0.45,4
0.0016018507357322,0.0097466790172242,0.0965834799363371,0.0664400757748217,16.914510017530702,0.0054,0.45,4
0.0015291014336988,0.0097297907067348,0.0587071483549253,0.0387487970672509,17.456952749911338,0.0054,0.45,4
0.0017652846727719,0.0097527468956674,0.2096085278797701,0.1517487741351831,16.830917819688864,0.0054,0.45,4
0.0018485277219148,0.0097182848219467,0.300191153453322,0.2153860963951843,17.124103757692595,0.0054,0.45,4
0.0019395126245868,0.0096745500499827,0.3976030904943466,0.2805168264671973,17.496841772697078,0.0054,0.45,4
0.0020434072663,0.0096237631146881,0.5005387557481004,0.3456585327041118,17.920232391809577,0.0054,0.45,4
0.0016320073550271,0.009724952171079,0.1466850889034614,0.1000973423321296,17.326423836591854,0.0054,0.45,4
0.001697857979468,0.0097014444526774,0.2224277777314455,0.1517574277797645,17.414700723428684,0.0054,0.45,4
0.0054371148102769,0.0076480435585537,1.877673125844215,0.5793328603505331,22.010392687451407,0.0054,0.45,4
0.0053228346993069,0.0078585667758952,1.845149677802616,0.5850582986561444,21.860037559076265,0.0054,0.45,4
0.0053356071389046,0.0077469648650735,1.8651482908273287,0.5827756982760889,21.99882332973672,0.0054,0.45,4
0.0052013696052592,0.0079255386346545,1.8327024457882224,0.588845338501533,21.90006337769739,0.0054,0.45,4
0.0050844634336619,0.0080066798701206,1.814460685401633,0.5932225424018288,21.89789407430462,0.0054,0.45,4
0.0049663908657246,0.0080888201527983,1.7930757481939477,0.598178692464431,21.89677984680793,0.0054,0.45,4
0.0048494468808401,0.00817038886856,1.7688597759344076,0.6034805449065753,21.883553775923183,0.0054,0.45,4
0.0040598402697817,0.0087280572703032,1.5186950008482458,0.6372013163530093,21.41806408244996,0.0054,0.45,4
0.0041675169847826,0.008652390111408,1.5618169581685404,0.6339895358053554,21.549678491574003,0.0054,0.45,4
0.0042779059747786,0.0085738288978476,1.6033492319169598,0.629924860824742,21.64001437532794,0.0054,0.45,4
0.0043903722298858,0.0084940083193005,1.6423439679521368,0.6251878357925139,21.71614864241889,0.0054,0.45,4
0.0045040466479067,0.0084134187256825,1.6785184576213712,0.6199929063447708,21.77745864555789,0.0054,0.45,4
0.0047337287393634,0.008251593844286,1.741745117349584,0.6089701559035595,21.859665111281974,0.0054,0.45,4
0.004618566955604,0.0083325822964849,1.7116530619036876,0.6145275940604029,21.82489667139622,0.0054,0.45,4
0.0035710949818049,0.0089406541817852,1.366876499380112,0.6482506983829851,21.06245509350952,0.0054,0.45,4
0.0039418694973315,0.0087898864106758,1.4794514462906003,0.6409605329364623,21.34771352790384,0.0054,0.45,4
0.003803192926295,0.0088654288161745,1.4287408597035134,0.64393464464432,21.242347512748808,0.0054,0.45,4
0.0036682837566796,0.0088690229653233,1.417947549621327,0.6494575947750691,21.25022249554324,0.0054,0.45,4
0.0021509843980518,0.0095761597631559,0.5933411886190091,0.4012397923571055,18.27847237846682,0.0054,0.45,4
0.0028228212612777,0.0093376965815248,0.9884873444775996,0.5888231456347909,19.714423732645013,0.0054,0.45,4
0.0026901724036416,0.0094053304911564,0.9060620551209304,0.5615946860775934,19.39487937079437,0.0054,0.45,4
0.0022489845755536,0.0095400600446155,0.6643346393072765,0.4423340395822649,18.514506810350785,0.0054,0.45,4
0.0023507420214218,0.0095063198329776,0.7292247287074497,0.4781260271183861,18.749558080499188,0.0054,0.45,4
0.0024571561208267,0.0094746026156566,0.7890183200643835,0.5092341865207376,18.971291198267817,0.0054,0.45,4
0.0025726755690729,0.0094464771628185,0.8437315581338432,0.5361354828926413,19.10844956735836,0.0054,0.45,4
0.0034395621412779,0.0089639606185548,1.3415981418736125,0.6498331636031488,21.074498829082064,0.0054,0.45,4
0.0034914689050521,0.0088655586666875,1.4094143691377043,0.6554433162193726,21.3531113132499,0.0054,0.45,4
0.003382068758017,0.0090776966335068,1.2601410603999983,0.6407023766520182,20.77003544753612,0.0054,0.45,4
0.0030649536708298,0.009284956331764,1.0710294992443743,0.611651890358515,20.007380447984705,0.0054,0.45,4
0.0032574438001433,0.0091267901281484,1.2126412300893696,0.636226127516481,20.609137034639986,0.0054,0.45,4
0.0031429307704715,0.0091733983999418,1.16514734174539,0.6293983258950434,20.404172807136664,0.0054,0.45,4
0.0029278356694559,0.0092318331967804,1.0907286671301095,0.6137345422580448,20.20210775251536,0.0054,0.45,4
0.0068753739239891,0.0024995346413222,0.5129609290145033,-0.3346074926326574,24.25604829635036,0.0054,0.45,4
0.0068299863008749,0.0023580948787286,0.5115970066440755,-0.3627592899852847,24.02470658349875,0.0054,0.45,4
0.0067847029368598,0.0022166980181157,0.5121913352760639,-0.3875395115454413,23.78554832724186,0.0054,0.45,4
0.0067395668457661,0.0020753205287221,0.5146318701744907,-0.4088164447023932,23.540671591737176,0.0054,0.45,4
0.0066945363473924,0.0019339281106913,0.5188288067200748,-0.4264845441632168,23.292646118308443,0.0054,0.45,4
0.0071687977270283,0.0038845296932171,0.703801055128063,0.0582455369484907,25.391370563001008,0.0054,0.45,4
0.0070850037432463,0.0040061301131035,0.7681629470386077,0.0850745978152034,25.241322746449576,0.0054,0.45,4
0.0071207405883136,0.0037408892820821,0.6759245457723201,0.0084207244232584,25.34893449396864,0.0054,0.45,4
0.007075452056064,0.0035972842208581,0.6501808300742824,-0.0399931065988635,25.29041321017733,0.0054,0.45,4
0.0070336268146434,0.0034540731639778,0.6264311367942911,-0.0865244403620454,25.204686952857063,0.0054,0.45,4
0.0069912454647346,0.0033120822322051,0.6059625392196385,-0.1310992492055296,25.09399489844698,0.0054,0.45,4
0.0069489360752436,0.0031695951640768,0.5880217740480783,-0.1738681504656849,24.962289753622944,0.0054,0.45,4
0.0069044920936918,0.0030277012434439,0.573311618924428,-0.2144530116243869,24.805524308550712,0.0054,0.45,4
0.0068593644865617,0.0028860744222859,0.5612035099375218,-0.2525388811538676,24.62895052152729,0.0054,0.45,4
0.0068140732342523,0.0027445634999078,0.5513967140191375,-0.2878884561758153,24.436129795233743,0.0054,0.45,4
0.0067688538216475,0.0026031563882397,0.5437137894596603,-0.3202823229612395,24.229745153042487,0.0054,0.45,4
0.0070279668822643,0.0048006108538313,1.0788889265529331,0.3107806801752917,24.5292134840449,0.0054,0.45,4
0.0069250677882858,0.0049757968263474,1.1761467500305178,0.3413181551438983,24.278347751914456,0.0054,0.45,4
0.0069186341868293,0.0048713039650271,1.1365168628285092,0.3128762247821757,24.401222959392413,0.0054,0.45,4
0.0070315858436572,0.004648194111149,1.0175077726117243,0.2688770761542781,24.69477763989257,0.0054,0.45,4
0.007090376104909,0.0042840806118241,0.8624651301473737,0.170513446563795,25.059484193715736,0.0054,0.45,4
0.0070891122799512,0.0044157086325677,0.9115071904321524,0.2097794707543761,24.965919582715475,0.0054,0.45,4
0.0069842278336873,0.0045085429883604,0.9772484943394728,0.2216173694301911,24.798138855859552,0.0054,0.45,4
0.0070178980739314,0.0042019197125837,0.85500922097094,0.1355533178551844,25.060991683188675,0.0054,0.45,4
0.0069846850635142,0.0040876799466224,0.8257086749204127,0.0965525817376827,25.08944144138326,0.0054,0.45,4
0.0068634273518174,0.0050687340684843,1.2284667055905578,0.3552745458595512,24.143551863175933,0.0054,0.45,4
0.0069236505058767,0.0051769957760994,1.2563952954853328,0.3912993467247367,24.016920592173687,0.0054,0.45,4
0.00686884364324,0.0053059767466746,1.3198386605472463,0.4129295649644499,23.847327069040976,0.0054,0.45,4
0.0068206128346506,0.005438883328966,1.381511038537276,0.4348844206002881,23.66907336048082,0.0054,0.45,4
0.0067746378732369,0.0055660367638583,1.4383665095742233,0.4543645665137687,23.48601777867072,0.0054,0.45,4
0.0066244874629787,0.0059368962517548,1.5917993174688647,0.5003813107998023,23.040721710908688,0.0054,0.45,4
0.0066787450536205,0.0058192361684224,1.544629826543648,0.4879574218883057,23.185146405011093,0.0054,0.45,4
0.0067288671318,0.0056924040806397,1.4923622652233917,0.4721577466412319,23.333455372571663,0.0054,0.45,4
0.0061583659442298,0.0065393998237983,1.8034750660462864,0.5300401260469306,22.600217467204512,0.0054,0.45,4
0.0060461405635634,0.0066348497369375,1.830995605172708,0.5310167868220486,22.576148148536475,0.0054,0.45,4
0.0059694294842972,0.0067644831526138,1.854899253833681,0.5388533353486727,22.499477062001123,0.0054,0.45,4
0.0065164756373509,0.0059693109544372,1.619495848648567,0.4911847991643072,23.0723718237585,0.0054,0.45,4
0.0064085456163939,0.0060315631023007,1.655035751472972,0.4871979418696174,23.023046391275923,0.0054,0.45,4
0.0063075242085133,0.0061219815524107,1.695003857107791,0.4888957627564761,22.99870021919621,0.0054,0.45,4
0.0062709770200618,0.0062363493415542,1.7280441913906042,0.501953862071236,22.880591887943915,0.0054,0.45,4
0.0061312860684974,0.0064343784589712,1.7883981914956606,0.5143014031529303,22.75593403347318,0.0054,0.45,4
0.0061721528921657,0.0063237969420799,1.761409332935006,0.5034805539564037,22.82856824358271,0.0054,0.45,4
0.0057085160233525,0.0073240423818683,1.8945630124764623,0.569054923478625,22.10515299410863,0.0054,0.45,4
0.0055810284815662,0.0073798027999579,1.8982031130189108,0.5689912708608132,22.167483400999103,0.0054,0.45,4
0.0054935765367188,0.0074935140589125,1.8935674070781747,0.5735374763327882,22.111561187277168,0.0054,0.45,4
0.0057613623215373,0.0071166270711743,1.8937378200342792,0.5577340697236551,22.29406998449977,0.0054,0.45,4
0.0056765423131706,0.0071810654434308,1.8999450275855592,0.5591198986427167,22.290422771393896,0.0054,0.45,4
0.0058905061277077,0.0068786929060058,1.872792998912005,0.5446194009389043,22.43263823803001,0.0054,0.45,4
0.0057982848103485,0.0069987278948686,1.887817252941735,0.5500946043058433,22.40375530940737,0.0054,0.45,4
0.001532607317115,0.0096989012249942,0.102550496817505,0.0661550473972492,17.59103617851017,0.0054,0.45,4
0.0014611509412166,0.0096854836221156,0.0620052563276094,0.0383823381128698,18.147226868336865,0.0054,0.45,4
0.0015623743959588,0.0096777828247246,0.1538202745332164,0.0986567109787792,17.98541492479404,0.0054,0.45,4
0.0017795679072275,0.0096647447424192,0.3179555863347386,0.2153359377227892,17.690869659453345,0.0054,0.45,4
0.0018708400042584,0.0096174348449092,0.4229625778337862,0.2821520255579786,18.06357484439173,0.0054,0.45,4
0.0019740449990642,0.0095628573818376,0.5327220860805882,0.3482836015224129,18.457546656842315,0.0054,0.45,4
0.0020763065771778,0.0095146644266922,0.6262520511093549,0.4023520940823877,18.798587744502925,0.0054,0.45,4
0.0016289726211543,0.0096522343582696,0.2352833445150186,0.1510624004989764,18.037030814507656,0.0054,0.45,4
0.0017094504250954,0.0096129930798102,0.3364251323083395,0.21473114543751,18.29050808663482,0.0054,0.45,4
0.0014632656176419,0.0096543636747091,0.108053652098567,0.0653303902411796,18.283948510245995,0.0054,0.45,4
0.0013919182214623,0.0096432085665125,0.0653119104546699,0.0378354509724603,18.90520793525332,0.0054,0.45,4
0.0053622206655991,0.007546894122578,1.8936138627138923,0.5753422947710146,22.202308367409863,0.0054,0.45,4
0.0052884354542646,0.0076439656194926,1.8834679431586343,0.5799275576209376,22.1273739884555,0.0054,0.45,4
0.0052043464232931,0.0077684289991691,1.8650357448419168,0.5855962413274712,22.0946083996628,0.0054,0.45,4
0.0050725331386254,0.0078623473738262,1.8492203324929373,0.5910645552180624,22.10910269781593,0.0054,0.45,4
0.0049545800054877,0.0079480567947642,1.8314517463257929,0.5966722781940629,22.09825390499908,0.0054,0.45,4
0.0048373919141881,0.0080313352474025,1.8111295214546896,0.6026149999362036,22.091395289778017,0.0054,0.45,4
0.0047216255928508,0.0081140289054551,1.7878164408547554,0.6088007446467341,22.074587390217825,0.0054,0.45,4
0.0039701032884646,0.008675418338867,1.542693386011704,0.6443567904847721,21.619359415435536,0.0054,0.45,4
0.0040549489717933,0.0086035822720545,1.5826211075331509,0.6420477299096242,21.74128856340582,0.0054,0.45,4
0.0041584991684053,0.0085237304127399,1.6241830870533212,0.6380580972191199,21.81557956062969,0.0054,0.45,4
0.0042680888873812,0.0084422274882919,1.6633092067007829,0.6330574553926415,21.893219620124945,0.0054,0.45,4
0.0043799496797531,0.0083603556986366,1.6992752753396123,0.6274042175454664,21.957980136736893,0.0054,0.45,4
0.0044930810185741,0.0082783430866128,1.7319937022700238,0.6213460480552936,22.00911082651816,0.0054,0.45,4
0.004607036886327,0.0081962679897004,1.7614777714826142,0.61508677935789,22.04740213234007,0.0054,0.45,4
0.0035806704458453,0.0088163054041308,1.445401704170315,0.6556354995153285,21.495890681928845,0.0054,0.45,4
0.0038317670174084,0.0086852613159969,1.5328564892628955,0.6512490225246638,21.655437827479545,0.0054,0.45,4
0.0036976613772269,0.0087620013726949,1.4835465177583576,0.6540173021377965,21.5592721498482,0.0054,0.45,4
0.0033819919735664,0.0088496621852826,1.4136323546255112,0.6585918212994603,21.444356816916653,0.0054,0.45,4
0.00347363239751,0.0087657106246841,1.4724130236749078,0.660776847797525,21.666703268391345,0.0054,0.45,4
0.0028168082643326,0.0091937162402313,1.1045769120114102,0.612329039672777,20.35098025850849,0.0054,0.45,4
0.0021755400813258,0.0094728393180511,0.7048166673373383,0.4459279378744325,19.007921964178376,0.0054,0.45,4
0.0027028252313983,0.0092687916427956,1.023538389637381,0.5900328081980004,20.024502655275857,0.0054,0.45,4
0.0025924501122409,0.0093265904545939,0.952598222323689,0.5661054136383931,19.72145829916134,0.0054,0.45,4
0.0022745494378207,0.0094324547601601,0.7760338459695671,0.4832042175909309,19.2657638882972,0.0054,0.45,4
0.0023814222375768,0.0093990656309243,0.8377228299083624,0.5150937849726209,19.408349412235868,0.0054,0.45,4
0.0024861152476887,0.009367661893569,0.8926116069325457,0.5415578451432103,19.581776811534464,0.0054,0.45,4
0.0032820920265353,0.0089707760521161,1.3245698347086616,0.651491098166681,21.115090277297664,0.0054,0.45,4
0.0030308583579596,0.0091423503324164,1.17410828633138,0.6305822460704843,20.574301462796043,0.0054,0.45,4
0.0031371016175647,0.0090512934862909,1.2540659922058597,0.6433762598713595,20.8763916270366,0.0054,0.45,4
0.0029066137910584,0.0090883128233797,1.2010622349875344,0.6319788849130618,20.79272240979569,0.0054,0.45,4
0.0027895231762397,0.0090888167753111,1.1866445265414127,0.624342192709407,20.856369264528976,0.0054,0.45,4
0.0032448759159715,0.0088194347864802,1.4270774686802048,0.661020873339864,21.61099685680836,0.0054,0.45,4
0.0067236472053195,0.0024617321435382,0.5380447379192831,-0.3495638122034597,24.01180784064073,0.0054,0.45,4
0.0066784522728448,0.0023203033239214,0.5342910361912696,-0.3755610899261701,23.7844850271258,0.0054,0.45,4
0.006633347544179,0.0021789109990822,0.5323497808467482,-0.3981184959952114,23.55006892508033,0.0054,0.45,4
0.0065883308638256,0.0020375194502018,0.5321352660803419,-0.4171197221372725,23.3104357963018,0.0054,0.45,4
0.006543350468238,0.0018961310970438,0.5335771770048853,-0.4324672498690654,23.06806967029193,0.0054,0.45,4
0.0070366208380287,0.0038534877107647,0.7347157954370761,0.0324072835765097,25.212700629504813,0.0054,0.45,4
0.0069530440706241,0.0039609399780166,0.7936048349835877,0.0540781892798116,25.107680816534494,0.0054,0.45,4
0.0069794472168596,0.0037060465645648,0.70847897923365,-0.0187967237720643,25.17007004152276,0.0054,0.45,4
0.0069315758865042,0.0035583461582523,0.6821153784939763,-0.0675963816777677,25.08658629499645,0.0054,0.45,4
0.006885498111153,0.0034144212734926,0.6589178489393411,-0.1135067351540477,24.991281964142843,0.0054,0.45,4
0.0068415007211907,0.0032726296013827,0.6381096284317344,-0.1567538183019445,24.87163196982189,0.0054,0.45,4
0.0067973007807062,0.0031309777320489,0.6197190268478526,-0.1978921750766458,24.73203804638696,0.0054,0.45,4
0.0067526037795994,0.0029895357280626,0.6037290475531797,-0.2366715633792689,24.5719420280771,0.0054,0.45,4
0.0067074999453332,0.0028481101405468,0.5899600447909995,-0.2728830113525172,24.394127826807846,0.0054,0.45,4
0.00666236485305,0.0027067149550106,0.5782196726972102,-0.3062677213696438,24.201410618475403,0.0054,0.45,4
0.0066172864332594,0.0025653274874458,0.5683935340486485,-0.3366260212243291,23.99607006992662,0.0054,0.45,4
0.0069067117292849,0.0047385397427378,1.0877688554216125,0.2749591054711022,24.54233780370386,0.0054,0.45,4
0.0068267950241398,0.0049505757243692,1.1917306398496017,0.3192847632983404,24.28547245892285,0.0054,0.45,4
0.006802322110019,0.0048250873336531,1.1497037303201196,0.2821783367135641,24.4069855153781,0.0054,0.45,4
0.0068857036024067,0.0046021137544399,1.0411247233823302,0.2334882637085573,24.66282837572677,0.0054,0.45,4
0.0069659755681289,0.0043335430589901,0.9175990614337178,0.1675504243198273,24.91617870645876,0.0054,0.45,4
0.0068570561919002,0.0044560661722862,0.994555787575793,0.1872844840262786,24.75543725505096,0.0054,0.45,4
0.0069093013220661,0.0041967360230639,0.8857199189869921,0.1187298322188924,24.948809146549124,0.0054,0.45,4
0.0068728760602119,0.0040720065413612,0.8539698623070094,0.0764771457809099,24.96145365265704,0.0054,0.45,4
0.0068389009664044,0.0039623238856701,0.8280410161573094,0.0393173606570446,24.968119764023868,0.0054,0.45,4
0.0067426422792951,0.0050448538929957,1.249605847303143,0.3300970761975939,24.180298121863647,0.0054,0.45,4
0.0067721572032365,0.0051859726794109,1.2962930893981242,0.3696629397094849,23.99320563250616,0.0054,0.45,4
0.0067302433719006,0.0053328099572689,1.361651902730234,0.3974074694874455,23.81863774167856,0.0054,0.45,4
0.0066890126667123,0.0054648906817607,1.419426335673169,0.4202378805826199,23.65605474616412,0.0054,0.45,4
0.0066452721829201,0.0055929679541553,1.4740679568874702,0.4402883137958768,23.50100046844094,0.0054,0.45,4
0.0065537960355534,0.005849040826396,1.5763375703898108,0.4756000712250424,23.218227165395884,0.0054,0.45,4
0.0066006656254705,0.0057224296604808,1.5267986046560214,0.4590489351950067,23.354406625310418,0.0054,0.45,4
0.0060463625340392,0.0064951308131727,1.810063700742344,0.5140992947452121,22.765193133424216,0.0054,0.45,4
0.0059540808944517,0.0065504596247164,1.83029777468603,0.5127958661442467,22.764154903553347,0.0054,0.45,4
0.0058414349040769,0.0067497233031055,1.8672132136430093,0.5279151138410442,22.627797201386965,0.0054,0.45,4
0.0059019174366014,0.0066507445016606,1.84972701241354,0.5208295395345148,22.71388619983264,0.0054,0.45,4
0.0064160436265765,0.0058893623974966,1.6132164418921595,0.4639024628604318,23.226454209326565,0.0054,0.45,4
0.0063014699261118,0.0059868805330776,1.6608546548613916,0.465772343205412,23.19211627364243,0.0054,0.45,4
0.0062145780371423,0.0060581787706176,1.6942146371341311,0.4669812424128482,23.15411924208498,0.0054,0.45,4
0.0061698988747921,0.0061760849350426,1.7297536995244993,0.4809623148735227,23.061758244608768,0.0054,0.45,4
0.0060484473070995,0.0063745915892078,1.788779769465532,0.4977359930590799,22.90457578818942,0.0054,0.45,4
0.006073232837208,0.0062706069313345,1.7651724813863887,0.4848188300301698,23.031339237582497,0.0054,0.45,4
0.0055751343023399,0.0072628572334858,1.9048998519332627,0.5617160755842453,22.28072662012589,0.0054,0.45,4
0.0054679220287703,0.00734795693242,1.9073345187191195,0.5649276903147097,22.36105980537008,0.0054,0.45,4
0.0053607111485476,0.0074325406829933,1.9068811976898468,0.5689878151619107,22.325637675413173,0.0054,0.45,4
0.005670973466723,0.0070546920535731,1.9004009168311309,0.5486052596251246,22.471996630980858,0.0054,0.45,4
0.0055627526223978,0.0071321303084365,1.909767806128709,0.5510095130788178,22.47382185157814,0.0054,0.45,4
0.0057576036546635,0.0068532420499109,1.884426904893355,0.5336190744562151,22.62704534617793,0.0054,0.45,4
0.0056591374477079,0.0069317582627109,1.8985675406528617,0.5361910978926666,22.614619278695685,0.0054,0.45,4
0.0057249121573565,0.0067480974066299,1.880808584966424,0.5193582663867881,22.76660127784432,0.0054,0.45,4
0.0014928623280839,0.0096325751113383,0.1622288755405657,0.0976203386172111,18.6774376401673,0.0054,0.45,4
0.0015586735022648,0.0096051105175996,0.2481573748283158,0.1497003751954194,18.70478208905249,0.0054,0.45,4
0.0017992441115598,0.009563244869378,0.4469698922709287,0.2815256997631174,18.62531762326015,0.0054,0.45,4
0.0018986260969179,0.00950852836464,0.5584419024984096,0.3459236916064165,18.98332965622001,0.0054,0.45,4
0.0019991619722578,0.0094555334732853,0.6590546382960915,0.4013671140064584,19.272261148397007,0.0054,0.45,4
0.0020916413363477,0.009418439800329,0.7320911533766986,0.4417522684413488,19.489298475248347,0.0054,0.45,4
0.0016382103382388,0.0095636793637655,0.3547907661464958,0.2131424015427267,18.93025639135926,0.0054,0.45,4
0.0017275224831036,0.0095119540759493,0.4709472620633416,0.2798780902155426,19.24103914655321,0.0054,0.45,4
0.0013944392542474,0.0096128794853926,0.1135312403284197,0.0643048100050491,19.01692907557703,0.0054,0.45,4
0.0013214641170275,0.0096030026071078,0.0686257185809979,0.0371077713413843,19.69592823541529,0.0054,0.45,4
0.0014234883871582,0.009589204605049,0.1720984658693058,0.0969700331052009,19.411430951159904,0.0054,0.45,4
0.0013240421325112,0.009573129784835,0.119119843692459,0.0630245921539475,19.784471737824784,0.0054,0.45,4
0.00124985062148,0.0095649009054318,0.0719236188079951,0.0362101392672992,20.541377593298865,0.0054,0.45,4
0.0052565904930622,0.007516268104848,1.903502180807625,0.573469892626625,22.3732448607908,0.0054,0.45,4
0.0051568800970074,0.0076226544886559,1.8932097130583951,0.5798527137941255,22.32509022339764,0.0054,0.45,4
0.0050527648296861,0.0077189652365842,1.880774620771812,0.5859533919798813,22.286371486952863,0.0054,0.45,4
0.0049376745066177,0.0078064144592099,1.867105328422016,0.5921650049369883,22.30547453563252,0.0054,0.45,4
0.004823557708884,0.0078914260445004,1.8507107136526355,0.5987176982431276,22.300026802806503,0.0054,0.45,4
0.0047081169109787,0.00797553547621,1.831398606729865,0.6056024126668133,22.29166970288261,0.0054,0.45,4
0.0045937202979659,0.0080591632869418,1.808945190319095,0.6126520865956562,22.27239888912334,0.0054,0.45,4
0.0039284187427751,0.0085654087815642,1.599881870813694,0.6492831554391083,21.86832550232305,0.0054,0.45,4
0.0040365272858061,0.0084777066340763,1.6453258872005214,0.6448003319689218,21.99166098887888,0.0054,0.45,4
0.0041451728658443,0.0083929902982008,1.6855617540473975,0.6394283195066675,22.07728857282501,0.0054,0.45,4
0.0042557008271525,0.0083091511285766,1.721769345885489,0.6333045356509377,22.14668483317532,0.0054,0.45,4
0.0043675257729742,0.0082257105284197,1.7542840769553998,0.6266656394078859,22.201451298483907,0.0054,0.45,4
0.0044802930825993,0.0081424356827744,1.7832952116589575,0.6197196834746962,22.242784529279955,0.0054,0.45,4
0.0035809177372811,0.0086952688714414,1.5196155391998418,0.6602316097424263,21.79339300302809,0.0054,0.45,4
0.003802082395914,0.0085302559781943,1.6175633311748625,0.6550013209384461,22.04150754637761,0.0054,0.45,4
0.0036922893312817,0.0086204094982052,1.566227981008544,0.6582750270153763,21.879354418931992,0.0054,0.45,4
0.0033506789264014,0.0087238281878628,1.495470694431135,0.6641137313810899,21.834393374347595,0.0054,0.45,4
0.0034560664242619,0.0086436404074243,1.5489555775424169,0.6642507339063685,22.01364582485273,0.0054,0.45,4
0.0032238580403064,0.0086826614329079,1.520136957345137,0.6653404176972004,22.069059342487503,0.0054,0.45,4
0.0027015202001289,0.0091452941293959,1.1278645421871307,0.6097641966573484,20.640713711478497,0.0054,0.45,4
0.0021868400127755,0.009353018606726,0.8290022470957263,0.4863907206400082,19.795102172374584,0.0054,0.45,4
0.0025931799767545,0.0092041211404619,1.0601023246141656,0.5892621815847764,20.424518941925523,0.0054,0.45,4
0.0025083687017067,0.0092736899871358,0.9823127830134346,0.5653425819896931,20.11156637324732,0.0054,0.45,4
0.0023037732959447,0.0093234187962787,0.8897753588663947,0.5193883527981554,19.8451594751312,0.0054,0.45,4
0.0024072858878028,0.0092836416367356,0.9520234145149394,0.547737527383939,20.07014596688528,0.0054,0.45,4
0.0031298399723456,0.0089088320092169,1.3572974225947012,0.6551313573636812,21.36302573286135,0.0054,0.45,4
0.0030206346003306,0.0090022523709739,1.2794595896923548,0.645398794026062,21.07914029152045,0.0054,0.45,4
0.0029169527723783,0.0089645024909506,1.2994421044519535,0.6445988559973943,21.31607594342817,0.0054,0.45,4
0.0028193609827787,0.0089958157673048,1.2657269248266183,0.6366460977308092,21.23248824433241,0.0054,0.45,4
0.0027119517903004,0.0090313742315128,1.2254040479003263,0.6251880119253627,21.20269895809152,0.0054,0.45,4
0.0031160673702912,0.0087685035164622,1.4576227112463795,0.6620731466785098,21.854649337701577,0.0054,0.45,4
0.0065721912381366,0.002423901195173,0.5604053730680235,-0.3637925294557416,23.780037785015782,0.0054,0.45,4
0.0065271223709912,0.0022824944120849,0.5541749122630993,-0.3875971527383628,23.5554935215448,0.0054,0.45,4
0.006482120721623,0.0021411061884827,0.5496243220570364,-0.4079060962423911,23.32445859314822,0.0054,0.45,4
0.0064371502854423,0.0019997217701099,0.5466937334782872,-0.4246130076151373,23.088720838919187,0.0054,0.45,4
0.0063921913800234,0.0018583361328852,0.5453282750470132,-0.4376333093055234,22.8506335884474,0.0054,0.45,4
0.0068742253982107,0.0038311067898783,0.7764359405636131,0.005200625722877,25.038898484432053,0.0054,0.45,4
0.0068322432797941,0.0036622283200886,0.7390778247627813,-0.049267574552098,24.97868276303876,0.0054,0.45,4
0.0067817420618809,0.0035177323985704,0.713974273812119,-0.0961718415815405,24.895676099829064,0.0054,0.45,4
0.0067359000848141,0.0033751287387497,0.6902680998048866,-0.1402746493641822,24.788858288138503,0.0054,0.45,4
0.006690892679327,0.0032340870604843,0.6688469179249869,-0.1818945899194679,24.66243431186728,0.0054,0.45,4
0.0066460647022923,0.003092796050513,0.6493556019474095,-0.2213423412255073,24.516504058159285,0.0054,0.45,4
0.0066010474326036,0.0029515685272715,0.6318833528411036,-0.258322179862802,24.35270736822653,0.0054,0.45,4
0.0064659275516112,0.0025274902473188,0.5903988243657241,-0.3522968551577474,23.773863544571643,0.0054,0.45,4
0.0065559659686987,0.0028102418620682,0.6162858653005063,-0.2926248648519669,24.172828682508776,0.0054,0.45,4
0.0065109393522,0.0026688845555958,0.6024776768681114,-0.3240117859801216,23.979226549795303,0.0054,0.45,4
0.0067784631886822,0.0046943604215804,1.1062529912913608,0.2427131967137061,24.519827572347424,0.0054,0.45,4
0.0067086764279452,0.0049176782458673,1.209965343141664,0.291928373920044,24.294478899761284,0.0054,0.45,4
0.0066817374860525,0.0047876834835345,1.1679986796526654,0.2530218162253263,24.403521385159184,0.0054,0.45,4
0.0067521321971144,0.0045552939366663,1.0613984091776214,0.1996466628858139,24.619881286832264,0.0054,0.45,4
0.0068265122497565,0.0043095985929782,0.950070503352082,0.1400586018649762,24.83279097106868,0.0054,0.45,4
0.0067321430216832,0.0044181338577228,1.016662169626834,0.157479974425124,24.693605272671928,0.0054,0.45,4
0.0067889437917351,0.0041737368789858,0.9133591314232806,0.0947335897118964,24.86246549140307,0.0054,0.45,4
0.0067529734209311,0.0040429500338892,0.8796449084028976,0.0513054540471287,24.87868199556729,0.0054,0.45,4
0.0067388968152036,0.0039039819465032,0.8386896461482056,0.0089187663357048,24.88691834940406,0.0054,0.45,4
0.0066119981857665,0.0050127982761042,1.2708131829285,0.3012188935310221,24.17890583774117,0.0054,0.45,4
0.0066553292201004,0.0051200958172797,1.2999023211016505,0.3350565976577399,24.06675810752951,0.0054,0.45,4
0.0065994043556627,0.0053658531994992,1.4034212147582463,0.3845758981949667,23.79790724798065,0.0054,0.45,4
0.0066312804926896,0.0052352859085549,1.348423117052478,0.3592383519658562,23.94947677763517,0.0054,0.45,4
0.0065617717994255,0.0054923616755436,1.4565065287946075,0.40670593913401,23.65937548719685,0.0054,0.45,4
0.0065166780007643,0.0056196848627013,1.5092016769481524,0.4265566517129419,23.51184709187783,0.0054,0.45,4
0.0064762364248868,0.0057547554371832,1.560964719923186,0.4474090365947787,23.365917243225848,0.0054,0.45,4
0.0059398544263926,0.0064371056454053,1.8152831646312984,0.4960406360283294,22.907364389117927,0.0054,0.45,4
0.0058490793895213,0.0065313841647279,1.8418051247990128,0.5009496746050015,22.90763809162633,0.0054,0.45,4
0.0057584578538376,0.0066333564460036,1.8661180077925488,0.5072811033534063,22.87759834498843,0.0054,0.45,4
0.006362897091116,0.0057739732590356,1.588632139880546,0.4350290510124494,23.39476555063996,0.0054,0.45,4
0.0061009178471177,0.0060583879541589,1.713892604470214,0.4531005679326267,23.217081391311044,0.0054,0.45,4
0.006186746066437,0.0059589144217922,1.673801035514973,0.4460699099101086,23.262525795662217,0.0054,0.45,4
0.0062822425204082,0.0058597578248469,1.629135700795546,0.4402848240818979,23.311264182249666,0.0054,0.45,4
0.0060334633380946,0.0061733724280844,1.751401058085935,0.4647509665090936,23.138229920333703,0.0054,0.45,4
0.006019933550171,0.0060036211012259,1.715413411020687,0.433222750918906,23.35491809549348,0.0054,0.45,4
0.0059973510585853,0.0060793362026473,1.7369334611938716,0.4442216501466697,23.28195571652658,0.0054,0.45,4
0.0059436180198751,0.0062804140194627,1.787569153992296,0.4725217963693367,23.1068300790306,0.0054,0.45,4
0.0054528857859506,0.007217083625283,1.9164538719045885,0.5546268139884845,22.50273416676573,0.0054,0.45,4
0.0053441959174992,0.0073019431938873,1.9200930108216263,0.559079116837948,22.516346801727185,0.0054,0.45,4
0.005236292185879,0.0073874659013684,1.920727376692689,0.5642190806140572,22.53353449630148,0.0054,0.45,4
0.0055459708362911,0.0070082054692826,1.912025856439508,0.5383948935158626,22.64817612464928,0.0054,0.45,4
0.0054375124583403,0.0070877369653578,1.922554540397157,0.5419974621372928,22.66744134819325,0.0054,0.45,4
0.0055252041797119,0.0068817176161745,1.912232293758198,0.5230833947894787,22.79922115871742,0.0054,0.45,4
0.0056318352664947,0.0068114748722036,1.8963122121194933,0.5209364906898029,22.77663766231985,0.0054,0.45,4
0.0056261798033329,0.0066869403881976,1.8888646304259704,0.5043484062081632,22.934641033888703,0.0054,0.45,4
0.0014870048872328,0.0095600889925309,0.2610269041232066,0.147619179758498,19.41707876106532,0.0054,0.45,4
0.0015654039818722,0.0095163134260617,0.3733280222356006,0.2106395233865718,19.63457752819531,0.0054,0.45,4
0.0018241106738652,0.0094537770952336,0.5882961096516303,0.3441994470052107,19.56811934522636,0.0054,0.45,4
0.0019229904803705,0.0093975126143837,0.6943632735292778,0.4000677739806567,19.85494334979008,0.0054,0.45,4
0.0020103023615809,0.0093544054707576,0.773375529478341,0.4408013458583883,19.978072514826724,0.0054,0.45,4
0.0020949405788584,0.0093217818268478,0.834699780735369,0.4729056808148613,20.15655341815057,0.0054,0.45,4
0.0016531602634289,0.0094618540649144,0.4955417556248288,0.276972955892679,19.89791782708247,0.0054,0.45,4
0.0017470299544385,0.0094019088732512,0.616943874832662,0.3403189882343236,20.194406783087057,0.0054,0.45,4
0.0013506909829658,0.0095482842691617,0.1797734454876292,0.0945740918858125,20.19533536568436,0.0054,0.45,4
0.0014140325043525,0.0095171759925741,0.273929529765999,0.1449033823778634,20.162860219830005,0.0054,0.45,4
0.0012504802474958,0.0095344193940672,0.1247990564018832,0.0614110787105339,20.64533355589469,0.0054,0.45,4
0.0011771411127374,0.0095289353982656,0.0751730997781359,0.0351290009366842,21.40743551864217,0.0054,0.45,4
0.0012766938913017,0.0095095125393371,0.1873180211950371,0.0917999186067653,21.031760693844934,0.0054,0.45,4
0.0051280092720616,0.0074762058154652,1.917910297817765,0.5702402234147886,22.544794962447853,0.0054,0.45,4
0.0050248678566984,0.0075729737903424,1.9100784863356004,0.5774228397501283,22.524025124118904,0.0054,0.45,4
0.0049162671858798,0.0076649771780996,1.899806953589945,0.5846053604398698,22.51415013439581,0.0054,0.45,4
0.0048047820135228,0.0077512420334104,1.88749365480464,0.5918266803008595,22.51495873985544,0.0054,0.45,4
0.0046924072974782,0.0078363984545158,1.8722472513428483,0.5993633372170074,22.50945394008104,0.0054,0.45,4
0.0045786550233649,0.0079213246358704,1.8538452766520013,0.6071708986820888,22.4988655606866,0.0054,0.45,4
0.0044658031157963,0.0080057245944794,1.8322033517607623,0.6150505068141975,22.478209274660085,0.0054,0.45,4
0.0039108959921466,0.008434681546122,1.6673173681759226,0.650277728931883,22.16611894678385,0.0054,0.45,4
0.0040205283084537,0.0083459594792082,1.7092088605244629,0.6443911490178169,22.269985702531585,0.0054,0.45,4
0.0041307971528125,0.0082597410601389,1.7459699763145509,0.6377322692370605,22.344639160668617,0.0054,0.45,4
0.0042417717391293,0.0081746400966127,1.778479657847593,0.6305006948694878,22.4029772298466,0.0054,0.45,4
0.0043534335296865,0.0080900744617067,1.807145085624945,0.6228821881450529,22.446930962291663,0.0054,0.45,4
0.0035628026310407,0.008563295512705,1.5985714075774349,0.6624910211715066,22.13931363265391,0.0054,0.45,4
0.003783068610851,0.0083885276058994,1.6933133730385894,0.6540973753777091,22.384448608041385,0.0054,0.45,4
0.0036729439622578,0.008478090508922,1.6468962617186091,0.6590827628767634,22.26379640036833,0.0054,0.45,4
0.0033261081782584,0.0085948645786326,1.5790803067904198,0.6660619180668562,22.247054729413406,0.0054,0.45,4
0.0034307637826452,0.008514595313345,1.6286959074553773,0.6646112298437531,22.40040130064206,0.0054,0.45,4
0.0032018708813399,0.0085510188954094,1.608482799440391,0.6655893098498843,22.51369546082416,0.0054,0.45,4
0.0031046855908844,0.0086337516567031,1.5525166764113836,0.6644915680974366,22.320538976089107,0.0054,0.45,4
0.0025883303184987,0.0090843642862688,1.164781447429964,0.6071393802770338,21.01646707672544,0.0054,0.45,4
0.0021495267174868,0.0092402173863627,0.9347342082162974,0.5078338548938103,20.56611573002741,0.0054,0.45,4
0.0022376672232118,0.0092559244626924,0.9400498715363164,0.5225894385281373,20.412617442882187,0.0054,0.45,4
0.0024631665445001,0.0091635281767613,1.074539854492138,0.5798241028831805,20.761837346214666,0.0054,0.45,4
0.0023289310896133,0.0092068649132077,1.0084704305102987,0.5505318045260613,20.667785246405344,0.0054,0.45,4
0.0029910315265153,0.0088570965413489,1.3870219721516277,0.6552018232194143,21.685188645659192,0.0054,0.45,4
0.002853318534189,0.0088749430877276,1.3651019604036518,0.6480930936830044,21.736473429051923,0.0054,0.45,4
0.002727109697788,0.0089130374020937,1.3254337906527154,0.6375368275103558,21.68692762829912,0.0054,0.45,4
0.0026045658962679,0.0089598775268027,1.2751580743060436,0.6231445859329338,21.59521348444916,0.0054,0.45,4
0.0029978785685986,0.0087006890042917,1.5034210817889753,0.661138989903607,22.2298933926113,0.0054,0.45,4
0.0064209002690861,0.0023860816327309,0.5799946300271451,-0.3773087688425285,23.55867980499385,0.0054,0.45,4
0.0063759122556294,0.0022446926062957,0.5712032349675127,-0.3988946441188992,23.3357074926002,0.0054,0.45,4
0.006330950925442,0.0021033109824647,0.5639758463293737,-0.4169366673387267,23.10679866361353,0.0054,0.45,4
0.0062859955543537,0.0019619282144091,0.5582720510698033,-0.4313389710320317,22.873652223265086,0.0054,0.45,4
0.0062410442311842,0.0018205452847412,0.5540578670906307,-0.4420290263040071,22.638547598693105,0.0054,0.45,4
0.0067201537562608,0.0037602887109617,0.7998833533784375,-0.035028642404243,24.86826337811828,0.0054,0.45,4
0.0066757630260881,0.0036189591780243,0.7712003913071999,-0.0804459368828648,24.807490473609462,0.0054,0.45,4
0.0066302659775798,0.0034783503696867,0.7450234817324163,-0.1243026743585119,24.711791640177434,0.0054,0.45,4
0.0065848385420485,0.0033370911216217,0.7205460088101737,-0.1665115869674367,24.59785736205355,0.0054,0.45,4
0.0065397675196549,0.0031960483186723,0.6978679749496188,-0.2065446698149235,24.464641871058934,0.0054,0.45,4
0.0063146858339898,0.0024896720911493,0.6096830443451786,-0.3672955603669629,23.56118796213379,0.0054,0.45,4
0.0064947176023971,0.0030549732750468,0.6769504044228859,-0.2442448962131978,24.31342503735368,0.0054,0.45,4
0.0064496683212492,0.0029137494818486,0.6577171588058944,-0.2793974312328143,24.145539411379342,0.0054,0.45,4
0.0063596705114997,0.0026310671330675,0.6241217951280741,-0.3411196503047423,23.767525071394846,0.0054,0.45,4
0.0064046490281718,0.0027724319797995,0.6401217347125451,-0.3117602100001072,23.962922334116623,0.0054,0.45,4
0.0066490043576007,0.0046539124418249,1.1269254105153583,0.2112287869448897,24.50057838342232,0.0054,0.45,4
0.0065863809569898,0.0048838671442836,1.2294773476722864,0.2636061780972789,24.29612401330159,0.0054,0.45,4
0.0065584028827528,0.0047534883781611,1.1886491833006283,0.2242505592701578,24.395627083922843,0.0054,0.45,4
0.0064941232496624,0.0049823202274765,1.2898251757718286,0.2746544907624382,24.2030156484718,0.0054,0.45,4
0.0066104228190627,0.0045071769724912,1.083711558803783,0.1642094347687286,24.57941158452868,0.0054,0.45,4
0.0067063616532886,0.0042778913868941,0.9738026091413368,0.1131061175910709,24.75616956728324,0.0054,0.45,4
0.0066172735792721,0.0043623956240362,1.029487055923127,0.1241161528147434,24.664268293377543,0.0054,0.45,4
0.0066667147203586,0.0041413031122382,0.9378754947005205,0.0677381665123612,24.78015843147617,0.0054,0.45,4
0.006632326882847,0.0040043287226335,0.9018901755708908,0.0233340437733674,24.782045369991263,0.0054,0.45,4
0.0066017412154281,0.0038615367619521,0.8646887969168006,-0.0216399970678751,24.754039448545083,0.0054,0.45,4
0.0065290616530481,0.0051307174647972,1.3350736610214378,0.3177772745732992,24.06324559129879,0.0054,0.45,4
0.006479900025526,0.0053968247787417,1.441373136037124,0.3731664458190344,23.782522275967008,0.0054,0.45,4
0.0065042203608761,0.005272945339249,1.3922135577096004,0.3482825778320615,23.91511982846288,0.0054,0.45,4
0.006439669007039,0.0055126390043676,1.4897518629630249,0.3926464685571343,23.660235585755256,0.0054,0.45,4
0.0063804180147352,0.0056431497761382,1.5446620847350423,0.4114668351033432,23.5404484004375,0.0054,0.45,4
0.0058194370922893,0.0063862380608229,1.8253469045772228,0.4767098667033651,23.10986990648377,0.0054,0.45,4
0.0057185678211012,0.0064829621898057,1.8545445868341983,0.4823769242552642,23.09281279294533,0.0054,0.45,4
0.0056196561404079,0.0065621735044962,1.878513481674107,0.4860861425742406,23.086033337140083,0.0054,0.45,4
0.0062594516173512,0.0057250443681646,1.594497836270958,0.4108789069342834,23.520201744045945,0.0054,0.45,4
0.0060875144713499,0.005935063117883,1.686031566301988,0.4289330606197369,23.38449360300784,0.0054,0.45,4
0.0061631883734624,0.005837707729931,1.6458169065152213,0.4201078153241477,23.44612861575663,0.0054,0.45,4
0.0059812940130699,0.0059241534568235,1.703779765251333,0.4132468242621261,23.44451937624504,0.0054,0.45,4
0.0059331626292182,0.006022944204568,1.7362133851845287,0.4262458075158524,23.405903404693458,0.0054,0.45,4
0.0058992779283237,0.0061383553252001,1.767237156111301,0.4435526054620929,23.29155289619118,0.0054,0.45,4
0.0057912102503941,0.0062423414849252,1.8061153680882585,0.4500401466469301,23.26552403166875,0.0054,0.45,4
0.0053281492289985,0.0071708846145874,1.9303767197743904,0.5466806703496488,22.690666256888093,0.0054,0.45,4
0.005218690762194,0.0072555952337212,1.9352622847307508,0.5522058204165626,22.71251244216216,0.0054,0.45,4
0.0051095555219106,0.0073422423772945,1.9369714999916707,0.558578085898139,22.72486131727221,0.0054,0.45,4
0.0054192944156521,0.0069618524227843,1.9260722487845248,0.527255645557076,22.831691122834865,0.0054,0.45,4
0.0053116351225508,0.007041190959803,1.9376430370842137,0.5319845080526396,22.860925313056686,0.0054,0.45,4
0.0053990947529934,0.0068382936285017,1.9272301265069625,0.5105034948870761,22.997164215024053,0.0054,0.45,4
0.0054958923591323,0.006738721041564,1.9101590762651663,0.5028286366525173,22.98579157132462,0.0054,0.45,4
0.0055263250427686,0.0066278190582882,1.8984685324194783,0.4887795221176937,23.11400198204795,0.0054,0.45,4
0.0053734924978162,0.0067391514326534,1.9278252289329905,0.494857679459716,23.10570262898665,0.0054,0.45,4
0.0054885421591226,0.0065305586268358,1.896077884308606,0.4706939084355205,23.240291642603463,0.0054,0.45,4
0.0014887599487346,0.009470098891561,0.3918096861623577,0.2067013478385179,20.33841134729765,0.0054,0.45,4
0.001572609831564,0.0094155802476278,0.515495393858402,0.270256783965838,20.573197595965485,0.0054,0.45,4
0.0018469013450271,0.0093420499779593,0.7300518150785877,0.3973859844827052,20.448334536857587,0.0054,0.45,4
0.0019368490739454,0.0092971886133861,0.8131916866799981,0.4393548132821905,20.64293366126759,0.0054,0.45,4
0.0020363962488095,0.0092428230606031,0.9028372206999128,0.4811396089967204,20.781073785735064,0.0054,0.45,4
0.0016680809814121,0.0093521330389512,0.6456010858624777,0.3348916906350359,20.823089467506765,0.0054,0.45,4
0.0017684047568909,0.0092888644280199,0.7655010237481478,0.3927001792783904,21.08617131169203,0.0054,0.45,4
0.0011757720730339,0.0094979389303771,0.1303960120541107,0.0594644997806684,21.52383831154332,0.0054,0.45,4
0.0011033998937933,0.0094951356655289,0.0783501785393562,0.0338738145206406,22.367184859076204,0.0054,0.45,4
0.0011022707723845,0.0094647724440551,0.1355862518500035,0.0572270390960867,22.46158724866456,0.0054,0.45,4
0.0010286908734953,0.0094635311934673,0.0814690366431633,0.0324144889689911,23.33879561807345,0.0054,0.45,4
0.0013398171847327,0.0094763970411894,0.2867586231122491,0.1415322906700156,20.955615953634688,0.0054,0.45,4
0.0014131423301887,0.0094270471335637,0.4103346437541712,0.2023437249116706,21.12476928814686,0.0054,0.45,4
0.0012023188597148,0.0094728026811941,0.1955109896169557,0.0889702085729505,21.894792787194834,0.0054,0.45,4
0.0012643985976053,0.0094378170311969,0.2994095161329371,0.1374701669416031,21.800303358642346,0.0054,0.45,4
0.0050015946656255,0.0074324675084364,1.9349551557757023,0.5659113819435698,22.733335756382704,0.0054,0.45,4
0.004893691089934,0.0075225725148097,1.929578963493385,0.5737406620987545,22.729498458219496,0.0054,0.45,4
0.004783886437778,0.0076107883464552,1.9213277762926764,0.5818105897986215,22.729481565621672,0.0054,0.45,4
0.0046731855224233,0.0076972306402233,1.9101867356995623,0.590102514373453,22.729858002324608,0.0054,0.45,4
0.0045612984133181,0.0077829941536504,1.895971317930201,0.5986394289174037,22.72504293171516,0.0054,0.45,4
0.004449262794735,0.0078683921434905,1.878481813109462,0.6073205406138663,22.71384274154946,0.0054,0.45,4
0.0043373088403641,0.0079535955652439,1.857596012314649,0.6160184351784498,22.6932475276838,0.0054,0.45,4
0.00389356686601,0.0082986967566402,1.7354639217533812,0.6478407947642334,22.47950724678308,0.0054,0.45,4
0.0040043566833236,0.0082110927415731,1.7723373116447834,0.6406674749569904,22.555929508714915,0.0054,0.45,4
0.0041150984969566,0.0081246773533265,1.804744712828732,0.6328542057566051,22.61546340274776,0.0054,0.45,4
0.0042259612247482,0.0080389120673243,1.8330944287514,0.6245808281946347,22.66108208733362,0.0054,0.45,4
0.0037645820404673,0.0082488196429272,1.7655556606356233,0.6494730674675594,22.71846223901783,0.0054,0.45,4
0.0035437900008708,0.008427725074774,1.6778829485529692,0.661109971836983,22.499786856439485,0.0054,0.45,4
0.0036535041216657,0.0083378735883217,1.7242258773440151,0.6560135294292343,22.62672287193456,0.0054,0.45,4
0.0032946536424456,0.0084525845991017,1.669969204149203,0.6641331894210188,22.685089305248344,0.0054,0.45,4
0.0031691226499787,0.008451734663534,1.6743448429304852,0.6628753419047132,22.866026876698548,0.0054,0.45,4
0.0034162895233604,0.0083838080524222,1.707611892535361,0.6612813856252019,22.742750583224662,0.0054,0.45,4
0.003082385658511,0.0085109905610671,1.637303986840312,0.6629513463223482,22.802467494302125,0.0054,0.45,4
0.0030060530650157,0.0085886464886626,1.5842489834307865,0.6619713585814562,22.62073636011149,0.0054,0.45,4
0.0021066186855079,0.0091592677940792,1.0093359579540435,0.5172554189943953,21.183173831178888,0.0054,0.45,4
0.0024787525941453,0.0090175704857337,1.2102726469704308,0.6031204671281393,21.47150683447584,0.0054,0.45,4
0.0022156577492048,0.0091405367624859,1.051369891677486,0.5435263696995588,21.18811790747676,0.0054,0.45,4
0.0023501738464315,0.0090768436918485,1.1372807432033,0.5773319881526994,21.28666728112045,0.0054,0.45,4
0.0028765232103944,0.0087468596366443,1.465711660630509,0.655376973114372,22.195749345768945,0.0054,0.45,4
0.0024969860911649,0.0088823131976817,1.3336117309029432,0.6189302303285479,22.113344953483963,0.0054,0.45,4
0.0027498250833363,0.0087855242643658,1.4307313873698428,0.6468066179726177,22.201556449784544,0.0054,0.45,4
0.0026232653155289,0.0088305266378813,1.3872174033841649,0.6349417900870313,22.17144446869408,0.0054,0.45,4
0.0028943625869875,0.0086067023807755,1.571763478053941,0.6582548030776634,22.70471440997108,0.0054,0.45,4
0.0062697079640272,0.0023482814948149,0.5967671050664868,-0.3901245285559735,23.34580676576456,0.0054,0.45,4
0.0062247536096972,0.0022069011536509,0.5853379824202395,-0.4094728200068138,23.12324551132788,0.0054,0.45,4
0.0061798007094022,0.0020655200914424,0.5753704232075796,-0.425234367324967,22.895244627435577,0.0054,0.45,4
0.0061348502763455,0.0019241389452885,0.5668453601070665,-0.4373241143597744,22.663451008730025,0.0054,0.45,4
0.0060899001632358,0.0017827591012609,0.55975254629208,-0.445683200732158,22.43006273358268,0.0054,0.45,4
0.0065666299341423,0.0037207596210792,0.8312474356765122,-0.0657345896326535,24.71229867771631,0.0054,0.45,4
0.0065245382240858,0.0035815038579449,0.801937460848755,-0.1090477342145994,24.638771080078826,0.0054,0.45,4
0.0064787412837003,0.0034403541405899,0.7747587155181845,-0.1516959135513307,24.53771264499396,0.0054,0.45,4
0.0064335613795906,0.0032994733017631,0.7491092083338441,-0.1922606602045865,24.417126205284163,0.0054,0.45,4
0.0063884736918122,0.0031584222690767,0.7249681518890165,-0.2306522741106854,24.277585646004173,0.0054,0.45,4
0.006163510598248,0.0024518738900525,0.6261992135716402,-0.3816199873275109,23.35624059883131,0.0054,0.45,4
0.00620847574635,0.0025932606431754,0.6431030891850568,-0.357584436897314,23.56447943183372,0.0054,0.45,4
0.0063434271855379,0.0030172545533459,0.7023247850177822,-0.2666095259735753,24.120876783235,0.0054,0.45,4
0.0062984140541505,0.0028759848042731,0.6811490672630409,-0.2998941410774016,23.94859668675296,0.0054,0.45,4
0.0062534385986397,0.0027346409327782,0.6614140170150563,-0.3302849166201724,23.762526518956737,0.0054,0.45,4
0.0064018350806673,0.0050618106443242,1.3421414586713676,0.2803599096896917,24.12449675991218,0.0054,0.45,4
0.0065104034895051,0.0046244297082057,1.154447820540658,0.1813286041597712,24.463236713044097,0.0054,0.45,4
0.0064663407692924,0.0048466501616743,1.247589692784883,0.2346497061898479,24.30834961928176,0.0054,0.45,4
0.0064519908422558,0.0047361710326842,1.211176496911314,0.202682019670465,24.373572481506383,0.0054,0.45,4
0.0063802951900031,0.0049254992266926,1.298841840139476,0.2418355072951576,24.23238333341307,0.0054,0.45,4
0.0065196165298812,0.0044194803105563,1.077679513403283,0.1254614661398405,24.57138052656796,0.0054,0.45,4
0.0064911267508926,0.0045110154564912,1.1185760299390235,0.1467477197289343,24.53604083756741,0.0054,0.45,4
0.0064176032884695,0.0045583830424529,1.1561464389905032,0.1485170001973212,24.469290654529622,0.0054,0.45,4
0.0065825771802665,0.0042396339302901,0.9960683286040454,0.0837716458075308,24.691200608548023,0.0054,0.45,4
0.0065219791935904,0.0043191559665975,1.0413018659739337,0.0974016092245628,24.629349228645808,0.0054,0.45,4
0.0065371047510158,0.0041092772869517,0.9642274855170578,0.0398763033472365,24.693990097504106,0.0054,0.45,4
0.0064962574540763,0.0039672724109972,0.9284717435973634,-0.0061642286733454,24.67102461696824,0.0054,0.45,4
0.0064567454307111,0.003825838524113,0.8940317881868224,-0.0510207489134935,24.630833608286988,0.0054,0.45,4
0.0063827004554336,0.005421551529917,1.4717620489290788,0.3638943211185914,23.7822902242994,0.0054,0.45,4
0.0064020378072201,0.005186949125249,1.3864302560653592,0.31153683532998,24.01734207584376,0.0054,0.45,4
0.0063916362226831,0.0053155972438657,1.4336366819725443,0.3408425257029561,23.89452305477369,0.0054,0.45,4
0.0063156359364711,0.00511430879222,1.3824005225446778,0.2800281039214257,24.087479654587952,0.0054,0.45,4
0.0063165457463034,0.0055022614031842,1.5131537324072692,0.3719985287113039,23.724013495005742,0.0054,0.45,4
0.0062317107464898,0.0055972448577922,1.5616621930603858,0.3802698924097925,23.64185731126428,0.0054,0.45,4
0.0056817275508928,0.0063411627500236,1.840974985391688,0.4560582532473851,23.27884642580148,0.0054,0.45,4
0.0055812065895108,0.0064381127171532,1.870912140599108,0.4631658772107065,23.24227539529528,0.0054,0.45,4
0.0054473141719974,0.006417028517678,1.8916078692699856,0.4479405016588882,23.403743940077373,0.0054,0.45,4
0.0061338045481161,0.0056944332785923,1.6114456558673484,0.3870410136151406,23.599470055240072,0.0054,0.45,4
0.0060268014533166,0.0058080743282064,1.665070761143593,0.3960835674134518,23.544469380018345,0.0054,0.45,4
0.0059320230041428,0.0058460275025576,1.694152148171095,0.3913311066686676,23.55222255928928,0.0054,0.45,4
0.0058883289702189,0.0059291904865008,1.7232481049818509,0.4026445418825432,23.47537949441268,0.0054,0.45,4
0.0058315824537491,0.0060187482984362,1.7546037053761598,0.4134667249522428,23.47751857830417,0.0054,0.45,4
0.0057523654355886,0.0061042569817449,1.787479653587282,0.4207576807408428,23.433120245401387,0.0054,0.45,4
0.0056523291447957,0.0062035846950289,1.824418932962603,0.4285834959873003,23.42015598401016,0.0054,0.45,4
0.0052016092768027,0.0071229427522745,1.946781578514498,0.5375957533026899,22.89086706379321,0.0054,0.45,4
0.0050914383533723,0.0072077213588818,1.9529497414316623,0.544206142345467,22.90920610913375,0.0054,0.45,4
0.0049816953006267,0.0072943231323101,1.9559213268129785,0.5517034979185064,22.92660935620924,0.0054,0.45,4
0.0052960662230645,0.0069142212939438,1.9417851870902905,0.5153404212937854,23.025877414392,0.0054,0.45,4
0.0051859731295705,0.0069908402641786,1.95495304526518,0.520652085216978,23.06985099055538,0.0054,0.45,4
0.0052835376365059,0.006794988776622,1.9427044657974848,0.4978295465670546,23.14628646086933,0.0054,0.45,4
0.0053960430908249,0.0066263465782318,1.9184556651206808,0.4792067799914276,23.26417346549568,0.0054,0.45,4
0.0052928946496244,0.0066974071383474,1.938458856579505,0.4833454530658568,23.283287945836385,0.0054,0.45,4
0.0053591889498708,0.0065133584485781,1.9163885838497967,0.4575471820408579,23.38149762993056,0.0054,0.45,4
0.001496732653419,0.0093678889437295,0.5435912589219575,0.2665061039250782,21.295399737193563,0.0054,0.45,4
0.0015901543796986,0.0093040002163351,0.6760518678987327,0.3290564385774484,21.53416577044517,0.0054,0.45,4
0.0018593983749809,0.0092408571545469,0.8538305797851439,0.435483596826807,21.154778615684105,0.0054,0.45,4
0.001945217060678,0.0092046616044779,0.920376851850944,0.4687689745743711,21.29785425072789,0.0054,0.45,4
0.0020118396648408,0.0091205041769106,1.0299197171075642,0.5051374962692702,21.681149156341053,0.0054,0.45,4
0.0016868180861753,0.0092368703951412,0.8017494594160305,0.3860234939761178,21.734561447469044,0.0054,0.45,4
0.0017773809552084,0.0091898410274351,0.889941738671577,0.4280960928252306,21.85500345579845,0.0054,0.45,4
0.001026626378678,0.0094330942777411,0.1410620892499759,0.0547583421092996,23.425431181761343,0.0054,0.45,4
0.0009530776470751,0.0094341528352537,0.0845075138904155,0.0307911619921075,24.36838309111555,0.0054,0.45,4
0.0009490279370415,0.009403402385635,0.1462227991766403,0.0518730780757176,24.47118461920917,0.0054,0.45,4
0.0008766232120501,0.0094070348526179,0.0873933846713967,0.0289809047937002,25.439177487929843,0.0054,0.45,4
0.0008714715688193,0.009376433682827,0.1509439926201474,0.0486599122755902,25.53917771727598,0.0054,0.45,4
0.0007993901392957,0.0093822175987561,0.0900928428151221,0.0269810280861104,26.5686855166236,0.0054,0.45,4
0.0007947747231022,0.0093522190179628,0.1554431711885229,0.0452723560403983,26.62616783460774,0.0054,0.45,4
0.0007214449207787,0.0093597403012216,0.0925125503821402,0.0247869740184787,27.767835464314707,0.0054,0.45,4
0.0011282818822111,0.0094379242686264,0.2052666444332004,0.0864263844874156,22.81618692382089,0.0054,0.45,4
0.0010504308553413,0.0094061090835002,0.211240940249169,0.0818475594234622,23.78550741818792,0.0054,0.45,4
0.0013370015411265,0.00938714356865,0.4275957536181038,0.1966866926091048,21.91157080009885,0.0054,0.45,4
0.0014204110183965,0.0093260812849235,0.5667490496353259,0.2600135318069361,22.094886205537914,0.0054,0.45,4
0.0011878406299987,0.009401497108763,0.3118097463915755,0.132631976657045,22.67162161712525,0.0054,0.45,4
0.00125886022344,0.0093486663479746,0.4454487962669977,0.1902844754122329,22.76706451141987,0.0054,0.45,4
0.004872694430287,0.0073830768816061,1.9553697639225005,0.5600339567964996,22.936443483247995,0.0054,0.45,4
0.0047635812626948,0.0074703661700964,1.9517967234505225,0.5686865036816741,22.9424699248015,0.0054,0.45,4
0.0046535580658944,0.0075575911889881,1.9450188236130783,0.5777310623791027,22.94932382272093,0.0054,0.45,4
0.0045427838229598,0.0076441730162679,1.9350975170580933,0.5870218922585306,22.951487956383712,0.0054,0.45,4
0.0044312987767922,0.0077303782904739,1.9219328601634087,0.5964951733648299,22.94906357480852,0.0054,0.45,4
0.0043196695310394,0.0078162155876431,1.9054140503430128,0.6060249503261756,22.93964543958825,0.0054,0.45,4
0.0042085131069977,0.0079019499351844,1.885346426772748,0.6154792318335357,22.91977582090897,0.0054,0.45,4
0.003876600482668,0.0081615868885469,1.8016191746026349,0.6419254728860436,22.784842313388328,0.0054,0.45,4
0.0039878916542033,0.0080749763404563,1.8333877794893247,0.6336236691870902,22.84212295068772,0.0054,0.45,4
0.0040980275380722,0.0079881028895578,1.8614206721670337,0.624734041657185,22.888145099664985,0.0054,0.45,4
0.0037481844312172,0.0081105077499698,1.8341284239175704,0.6412903688468675,23.035015453082806,0.0054,0.45,4
0.0030800224813247,0.008388324846608,1.7193908278669696,0.6586809730538487,23.18614823475065,0.0054,0.45,4
0.0036323559626511,0.0081954411410986,1.8001352150583012,0.6490285291370173,23.00119810658936,0.0054,0.45,4
0.0035227992191124,0.0082859169322925,1.7585206249384016,0.6557995260313118,22.890327557557143,0.0054,0.45,4
0.0032023487811565,0.0083512230776019,1.7370528947313872,0.6592813172165465,23.141377696453457,0.0054,0.45,4
0.0033123587506763,0.008333065266599,1.7424169035910169,0.6591274966442692,23.01161721494525,0.0054,0.45,4
0.0033914706816607,0.0082490437875251,1.7868986017863342,0.6543903375081267,23.180912995820737,0.0054,0.45,4
0.0029506265092587,0.0084693123158453,1.6697450436854049,0.6581262467394673,23.13085348583443,0.0054,0.45,4
0.0029636276646101,0.0083110588978998,1.776881359272396,0.6507675230289035,23.59940669128756,0.0054,0.45,4
0.0021201790892363,0.009042516276958,1.1341126071743324,0.5431981594156463,21.8994641530528,0.0054,0.45,4
0.0023684594868275,0.0089385250137877,1.2704838669718324,0.5979233433428855,22.0451319664527,0.0054,0.45,4
0.0022459096276311,0.0089940190876928,1.2025337903159403,0.5729008998795998,21.906834254231583,0.0054,0.45,4
0.0021616083602042,0.0089355497961569,1.249766576096904,0.5661470114321312,22.467985223821973,0.0054,0.45,4
0.0027731218806078,0.0086510732732398,1.5376382559287105,0.6517750189556918,22.697320990033827,0.0054,0.45,4
0.0023876340021728,0.0088023351764868,1.3976786769611929,0.6118000511143005,22.625686601359465,0.0054,0.45,4
0.0025154147594467,0.0087456491270925,1.454178957800164,0.6291144636585678,22.73526981775805,0.0054,0.45,4
0.0026455077457922,0.0086966492336118,1.4993528100790152,0.6422315907633357,22.71135719512368,0.0054,0.45,4
0.0028006893208105,0.0085119366135917,1.6431789527361274,0.6523061568090189,23.180241433837963,0.0054,0.45,4
0.006118557946956,0.0023104928306628,0.6106833977513225,-0.4022445237563924,23.139609903224848,0.0054,0.45,4
0.0060736067775049,0.002169112673663,0.5965453094537866,-0.4193391036832402,22.91632014040952,0.0054,0.45,4
0.0060286566488969,0.0020277324593705,0.5837817932411692,-0.4328077234568704,22.688054426156143,0.0054,0.45,4
0.0059837066235803,0.0018863527447094,0.5723981648733608,-0.4425788006704615,22.456397698404768,0.0054,0.45,4
0.0059387566058242,0.0017449731972067,0.5624081698845022,-0.4486072958748582,22.223472620939443,0.0054,0.45,4
0.0064155400210801,0.003684933397103,0.8616994867655422,-0.0948244888833453,24.56954344300186,0.0054,0.45,4
0.006372136882454,0.0035441454746349,0.8314454571647084,-0.1374268857449478,24.483863153589983,0.0054,0.45,4
0.0063272836598617,0.0034031223999312,0.8029074925596299,-0.1784891261578002,24.374833753398864,0.0054,0.45,4
0.0062822798581641,0.003261950760737,0.7757347098946896,-0.2175376202930582,24.24642535394304,0.0054,0.45,4
0.0062372156070756,0.0031207923548419,0.7499179834607607,-0.2542589278255822,24.10011887031617,0.0054,0.45,4
0.0060123637591009,0.0024140858163924,0.6399046919504636,-0.395260610402759,23.157312976245464,0.0054,0.45,4
0.0060573164433141,0.0025554672011444,0.6593729562388408,-0.3733906358012048,23.36840682061492,0.0054,0.45,4
0.0061022719114415,0.0026968493629684,0.6801081485488317,-0.3481839845967052,23.56995087636401,0.0054,0.45,4
0.006192210415858,0.0029795425899532,0.7253783805022603,-0.2884212568320097,23.93752821786592,0.0054,0.45,4
0.0061472326546676,0.0028382191634493,0.7021101260951138,-0.3197990007169537,23.760232801013387,0.0054,0.45,4
0.0062926157059354,0.0050100515370757,1.3517062461932683,0.2499529568023762,24.17066631839329,0.0054,0.45,4
0.0063789458633767,0.0046558307418945,1.2019647412689505,0.169305712142697,24.41838969469127,0.0054,0.45,4
0.0063333977088828,0.0047924051946483,1.2634592678177226,0.1991335780401428,24.320379161592427,0.0054,0.45,4
0.0062720818007263,0.0048993182282944,1.3179183269379895,0.217874200077387,24.25286357157069,0.0054,0.45,4
0.006444254553601,0.0043463771473203,1.0728853050611946,0.0933524404810175,24.565416583733835,0.0054,0.45,4
0.0063967760547055,0.0044467819687193,1.1218890806820492,0.1142648099369219,24.517544448608994,0.0054,0.45,4
0.0063108367638965,0.004549291297393,1.1823811372783888,0.1294279222642953,24.444000689542005,0.0054,0.45,4
0.006446029183446,0.0042277802051419,1.0307752357112527,0.0601856500536356,24.60853433573902,0.0054,0.45,4
0.0063966744719727,0.0040752849701277,0.9923861551851312,0.0100689302634946,24.59734134933417,0.0054,0.45,4
0.0063519812210827,0.0039308852413646,0.956728187628868,-0.0363454329027488,24.56557009856837,0.0054,0.45,4
0.0063082357579588,0.0037890292968361,0.9228371000352784,-0.0808831502402766,24.511248154376577,0.0054,0.45,4
0.006285751937206,0.005380435000013,1.4803043700401524,0.3397543635518862,23.86009979976928,0.0054,0.45,4
0.0062698375895099,0.005226315267062,1.4323343111104794,0.30063081431553,24.00414302954201,0.0054,0.45,4
0.0062075313240444,0.0051026987347013,1.4055814563704627,0.2602550406033814,24.114132543032653,0.0054,0.45,4
0.0061967867186353,0.0054627513260319,1.5274118091174618,0.3453634773848267,23.81041936905197,0.0054,0.45,4
0.0061081019340187,0.0055506759580785,1.5746277900863064,0.3522491012709019,23.75675797763856,0.0054,0.45,4
0.0053189301721474,0.006403002567973,1.9134665275564,0.4343937340186183,23.5384482499388,0.0054,0.45,4
0.0055276144072654,0.006293737352406,1.8615321815664525,0.4329108892433963,23.439383751487554,0.0054,0.45,4
0.0053814658792973,0.0063080105661266,1.8908484910176269,0.4218843894528223,23.57311294573577,0.0054,0.45,4
0.0060092315961019,0.0056489492790086,1.6251924677416831,0.3600190516420141,23.72413438844943,0.0054,0.45,4
0.0059171556580999,0.0057387605695908,1.669637982975529,0.3669493047500646,23.673628900930584,0.0054,0.45,4
0.0058496191359219,0.0058299379974637,1.7072588404187703,0.3774758732570051,23.66072377704529,0.0054,0.45,4
0.0058102239532218,0.0059169265549072,1.736136558435081,0.3905222773724245,23.601361000194903,0.0054,0.45,4
0.0055308202028632,0.0061475779949683,1.8383614815965048,0.4052509647738215,23.58986842102912,0.0054,0.45,4
0.0057150010584238,0.0059572759535788,1.764704066277371,0.3874216660008426,23.64887180818933,0.0054,0.45,4
0.0056280268286649,0.006055355526097,1.8023446139787125,0.3973125252902397,23.60496403784722,0.0054,0.45,4
0.000717251222142,0.0093302528992626,0.1595212313718303,0.0415773815382237,27.79375133645556,0.0054,0.45,4
0.0006428601398273,0.0093396193612977,0.09466971616537,0.022405749870279,28.96821160721327,0.0054,0.45,4
0.0006355554970811,0.0093097462440537,0.1633718545115088,0.0374253211357968,29.03033906930052,0.0054,0.45,4
0.0005637047998053,0.0093218722552124,0.0965177706919402,0.0198892346131383,30.23036007136948,0.0054,0.45,4
0.00507330152407,0.0070724396904281,1.965763413973452,0.5271338252887655,23.090951489067944,0.0054,0.45,4
0.0049623346822414,0.0071573150771445,1.9733429171804024,0.5348690064093184,23.116035831441952,0.0054,0.45,4
0.004852555883565,0.0072431167593295,1.977703240066062,0.5433771642639624,23.137466141483145,0.0054,0.45,4
0.0051768622811142,0.0068581617117733,1.9589965605431443,0.5016001280537016,23.247895768909085,0.0054,0.45,4
0.0050562237029852,0.0069362099535417,1.975153922154546,0.5074138728137755,23.25724105886434,0.0054,0.45,4
0.0051840519839684,0.0067181570918557,1.9567247467421949,0.4800585536800295,23.38366455937027,0.0054,0.45,4
0.0052435551118364,0.0065925653349507,1.9417578216320204,0.4627285891230405,23.45010136100497,0.0054,0.45,4
0.0052536956165164,0.0064794445420674,1.9325028459340168,0.4432525910355965,23.57316198882205,0.0054,0.45,4
0.0052136564386889,0.0064031498926512,1.933469313597398,0.4258133199261238,23.646327109565043,0.0054,0.45,4
0.0015139038547346,0.0092524287479781,0.7156090418262652,0.3250654930755421,22.28989342450509,0.0054,0.45,4
0.0016045384556261,0.0091859076816115,0.8399984252549532,0.3783309508824815,22.46006662260633,0.0054,0.45,4
0.0018816154177286,0.0091219074373198,0.9987277277134796,0.4743591408090807,22.0668064087753,0.0054,0.45,4
0.0019768608701115,0.0090111449964242,1.142883643510077,0.5189425918295711,22.460035053555973,0.0054,0.45,4
0.0016880553746737,0.0091336374746538,0.9335884931479264,0.4190852125218143,22.44423281350748,0.0054,0.45,4
0.0017731398172262,0.0090943802278653,1.0045991667589946,0.4526592175497458,22.478930888586927,0.0054,0.45,4
0.0009730881273349,0.0093761590841886,0.2187527688617974,0.0776473592892789,24.794359838462427,0.0054,0.45,4
0.0008956333897596,0.0093482247259987,0.2270248340862662,0.0733660286227534,25.840066835301425,0.0054,0.45,4
0.0008175179336945,0.0093225943554613,0.2350523952028467,0.0686163050363913,26.93235185652276,0.0054,0.45,4
0.0007374072075869,0.0092999134485595,0.2405621586170539,0.062823545780992,28.102800891843987,0.0054,0.45,4
0.001110245926142,0.0093674616323312,0.323917474834076,0.1272061893487942,23.625648990770937,0.0054,0.45,4
0.0010317169023492,0.0093357148807879,0.3356801632722554,0.1210333159631399,24.575147979519286,0.0054,0.45,4
0.0013411825218483,0.0092823897960467,0.5949844441100166,0.2535530469752128,22.894236750981648,0.0054,0.45,4
0.0014289105058431,0.0092109087581766,0.7410112823420475,0.3139015530484789,23.07909353502281,0.0054,0.45,4
0.0011823630328422,0.0093100516725364,0.4686054489293518,0.1850997004916044,23.66687464542637,0.0054,0.45,4
0.0012579306888097,0.0092453070862688,0.6149293520257862,0.242803276523488,23.741378468080807,0.0054,0.45,4
0.0047436231899258,0.0073303661225925,1.978667055934388,0.5526228463377086,23.150532533373745,0.0054,0.45,4
0.004634410624502,0.0074179837858306,1.9763342129399992,0.5623670602114877,23.165190060048,0.0054,0.45,4
0.0045243083703612,0.0075050873597603,1.970858848944525,0.5723694109485239,23.17426201246143,0.0054,0.45,4
0.0044132124182338,0.0075918493559712,1.9621733019465808,0.5825954162798953,23.181744900984214,0.0054,0.45,4
0.0043014605382905,0.0076785807577203,1.950081645657363,0.592953332063833,23.18288086604647,0.0054,0.45,4
0.0041898658173609,0.0077640706240114,1.934814282591092,0.6031891352613746,23.1776197179806,0.0054,0.45,4
0.004079839200429,0.0078504516182208,1.9154808757790924,0.613357787812944,23.160167773901943,0.0054,0.45,4
0.0038607450934517,0.0080251641704684,1.8644865134533728,0.6327018500849931,23.084260848393782,0.0054,0.45,4
0.0039705433435326,0.0079374565826595,1.8920791948187323,0.6232524969703498,23.12874487032877,0.0054,0.45,4
0.0036190343846843,0.0080544342046873,1.8715326896584508,0.6382970903283721,23.30683032142248,0.0054,0.45,4
0.0037341158428856,0.007973567737153,1.89866955669402,0.629873298862088,23.34765493527016,0.0054,0.45,4
0.003100942251285,0.0082616064925433,1.7992662152596723,0.6516590381881683,23.5359421551689,0.0054,0.45,4
0.003485534771983,0.008133913457039,1.8428922893662905,0.6459000033587614,23.29535308074585,0.0054,0.45,4
0.0032504221101795,0.008219997341382,1.8135483320720387,0.6515783363805978,23.423856930516703,0.0054,0.45,4
0.0033509955544653,0.00813950730603,1.850982803806064,0.6458903686805533,23.493903025968567,0.0054,0.45,4
0.0035027546869923,0.0079840726530538,1.9170903826786307,0.631825090735498,23.62002151142391,0.0054,0.45,4
0.0029861460620497,0.0081734600491678,1.86349445478994,0.64100167508985,23.98353244086331,0.0054,0.45,4
0.0028272448331745,0.0083675263679241,1.7464035798206716,0.6481138560837608,23.625555714066355,0.0054,0.45,4
0.0028509287756703,0.0082244276565276,1.842476125535628,0.6394530062079066,24.066429443888023,0.0054,0.45,4
0.0020577052246025,0.008926943324564,1.245226499683579,0.5484070878359218,22.74278237066261,0.0054,0.45,4
0.0022507076022962,0.0088581837302278,1.3351740665494238,0.5890596687125411,22.688319196407807,0.0054,0.45,4
0.0021359414996704,0.0088518706428091,1.3308614271868322,0.5708484332100842,22.971322720947164,0.0054,0.45,4
0.00229262852117,0.0087363434076205,1.4527953359688346,0.6029253301716083,23.204505086368208,0.0054,0.45,4
0.0026718234341122,0.0085587673927494,1.6097770017666362,0.6449323466129928,23.220731159445297,0.0054,0.45,4
0.0023984208690826,0.0086535823290899,1.530741800897116,0.6192685579185012,23.34482742577148,0.0054,0.45,4
0.0025395656782844,0.0086083363841732,1.5706002053186685,0.6342842923208853,23.26996644813057,0.0054,0.45,4
0.0026953357773625,0.0084193722803736,1.7154728135040551,0.6426812151653264,23.70741977941773,0.0054,0.45,4
0.0059674131575815,0.0022727058902301,0.6217083304300121,-0.4136615337390306,22.938372377630188,0.0054,0.45,4
0.0059224630588142,0.0021313260669576,0.6047968845296802,-0.4284857160803082,22.7132387423178,0.0054,0.45,4
0.0058775130184788,0.0019899464007332,0.5891919402552652,-0.4396501265423502,22.483543670341465,0.0054,0.45,4
0.0058325630228424,0.0018485667993368,0.5749233828619471,-0.4470968682680398,22.250807922642224,0.0054,0.45,4
0.0057876130806428,0.001707187246405,0.5620296466344564,-0.4507949645589508,22.01710300489356,0.0054,0.45,4
0.00626529741523,0.0036477103511336,0.8900769144924121,-0.1238420935217533,24.435991634670327,0.0054,0.45,4
0.006220960618197,0.0035066219810253,0.8589189959501605,-0.165294790537264,24.33879438552216,0.0054,0.45,4
0.0061761033845278,0.0033655228982655,0.8290281603043698,-0.2048909234510094,24.22096789538424,0.0054,0.45,4
0.0061310632707472,0.0032243450291767,0.8002789867723091,-0.2423291699183912,24.08446182175165,0.0054,0.45,4
0.0058612195380561,0.0023762995059637,0.6507614048664344,-0.4081964805961464,22.962775394625137,0.0054,0.45,4
0.006086018711606,0.0030831094954547,0.7726235672623795,-0.2773292802775709,23.93091139403033,0.0054,0.45,4
0.0059061702112296,0.0025176793923463,0.6728851696772772,-0.3885155430061657,23.177708595265845,0.0054,0.45,4
0.005951121918881,0.0026590599329971,0.6961529866004813,-0.3654304132466751,23.383632074271844,0.0054,0.45,4
0.0059960744202541,0.0028004385426596,0.7205437435466728,-0.3390861552082094,23.578904115762978,0.0054,0.45,4
0.0060410366830359,0.0029417971572109,0.7460389128551171,-0.3096537136135952,23.761876427174283,0.0054,0.45,4
0.0061783149036493,0.0049566735962387,1.3626466651361917,0.2181673917557609,24.208912699639512,0.0054,0.45,4
0.0062511459640066,0.0046688286153325,1.2414589738130486,0.152836098236191,24.377750379157234,0.0054,0.45,4
0.0061763181080172,0.0048108183050769,1.3120578235310625,0.1793542460408188,24.300061642247268,0.0054,0.45,4
0.0063405617130122,0.0043196007880154,1.0925119972517698,0.0701970567941159,24.53022318363232,0.0054,0.45,4
0.0061913028245926,0.0045391668361799,1.2116256344549277,0.1080887874661152,24.41566267747425,0.0054,0.45,4
0.0062584645884472,0.0044224646902831,1.151676505656462,0.0862795202956262,24.47165662751453,0.0054,0.45,4
0.0062981789143666,0.0041806864968203,1.0559104396176762,0.0251085499482351,24.533446899219594,0.0054,0.45,4
0.0062504953074943,0.0040358081795378,1.019562358084037,-0.0218401185113177,24.51108809986164,0.0054,0.45,4
0.0062038667683643,0.0038924740034423,0.9843554569076836,-0.0672989399060031,24.464456257457645,0.0054,0.45,4
0.0061590934963422,0.0037510485439864,0.9501640429673088,-0.1107746810821154,24.397365631886668,0.0054,0.45,4
0.0061642235284567,0.0053278982469662,1.4916641519018512,0.3090078224054469,23.94767158362684,0.0054,0.45,4
0.0061267044206463,0.005193209356829,1.4564353733683708,0.2704320286077414,24.0571925680201,0.0054,0.45,4
0.0060857699095596,0.0050594030666435,1.42185939713176,0.2303442513792662,24.161397101028133,0.0054,0.45,4
0.0060743864193148,0.0054179924901664,1.5416499389899594,0.3169317795090243,23.89572039884365,0.0054,0.45,4
0.0059867166311802,0.0055030757850829,1.5879891372699946,0.3239924154364274,23.85098005097936,0.0054,0.45,4
0.005245284376721,0.0063043481921113,1.917079232059337,0.4089642468880168,23.71723627941757,0.0054,0.45,4
0.0054226657101594,0.0061963841285364,1.8674645877299727,0.4040149327837705,23.646480503256274,0.0054,0.45,4
0.0052994653717399,0.0062047323761073,1.8936649150848013,0.3937391871382757,23.76971955385181,0.0054,0.45,4
0.005882360964073,0.0055860022457809,1.6358861759985504,0.3283849927110356,23.843915490692925,0.0054,0.45,4
0.00580289779504,0.0057135720645288,1.688030704705504,0.3462973184993084,23.786890269576748,0.0054,0.45,4
0.0057529287157301,0.0058325393613027,1.7284415247879934,0.365852079764657,23.710185637234414,0.0054,0.45,4
0.0056562279607303,0.0058475137532486,1.7527128225632005,0.3570988535706694,23.758819013967813,0.0054,0.45,4
0.0054421666375996,0.0060980952412894,1.84797038278014,0.3859513512211437,23.69720719979608,0.0054,0.45,4
0.0055113125396543,0.0060326916614047,1.82203040526339,0.3797421763862575,23.71962564908161,0.0054,0.45,4
0.0055738125692161,0.0059231631479246,1.7871225992086883,0.3635985017785929,23.728196886419173,0.0054,0.45,4
0.0005552077105165,0.0092925386811215,0.1658237035136165,0.0329409836380941,30.28545881071849,0.0054,0.45,4
0.0004840370491946,0.0093065939971347,0.0978472788057298,0.0172078979945751,31.55049128530316,0.0054,0.45,4
0.0004761869108756,0.0092780539381239,0.1677602438651557,0.0284046116348344,31.58067315778754,0.0054,0.45,4
0.0004039423972725,0.0092936824138947,0.0988968516213791,0.0144226843448916,32.93452508545322,0.0054,0.45,4
0.0003955080501831,0.0092660161318123,0.1683915336324903,0.0235784299784207,32.93080057600099,0.0054,0.45,4
0.0003234316700657,0.0092837382163059,0.0980477001279865,0.0114117184548921,34.30579405759116,0.0054,0.45,4
0.000656652002287,0.0092798644899662,0.2449683770910849,0.056582169700721,29.281982228146138,0.0054,0.45,4
0.0005765123332751,0.0092620306648365,0.2498192062562593,0.0502503381244215,30.489455535382632,0.0054,0.45,4
0.0047234775080183,0.0071893884550938,2.002074772609741,0.5335478772374801,23.35058054303149,0.0054,0.45,4
0.0049414386815487,0.0070200791841644,1.987608408673492,0.5153020949211627,23.3057719365844,0.0054,0.45,4
0.0048315101902927,0.0071042308872286,1.9964626732989887,0.5240612447714121,23.33286949004477,0.0054,0.45,4
0.0049287728123774,0.0068852832138519,1.996946666353236,0.4938933111703854,23.467159122400933,0.0054,0.45,4
0.0050341773107142,0.0067884360566662,1.98207549424523,0.4831917471853564,23.440515619638287,0.0054,0.45,4
0.0050878465118451,0.0066269502172182,1.9709108718059385,0.4583927272770762,23.555681499934284,0.0054,0.45,4
0.0051311649802048,0.0064862933283568,1.955907068799101,0.4354371768882249,23.65665200297384,0.0054,0.45,4
0.0051192070478551,0.0063426608327478,1.9468540859100048,0.4060152225863511,23.827593315025243,0.0054,0.45,4
0.0049059374817063,0.0067779177362915,2.004054296382317,0.4745515377102037,23.593077151372004,0.0054,0.45,4
0.0015216937537334,0.0091379561058587,0.8773910446906535,0.3690739703779044,23.190689456882044,0.0054,0.45,4
0.0019445170710674,0.0088850265282239,1.2752919446132258,0.531552943399487,23.31184990013274,0.0054,0.45,4
0.0016086510321773,0.0090803251835832,0.9797954347723766,0.4115103305809327,23.253620317548727,0.0054,0.45,4
0.0018285199206776,0.0089895946091742,1.1401916093907931,0.4894457111383355,23.067719893645258,0.0054,0.45,4
0.0017049143713005,0.0090245701900795,1.073593578917699,0.4512024188437458,23.30720942691372,0.0054,0.45,4
0.0009523416780237,0.0093062714573923,0.3471101674413062,0.1142530720098429,25.59771509925528,0.0054,0.45,4
0.0007102107766812,0.0092332522828875,0.3760249775098461,0.0897692577977009,28.90792027334269,0.0054,0.45,4
0.0008722341663805,0.0092791705363627,0.3581449600599245,0.1068460876415428,26.65114462219048,0.0054,0.45,4
0.0007931035662868,0.0092550083087124,0.3682148671206225,0.098951556859772,27.75134149129919,0.0054,0.45,4
0.0010985627080432,0.0092776742457471,0.4812172037589373,0.1747482319911598,24.59812994808522,0.0054,0.45,4
0.0010169106763061,0.0092464610816014,0.4970573338963343,0.1652286437486721,25.588072406944807,0.0054,0.45,4
0.0013443131477136,0.0091697172248332,0.7695776213125963,0.3027057249217202,23.86823433424189,0.0054,0.45,4
0.0014355211748868,0.0090950709727169,0.9100063077138209,0.3565138846415363,23.99590800477161,0.0054,0.45,4
0.0011749953663083,0.0092100682247576,0.6357818274913569,0.2317986008713463,24.63949191076552,0.0054,0.45,4
0.0012638876866367,0.0091290172490413,0.8025025179530864,0.2922794810928045,24.72618136786866,0.0054,0.45,4
0.0046150211637312,0.0072782658524286,2.004061323760642,0.5441108286816898,23.38082611767678,0.0054,0.45,4
0.0045063976939325,0.0073662544871634,2.002869992554722,0.5548444302960488,23.38996448132244,0.0054,0.45,4
0.0043958627716247,0.0074532705997577,1.998744671036455,0.5657520768779021,23.409015720863213,0.0054,0.45,4
0.0045960566804418,0.0071410870316792,2.027556002827135,0.5234915932873861,23.597061532752004,0.0054,0.45,4
0.004283409340277,0.0075399069802631,1.9915076879585192,0.5767828137345844,23.4231088744643,0.0054,0.45,4
0.0041706806310947,0.0076260450676282,1.9809257296445448,0.5878164100785125,23.42996019330233,0.0054,0.45,4
0.0040589821520795,0.0077110711588022,1.967023230404749,0.5986635540022612,23.432716263746112,0.0054,0.45,4
0.0039503536234986,0.0077975543137618,1.9486110779372696,0.609450010741496,23.41566067334674,0.0054,0.45,4
0.0038439029442588,0.0078862790350865,1.9252336103005927,0.6200279527765375,23.38186003237273,0.0054,0.45,4
0.0036144905055689,0.0079202740193833,1.935145846070583,0.6249557562831204,23.61315433040024,0.0054,0.45,4
0.0037212307183401,0.0078388629553481,1.9585493373347485,0.6155393438389068,23.662182881832024,0.0054,0.45,4
0.0031229206508273,0.0081259683311674,1.8795301758306864,0.6409904436383198,23.86039277155373,0.0054,0.45,4
0.0033821327942065,0.0080251429681648,1.9088838969395672,0.6354270683571065,23.741440363729936,0.0054,0.45,4
0.0032454174184949,0.0080694389712148,1.899664422296344,0.6380209290647841,23.85973766882307,0.0054,0.45,4
0.0034160348063941,0.007889922047056,1.972787781936732,0.6203063348914749,24.021763262766765,0.0054,0.45,4
0.0035200997717575,0.0078705248395766,1.9688277832669687,0.618834567609747,23.886122916852457,0.0054,0.45,4
0.0030068532238981,0.0080330250567332,1.945966476539168,0.6274576618536946,24.35273313920271,0.0054,0.45,4
0.002871603817903,0.0080846738449849,1.9299980331634368,0.6271124330098915,24.4739052979907,0.0054,0.45,4
0.0027196156015762,0.0082784702630822,1.8159890970689447,0.635987513506771,24.153525197571128,0.0054,0.45,4
0.0027404589825102,0.0081356519507666,1.9113012356338488,0.6247827000881414,24.564191846036483,0.0054,0.45,4
0.002044695025451,0.0088012825159147,1.3736118043628025,0.5595968088990798,23.51833659144661,0.0054,0.45,4
0.0019349913856612,0.0087651773673971,1.4019410883584156,0.5418323998023048,23.98603381030867,0.0054,0.45,4
0.0021649919012211,0.0087373929274568,1.445275190192573,0.5845720076152086,23.530944960156905,0.0054,0.45,4
0.0022612894717224,0.0086285209287474,1.550486842318332,0.6023190328573272,23.758818832949,0.0054,0.45,4
0.0023354935639936,0.0085436160039452,1.6256937545214594,0.612139231127572,23.97421989298653,0.0054,0.45,4
0.0025689110637634,0.0084702571043823,1.681384717860977,0.6348614248191411,23.77210521817499,0.0054,0.45,4
0.0024437486343229,0.0085180639668517,1.6460530078489146,0.6242144145060039,23.8414982605813,0.0054,0.45,4
0.0025914063185162,0.0083311352698941,1.786685244361282,0.6301270936698349,24.24271686752953,0.0054,0.45,4
0.005816269256151,0.0022349198562738,0.6298109071143919,-0.4243531383261524,22.74045908188238,0.0054,0.45,4
0.0057713190061047,0.0020935401658196,0.6100716823438752,-0.4368904642519941,22.512362513856,0.0054,0.45,4
0.0057263688795177,0.0019521604025299,0.591590437753733,-0.4457389797026459,22.28006041347474,0.0054,0.45,4
0.0056814189254556,0.0018107806428311,0.5744222213811933,-0.4508549424427746,22.045025618633872,0.0054,0.45,4
0.0056364691309556,0.0016694010307762,0.5586303017806432,-0.4522220545767264,21.80929214966,0.0054,0.45,4
0.0061146491482355,0.0036100200333113,0.9168969517757944,-0.1526131416304695,24.30997221215256,0.0054,0.45,4
0.0060699225202545,0.0034690001529717,0.8845883218883851,-0.1927064570959441,24.202066263785387,0.0054,0.45,4
0.0060249635132681,0.0033278916468362,0.8531926995116895,-0.2307888672723169,24.07490322661492,0.0054,0.45,4
0.0059798730035437,0.0031866787023899,0.8226809145376207,-0.26658458340518,23.9298875076643,0.0054,0.45,4
0.0057100752484494,0.0023385138889894,0.658735206181146,-0.420392301101189,22.771058672341017,0.0054,0.45,4
0.0057550260125217,0.0024798934449142,0.6835978907430734,-0.4029252136097172,22.990848477367624,0.0054,0.45,4
0.0059348501040409,0.0030453706832043,0.7930207685814338,-0.299822375040323,23.76859856326493,0.0054,0.45,4
0.0057999768108758,0.0026212731141406,0.7095000152890479,-0.3819892343195656,23.20207843797176,0.0054,0.45,4
0.0058449280446335,0.0027626524001768,0.7363961816087753,-0.3577171864105371,23.40316498406129,0.0054,0.45,4
0.0058898820861777,0.0029040250068355,0.7642482470646946,-0.3302670635302144,23.59253147467575,0.0054,0.45,4
0.0060582924044713,0.0049154294781142,1.3798092338895669,0.1886550355807165,24.24943430719991,0.0054,0.45,4
0.0061175207288224,0.0046627105053978,1.2755509111866168,0.130293897042287,24.360777289109745,0.0054,0.45,4
0.006025644990297,0.0047736147793246,1.339295590052284,0.145888319521337,24.309376463134,0.0054,0.45,4
0.0060726787070942,0.004549118592313,1.2475721063128684,0.09243685663829,24.390077647052525,0.0054,0.45,4
0.0062045251125264,0.0042853330515681,1.118281164953009,0.0401487235231373,24.4802785132437,0.0054,0.45,4
0.0061022142783479,0.0044135079171097,1.1915547252602627,0.0598954453087254,24.42683093920002,0.0054,0.45,4
0.0061507373532675,0.0041403781741806,1.0826210290109692,-0.007675041372405,24.46284447376081,0.0054,0.45,4
0.0061010084626633,0.003996408524007,1.0467595449245335,-0.0538422399447042,24.4270584745999,0.0054,0.45,4
0.0060537312340787,0.0038537623831649,1.0112680653351716,-0.0982119200608164,24.36809337351154,0.0054,0.45,4
0.0060087806539244,0.0037132951960485,0.9764846395707608,-0.1403258185415007,24.28962445212343,0.0054,0.45,4
0.0060365966141712,0.0052879007633527,1.5095889759504146,0.2801245246634798,24.013818061652657,0.0054,0.45,4
0.0059595833786743,0.0050167520538779,1.4400747736258963,0.1999368042027989,24.20695336774131,0.0054,0.45,4
0.0059962675581097,0.0051550400622579,1.47654208242922,0.2409987457494729,24.11645562250872,0.0054,0.45,4
0.0059514609674017,0.0053796241578669,1.5589838810943917,0.2897600786502514,23.976103228143906,0.0054,0.45,4
0.0058911574941451,0.0054652573470254,1.599137138329109,0.301554642374988,23.93372325494481,0.0054,0.45,4
0.0058086023635495,0.0054925300095424,1.626600521138069,0.2963659235390357,23.948563469745583,0.0054,0.45,4
0.0051775734201321,0.0062058424738574,1.919452752434456,0.3825602741917963,23.874543888041,0.0054,0.45,4
0.0053476042913442,0.0061081128775118,1.8694719683573768,0.3783184112245448,23.80300978418863,0.0054,0.45,4
0.0052315272034836,0.0060916881578599,1.891931238519404,0.3630430974802959,23.941477315225384,0.0054,0.45,4
0.0057497349436403,0.0055876198193057,1.666857330399482,0.3105519787921956,23.90649557401828,0.0054,0.45,4
0.0056826176438084,0.0057222781136786,1.717158707478285,0.3326578374879951,23.851610699195355,0.0054,0.45,4
0.0055674619073669,0.0057881515458571,1.7589045115542323,0.3329809067040394,23.87346009537326,0.0054,0.45,4
0.0053983630343443,0.0060051749186033,1.841094050693088,0.361555700051071,23.809954995843103,0.0054,0.45,4
0.005464691569204,0.0059386885400822,1.813902066261344,0.3543664013102462,23.841376101240904,0.0054,0.45,4
0.0054739661204686,0.0058424650552041,1.7919682475175367,0.3340167743046443,23.9068495060929,0.0054,0.45,4
0.0003144523380141,0.0092570256033291,0.1667288863482132,0.0184915727836504,34.323392308638496,0.0054,0.45,4
0.0002426826974486,0.0092765873603471,0.0956954229011039,0.0082711415336041,35.84508626433552,0.0054,0.45,4
0.0002277061927862,0.0092497327272206,0.1651669168958794,0.0132094090731903,35.93077755549669,0.0054,0.45,4
0.0001618414774692,0.0092716258923865,0.0938035849992376,0.0054597281410062,36.94846610688805,0.0054,0.45,4
0.0003342482198781,0.0092256072264036,0.2536943717971499,0.029251129889877,34.414913517872854,0.0054,0.45,4
0.0004952783377739,0.0092470026245183,0.2528013276454213,0.0433886310686877,31.775584572121915,0.0054,0.45,4
0.0004142927950344,0.0092359322154793,0.251438911250296,0.0360166658780005,33.091050141019586,0.0054,0.45,4
0.0006282990734572,0.0092146794949164,0.3820804914624793,0.0801013309400897,30.070987881516658,0.0054,0.45,4
0.0005458803104357,0.0091975973469992,0.3893645630872342,0.0703502669642177,31.26604332817516,0.0054,0.45,4
0.0047032323111114,0.007049343887385,2.021608504168681,0.5118628538101732,23.52416658156334,0.0054,0.45,4
0.0048054107072083,0.0069669763993001,2.012353622754557,0.5021696296030097,23.548578138641705,0.0054,0.45,4
0.0048014215758854,0.0068362457515981,2.020687932323862,0.4797559208629704,23.67148438405676,0.0054,0.45,4
0.0049478464822927,0.0066716174105326,1.996982183467351,0.4577417140629699,23.69043861114485,0.0054,0.45,4
0.0049893865234349,0.0065437801392666,1.986182817905943,0.4362521824733006,23.757870722620552,0.0054,0.45,4
0.0050577134207224,0.0062169589254241,1.946661681790727,0.3740339936205705,24.003874655265857,0.0054,0.45,4
0.00500754715976,0.00641737079753,1.9756590383671973,0.412399779683039,23.850168860887702,0.0054,0.45,4
0.0050016933867404,0.0063098255426061,1.9683030484717208,0.389365222381949,23.93963798692251,0.0054,0.45,4
0.00481746922127,0.0067080061340261,2.021380663024008,0.457071716008773,23.82112440876155,0.0054,0.45,4
0.0015227273898123,0.0090310822819783,1.022165410091292,0.3999197269875902,23.997387143853235,0.0054,0.45,4
0.001819728780236,0.0088249589098634,1.3261389433566897,0.5119492217310779,24.07395480062488,0.0054,0.45,4
0.0016099843041239,0.0089687838210579,1.122692326872638,0.438051674723827,24.07753943263486,0.0054,0.45,4
0.0017110918774641,0.0089056397282932,1.21827876042102,0.4754422277104457,23.97787313820514,0.0054,0.45,4
0.0009344900439968,0.0092176597180146,0.5122731552301808,0.1548638606511769,26.57041504689552,0.0054,0.45,4
0.0006883436384948,0.0091482428649971,0.5499624846694352,0.1192378654269201,29.803498349730123,0.0054,0.45,4
0.0007738889987017,0.0091672354952006,0.5430397308687547,0.1332661188770036,28.663862008148698,0.0054,0.45,4
0.0008567193685069,0.0091922382225463,0.5271598485941231,0.1447075789027639,27.60410793329752,0.0054,0.45,4
0.0010909949148401,0.0091768602511314,0.6564989277536714,0.2196981875687023,25.573193990544777,0.0054,0.45,4
0.0010073818826311,0.0091467356670482,0.6757483594204916,0.2066484064407755,26.514616327369733,0.0054,0.45,4
0.0013469820085695,0.0090561529314814,0.9393488725081076,0.3413670740355623,24.782330624859693,0.0054,0.45,4
0.0014293208302553,0.0089954477372307,1.0474293904101597,0.3819268962362558,24.761291347272945,0.0054,0.45,4
0.0011760655507889,0.0090949949187831,0.825696314840342,0.2768942789025663,25.58814168492604,0.0054,0.45,4
0.0012597001346226,0.0090177447982437,0.971413023715355,0.3261221514252894,25.603233186422653,0.0054,0.45,4
0.0045849507399176,0.0070240420791089,2.0438283233764136,0.5039229884438423,23.7441200302237,0.0054,0.45,4
0.0044880149887535,0.0072270749516415,2.0312367225072308,0.5344780791573126,23.598100110904927,0.0054,0.45,4
0.0043807682446313,0.0073158443735522,2.0309409834561083,0.5462923605425704,23.62761643527926,0.0054,0.45,4
0.0042667954469741,0.0074019727381945,2.0287711163518787,0.5578419566421858,23.65684593080009,0.0054,0.45,4
0.004461643371122,0.0070784069644145,2.0584202988105225,0.5096814379504133,23.813953039346192,0.0054,0.45,4
0.0041524425559546,0.007487727171591,2.0233197844713207,0.569453830668338,23.67675867047296,0.0054,0.45,4
0.004038264479479,0.007572148601241,2.0147324488032354,0.5808992996142247,23.690961603798147,0.0054,0.45,4
0.003924889160739,0.0076561567278198,2.0026559089132365,0.5922201360947404,23.716655595079256,0.0054,0.45,4
0.003823929688988,0.0077438734359231,1.983990714895212,0.6037095982674657,23.68420633856888,0.0054,0.45,4
0.0035971338072719,0.0077963573431377,1.99192010604805,0.6099597080260439,23.940138415975444,0.0054,0.45,4
0.0036993346153567,0.0077126618094208,2.012457571487312,0.5993619809576121,23.944425172404166,0.0054,0.45,4
0.0031340003064152,0.0079711818696274,1.9657538188836765,0.6244341647610868,24.27783757041505,0.0054,0.45,4
0.003269925538049,0.0079006280816488,1.9858685629087751,0.619190938259198,24.20535107465963,0.0054,0.45,4
0.0033527304605652,0.0077966718040432,2.024875091918231,0.606877504918008,24.289200420980016,0.0054,0.45,4
0.0034700850532039,0.0077619981345061,2.024115653116009,0.6041334428959811,24.20465932909482,0.0054,0.45,4
0.0030311952789563,0.0078922950180433,2.0218128034884475,0.6106560865515053,24.68330994684654,0.0054,0.45,4
0.0028952642773154,0.0079505811217904,2.0075351205056826,0.6122313673545784,24.8006555469044,0.0054,0.45,4
0.0027573182467126,0.0079930194422263,2.0000903211708647,0.6097554638358033,24.93792230579507,0.0054,0.45,4
0.0018495844293255,0.0087152792979363,1.4482637520835395,0.5281557157152513,24.61730163003904,0.0054,0.45,4
0.0026123189538595,0.0081927080099524,1.884950057385364,0.6211163976791507,24.702020221718023,0.0054,0.45,4
0.0026380022223933,0.008058058027854,1.9732179209549223,0.6090537828156851,25.054069922017018,0.0054,0.45,4
0.002034898497824,0.0086795438841361,1.495312504263378,0.5657065962426375,24.12724114042637,0.0054,0.45,4
0.0019229219076354,0.0086438091596018,1.5265328965254332,0.5465266361570635,24.764237929855707,0.0054,0.45,4
0.0021366961174631,0.0085962033083916,1.5782394540147529,0.5847572776186475,24.275245041005373,0.0054,0.45,4
0.0022395061685987,0.0085039871283576,1.6615128858455823,0.5994752279941274,24.44437009004099,0.0054,0.45,4
0.0023438422881873,0.0084339817960668,1.7183737149193197,0.6107616947226596,24.44893165337217,0.0054,0.45,4
0.0024653752421432,0.0083799573817831,1.756554180367585,0.6215373723372015,24.344971197116863,0.0054,0.45,4
0.0024878966907015,0.0082468751495393,1.8567423489209625,0.6148436029326384,24.76667461992328,0.0054,0.45,4
0.005665124353523,0.0021971343149978,0.6349664719068756,-0.4342829498152646,22.544284089925693,0.0054,0.45,4
0.0056201735409612,0.0020557543994939,0.612355296922554,-0.4445155209638071,22.312078588514883,0.0054,0.45,4
0.0055752231311585,0.0019143741516644,0.5909741200487534,-0.451034750611215,22.075973511071098,0.0054,0.45,4
0.0055302732883651,0.0017729938651318,0.5709034882068883,-0.4538118270729261,21.8374028061553,0.0054,0.45,4
0.0054853239599776,0.0016316140180675,0.5522316000436777,-0.4528459950770306,21.598378109102825,0.0054,0.45,4
0.0059638283822042,0.0035724415847038,0.9421820825826952,-0.1809003167097246,24.19064894515917,0.0054,0.45,4
0.0059188500909497,0.0034314145545661,0.9084558226552938,-0.2195959093004605,24.07223638185135,0.0054,0.45,4
0.0058737745137548,0.003290247271674,0.875350987613695,-0.2561385045779216,23.9354199194489,0.0054,0.45,4
0.0055589295385207,0.002300728954828,0.6637970196529129,-0.431798877962891,22.580634278132468,0.0054,0.45,4
0.0058286881706651,0.003148950340463,0.8428727796661214,-0.2902572517483419,23.781477584595805,0.0054,0.45,4
0.0056038818070125,0.0024421085618677,0.6914731807656048,-0.4165728932434977,22.80633525671668,0.0054,0.45,4
0.0056488333807882,0.0025834878881247,0.7201035358558819,-0.3978155066830688,23.023847510414072,0.0054,0.45,4
0.0057836929647166,0.0030076086169814,0.8110554285710961,-0.3216866585355262,23.6119330460585,0.0054,0.45,4
0.0056937841998752,0.002724866939829,0.7496172818213024,-0.3756472327066441,23.231633168069,0.0054,0.45,4
0.0057387357776293,0.0028662434179839,0.7799527545133219,-0.3502139806644415,23.42816402282988,0.0054,0.45,4
0.0059241231366191,0.0048753150675271,1.401496199212759,0.1573293234457251,24.27682278376845,0.0054,0.45,4
0.0059870880494817,0.0046337583683327,1.300685778413612,0.1022298443717645,24.36286884349525,0.0054,0.45,4
0.0058883461420265,0.0047340067706886,1.3623675421519137,0.1140826128728727,24.330978023327845,0.0054,0.45,4
0.0059633717412753,0.0044909524335294,1.256796240147768,0.0598311363667192,24.391224387505428,0.0054,0.45,4
0.0060521878638654,0.0042444820616597,1.145732519964099,0.0061379577495794,24.427390985537723,0.0054,0.45,4
0.0059419344845222,0.0043457249466332,1.2113340933019383,0.0171090541285723,24.39564483542605,0.0054,0.45,4
0.0059980284585743,0.0040995507315056,1.1098103862642077,-0.0409992497193559,24.398310977047604,0.0054,0.45,4
0.0059497875105695,0.0039579769647953,1.0737129416843143,-0.085421435287741,24.34863869891168,0.0054,0.45,4
0.0059032668928832,0.0038165890238178,1.0375164894711748,-0.1283202822445469,24.277931992211208,0.0054,0.45,4
0.0058579021253488,0.0036758844953521,1.00157745460298,-0.169376614130408,24.187505100481044,0.0054,0.45,4
0.0059052475025307,0.0052556225109306,1.531766319336211,0.2526069037970791,24.07537426453882,0.0054,0.45,4
0.0058248016055185,0.0049768045506496,1.4619701730312915,0.1689861725251412,24.25179676859747,0.0054,0.45,4
0.0058635764606579,0.00511745029763,1.498113893214515,0.2114077622085549,24.173813961645862,0.0054,0.45,4
0.005815164371883,0.0053719309351957,1.5897781335686891,0.2682009642110942,24.034448469530897,0.0054,0.45,4
0.0057057626399129,0.0054591781317156,1.641822495210817,0.2739832445775452,24.03834041037865,0.0054,0.45,4
0.0050934580043898,0.0060743184221761,1.920267650331661,0.3455280278359094,24.071187756632103,0.0054,0.45,4
0.0052932713389976,0.0059895035329541,1.8614903374491885,0.3467941401896193,23.94755298088316,0.0054,0.45,4
0.0051777907942981,0.0059676192645531,1.8839540771341696,0.3295957050090879,24.07147228305244,0.0054,0.45,4
0.0056229647893632,0.005565669698718,1.6908863450714116,0.2883806714283741,24.01955859074449,0.0054,0.45,4
0.0055384829711104,0.0056630631864899,1.735762694167118,0.3004931372955309,23.98318843694593,0.0054,0.45,4
0.0054771599873907,0.0057454961970618,1.7697466704345934,0.31219386783399,23.98316068882892,0.0054,0.45,4
0.0053559873793313,0.0058823031439453,1.8271326345595629,0.329452107465273,23.975432291258816,0.0054,0.45,4
0.0054018411356055,0.0057740394844431,1.793826929243544,0.3097276004061983,24.01346210919112,0.0054,0.45,4
0.0001444101140196,0.0092465051050816,0.1601677659801099,0.0081132028801368,37.14309945743617,0.0054,0.45,4
8.094685799907056e-05,0.0092685462368608,0.0924245313242097,0.0025778918761742,39.16006750306828,0.0054,0.45,4
0.0001732541711332,0.0092138022470341,0.2511267295419143,0.0149365826732605,37.05401890067106,0.0054,0.45,4
0.0002546176449471,0.0092172028599235,0.2563739501657159,0.0224078209490404,35.71538988792751,0.0054,0.45,4
0.0002974762376009,0.009172528786659,0.3777874949537481,0.0370070374015145,35.20458573292137,0.0054,0.45,4
0.0003805640154928,0.009178814464401,0.3821099284549437,0.0478028274759593,33.817691285716485,0.0054,0.45,4
0.0004654832839826,0.0091860425733385,0.3892723478362283,0.0596696746115069,32.51940539125969,0.0054,0.45,4
0.0006039420576615,0.0091312029648753,0.5571343609900289,0.1053302029571479,30.946339277103515,0.0054,0.45,4
0.0005174736208252,0.0091145062142109,0.5672146505211665,0.0911470038209437,32.1518890764944,0.0054,0.45,4
0.004658141358189,0.0069066664821252,2.042016886859471,0.4861142769430531,23.78516864524312,0.0054,0.45,4
0.0046851035218081,0.0067570971038556,2.045446929498896,0.4595787487391327,23.90605160840323,0.0054,0.45,4
0.0048522618447859,0.0065846141797267,2.014222970425458,0.4351785400752805,23.904704020916004,0.0054,0.45,4
0.004966778090509,0.0061134026759688,1.954584613557558,0.3423350220797396,24.17718758175576,0.0054,0.45,4
0.0049785117665632,0.005995785436504,1.9353839779109088,0.3158828564016965,24.22912229065357,0.0054,0.45,4
0.0048795755104759,0.0064631099465387,2.004716351101998,0.4123567379255824,23.98146335254731,0.0054,0.45,4
0.0049328758774205,0.0062278307397046,1.9756026447461392,0.3655006329089716,24.10683499823084,0.0054,0.45,4
0.0049034370188825,0.0063476890971679,1.992694702588928,0.389654789775359,24.04831588058244,0.0054,0.45,4
0.0047173862160095,0.0066255580907416,2.041652108247296,0.4352690927171809,24.01320574852083,0.0054,0.45,4
0.0015069747672591,0.0089117920133524,1.1754774950481686,0.4216929690807501,24.866851357479923,0.0054,0.45,4
0.0017689851907672,0.0087246679177278,1.4321440295127754,0.5102214903209431,24.887362797162893,0.0054,0.45,4
0.0017003466656906,0.008789826493283,1.3523879450220126,0.4883544211553706,24.74351482596951,0.0054,0.45,4
0.0016091862143285,0.0088552051604821,1.2634010900332682,0.4577050926915376,24.710691358626963,0.0054,0.45,4
0.0009234039186327,0.0091162227189306,0.6993654039587271,0.1937297185620922,27.54113301506111,0.0054,0.45,4
0.000667350486347,0.0090493390323997,0.7449086564472949,0.1454544796832238,30.774726496518127,0.0054,0.45,4
0.0007463345116219,0.0090628399653849,0.7411286411517054,0.1623792942796098,29.66226052235245,0.0054,0.45,4
0.0008382492040802,0.0090895175176027,0.719305454393432,0.1790286427740342,28.627150653086577,0.0054,0.45,4
0.0010881139482657,0.0090642939547436,0.8467846751755141,0.2603109748256882,26.495929369681047,0.0054,0.45,4
0.0010034220367038,0.0090312305312464,0.8761133499802102,0.2452049170682377,27.485837405185706,0.0054,0.45,4
0.00133509780727,0.0089563562511556,1.079756667358492,0.3637320303195239,25.517453820553783,0.0054,0.45,4
0.0014100566575746,0.0089051091325006,1.1657973611780066,0.3957491978008521,25.490326519135778,0.0054,0.45,4
0.0011717024800914,0.0089805363197857,1.0044758852528763,0.3096344013251277,26.49432777399752,0.0054,0.45,4
0.0012515867113314,0.0089177453557275,1.1165987343384345,0.3480294334989512,26.439575551812062,0.0054,0.45,4
0.0045074145487391,0.0069364653317555,2.066908292859057,0.4856498513929715,23.93495906294393,0.0054,0.45,4
0.0043662666351159,0.0071862837927702,2.057704350202314,0.5255275147712898,23.82452048064541,0.0054,0.45,4
0.00425054399094,0.0072687450512904,2.0610424389388005,0.5369633525511758,23.87711032119518,0.0054,0.45,4
0.0041349950019374,0.0073510502291513,2.061266667931612,0.548546149794776,23.907953889775417,0.0054,0.45,4
0.0043340121900221,0.0070762619513699,2.08114424804069,0.5055398800779847,23.978900741685287,0.0054,0.45,4
0.0043732922569517,0.0069710555257082,2.088144443319796,0.487321309913325,24.082217434968424,0.0054,0.45,4
0.004020510156089,0.0074352400479068,2.0575556009577665,0.5606011394511993,23.941399423819192,0.0054,0.45,4
0.0039091900197025,0.0075218010222209,2.049195873924776,0.5729161069122145,23.930552714410453,0.0054,0.45,4
0.0037872177910895,0.0076016100060651,2.0410808694285034,0.5841597733299623,23.994252097610225,0.0054,0.45,4
0.0035747413471626,0.0076734768619376,2.0457424454990374,0.5925790543182233,24.167600704169825,0.0054,0.45,4
0.0036617229625666,0.0076086972253469,2.057347372120853,0.5838194052905478,24.1825913863586,0.0054,0.45,4
0.0031512586388552,0.007828782861083,2.0380594848164404,0.606176003561424,24.559986879401745,0.0054,0.45,4
0.00324882437043,0.0077579602959039,2.058084697011593,0.5987623211708738,24.60614922482185,0.0054,0.45,4
0.0033597788026734,0.0076812029458116,2.075418783620002,0.5899835455822876,24.54133168109519,0.0054,0.45,4
0.0034755827890094,0.0076211997188436,2.081920107002865,0.5829123913797948,24.480186092063544,0.0054,0.45,4
0.0030624312120632,0.0077597406010539,2.085696816735496,0.5925438226668226,24.949107237052075,0.0054,0.45,4
0.0029354760011892,0.0078159316135467,2.076439065978811,0.5952798735893867,25.077506034427667,0.0054,0.45,4
0.0028124874492359,0.0078710567861545,2.0644791344310587,0.5966220557327765,25.20133292130402,0.0054,0.45,4
0.002708351486582,0.0078887673394681,2.069191093562453,0.5920945729146614,25.431894108926773,0.0054,0.45,4
0.0026507755990163,0.0079513495245033,2.0394841144717475,0.5965616187404689,25.33838592584743,0.0054,0.45,4
0.0018011571876731,0.0086180692045484,1.5485938687899763,0.5233445796178416,25.34247933387033,0.0054,0.45,4
0.0024992541082406,0.0081104464882874,1.95367642326134,0.6032315202433064,25.22508749629251,0.0054,0.45,4
0.0025455080310834,0.0079674264755452,2.043633726896235,0.5902316155345392,25.56751384709852,0.0054,0.45,4
0.0020153642609324,0.0085545972762599,1.6164698212143402,0.5653436359496763,24.86104245549148,0.0054,0.45,4
0.0018940836883717,0.0085252875271607,1.6444298432742543,0.543507228069228,25.393171447385203,0.0054,0.45,4
0.0021163260449989,0.0084582149968415,1.7046107992969313,0.5807310179790997,24.99030877155563,0.0054,0.45,4
0.0022239000825361,0.0083718309473105,1.775456917322862,0.5929206545026005,25.06047738545772,0.0054,0.45,4
0.0023536032144605,0.0082873216288787,1.836108693712588,0.6040388096228398,24.984051742126667,0.0054,0.45,4
0.00240542437682,0.0081796837288926,1.913400771938748,0.6006749148454356,25.239009678052827,0.0054,0.45,4
0.0023860218457394,0.0080957164602367,1.9761279584904303,0.5900000045197957,25.54955469585833,0.0054,0.45,4
0.0055139767585892,0.002159349527511,0.6371558269483647,-0.4433990744321447,22.34828019790101,0.0054,0.45,4
0.0054690242451721,0.0020179689663555,0.6116393657373832,-0.4513060980201299,22.110787410634696,0.0054,0.45,4
0.0054240729845284,0.0018765872843178,0.5873463553577859,-0.4554798154980536,21.869655377843163,0.0054,0.45,4
0.0053791234806988,0.0017352053854791,0.5643832202429843,-0.4559073898626943,21.626286952903907,0.0054,0.45,4
0.0053341755717739,0.0015938247453181,0.54286319545162,-0.4526048305572926,21.38268787209261,0.0054,0.45,4
0.0058127959405295,0.0035349877464023,0.9658625101061764,-0.2086559164582606,24.07735466290381,0.0054,0.45,4
0.0057676615710554,0.0033938164415795,0.9304474161315134,-0.2459337815436887,23.94827385153524,0.0054,0.45,4
0.0057225405247254,0.003252542815176,0.8954134402563613,-0.2808985748919427,23.801447570136165,0.0054,0.45,4
0.0054077810355703,0.0022629454502655,0.6659217903781403,-0.4423513329123829,22.389988764035365,0.0054,0.45,4
0.0054527372970548,0.0024043258869744,0.6964768099856394,-0.4293977103181481,22.622706266263425,0.0054,0.45,4
0.005677509085664,0.0031111987598486,0.8607968290403406,-0.3132880509776841,23.638131208570087,0.0054,0.45,4
0.0054976915813882,0.0025457047729533,0.7279209929614966,-0.4128520556824323,22.847533143017884,0.0054,0.45,4
0.0055426429180869,0.0026870825610641,0.7601571030850917,-0.3928221152645408,23.0629593482888,0.0054,0.45,4
0.0056325451871654,0.0029698337074668,0.826668087035017,-0.3428693793005486,23.45969843341197,0.0054,0.45,4
0.0055875925851243,0.0028284601808589,0.7930986869643027,-0.3694415590084619,23.26750163516576,0.0054,0.45,4
0.0057873130926018,0.0048353954247553,1.4242978416334169,0.1258175123172491,24.31107186986229,0.0054,0.45,4
0.0058543703201882,0.0045922147459723,1.3220186464183146,0.0706290276533269,24.36619408266065,0.0054,0.45,4
0.0057502698479459,0.0046939400501373,1.385623278182796,0.0822433246558129,24.3511514483079,0.0054,0.45,4
0.0058213284713611,0.0044503195601709,1.2809468502465402,0.027229705830199,24.37481237619143,0.0054,0.45,4
0.0058936191919866,0.0042038861628379,1.174297873401997,-0.0283306717789476,24.37966137468016,0.0054,0.45,4
0.0057828722511356,0.0043081336504363,1.2408736203590494,-0.0168021119852196,24.366539089189786,0.0054,0.45,4
0.0058450281599134,0.0040621243449452,1.137336762855857,-0.0730213986477221,24.338090078532577,0.0054,0.45,4
0.0057976454567338,0.0039203931596249,1.1000554266789404,-0.1164405277266602,24.275735049797174,0.0054,0.45,4
0.0057520666875794,0.0037794860780582,1.0626269610652803,-0.1580174698829719,24.19333151085584,0.0054,0.45,4
0.005706718376582,0.0036384929512253,1.025181893773267,-0.1979241748076841,24.090920016167697,0.0054,0.45,4
0.0057684190429559,0.0052217888492824,1.5555912288624023,0.2239509216842817,24.14975652575407,0.0054,0.45,4
0.005686705030959,0.0049373166522727,1.4853392162348025,0.1377991358090255,24.30073639215217,0.0054,0.45,4
0.0057266977644817,0.0050790842861066,1.521145678989152,0.1810646742596587,24.234644921645323,0.0054,0.45,4
0.0056708790986683,0.0053248650520506,1.6115349879360723,0.235915677043574,24.12535377935916,0.0054,0.45,4
0.0055757497385529,0.0054275992032264,1.6648655324508697,0.2483164094237743,24.12463807578636,0.0054,0.45,4
0.005064312876807,0.0059288753762992,1.9040857145615075,0.3085418942948923,24.20319342114469,0.0054,0.45,4
0.0052381989924697,0.0058566358839521,1.8494467357329183,0.3102172096658977,24.086166438285144,0.0054,0.45,4
0.0051348243595135,0.0058614904434795,1.875023610555925,0.2998960062099453,24.19971287087297,0.0054,0.45,4
0.005486781447414,0.0055353228469423,1.7159386245766337,0.2630439418286894,24.109135551669823,0.0054,0.45,4
0.0054009971083091,0.0056564379723983,1.7670914086204943,0.2815985286372227,24.098122590914947,0.0054,0.45,4
0.0053021247459984,0.0057542133215825,1.8131280485253016,0.2931341722666087,24.124992541770144,0.0054,0.45,4
0.0001363059168482,0.0091703792080304,0.3582413123957931,0.0157321657049111,37.62800414319164,0.0054,0.45,4
0.0002142841696973,0.0091523304462497,0.4130147831200639,0.0287712684090243,36.513267958347136,0.0054,0.45,4
0.0002753194332296,0.0091105820709347,0.5215941159723194,0.0447430602031678,35.68700245549065,0.0054,0.45,4
0.0003461646848105,0.0091071608199582,0.542577257419489,0.0583393613593835,34.55021690777438,0.0054,0.45,4
0.0004323661312842,0.0091069922790866,0.5618018802362097,0.0751363350379236,33.38620999388065,0.0054,0.45,4
0.0005832653750004,0.0090297356822434,0.762082039061413,0.1287736321562882,31.933028681675665,0.0054,0.45,4
0.0004862382963222,0.0090080416725086,0.7847807105799741,0.1093035842533333,33.1426607790354,0.0054,0.45,4
0.0049596450811132,0.0058696170163918,1.9193787827961704,0.2831819237202124,24.340232872622007,0.0054,0.45,4
0.0045499550190831,0.0068030358361731,2.069328600996906,0.4620258964775336,24.03778052730833,0.0054,0.45,4
0.0045842333019826,0.0066713139621503,2.0682918731715443,0.437179697237041,24.12894693373153,0.0054,0.45,4
0.0047478658656477,0.0065023709079685,2.033857594822156,0.411531540154489,24.101860887413835,0.0054,0.45,4
0.0048746749189362,0.0059292665823581,1.9503680937143304,0.2892409148239954,24.39453619456661,0.0054,0.45,4
0.0048962146512117,0.006036476316677,1.960985869194393,0.3176256399998373,24.339806108283288,0.0054,0.45,4
0.0048364129858292,0.0061371569676073,1.9879939304329748,0.3362174291962052,24.292606606408807,0.0054,0.45,4
0.0047757680757976,0.0063811832401377,2.022817868479478,0.3872027538333876,24.17119752045443,0.0054,0.45,4
0.0048010809859145,0.0062576017375659,2.008339832660002,0.3613192144231716,24.24279817323184,0.0054,0.45,4
0.0046141121942434,0.0065432907794741,2.0632957600947246,0.4117468167260623,24.22498630805076,0.0054,0.45,4
0.0014423120423938,0.0088188548416465,1.2845518925905972,0.4192530020839971,25.824356343289143,0.0054,0.45,4
0.0015289178928584,0.0088075339021158,1.3106644894088326,0.4437459383759801,25.48351434668279,0.0054,0.45,4
0.0016860795321622,0.0086729445698186,1.4836769220565806,0.4951128029094631,25.561025197995665,0.0054,0.45,4
0.0015994700084632,0.0087428956236747,1.3966893424140847,0.4688373366732126,25.55063416309655,0.0054,0.45,4
0.000910752016901,0.0089999546959318,0.9034711680588822,0.2267730947274197,28.53247930050942,0.0054,0.45,4
0.000667742138597,0.0089376257442161,0.9572096619718672,0.171859581923996,31.49304534168333,0.0054,0.45,4
0.0007337351792593,0.0089480955442447,0.9522134144690136,0.1886582192009727,30.518370590143423,0.0054,0.45,4
0.0008146914105209,0.0089722940180757,0.9273840865118428,0.2061629602642952,29.589577605428072,0.0054,0.45,4
0.0010815054428094,0.0089441960224652,1.038842194144718,0.2914958144522316,27.42739973720749,0.0054,0.45,4
0.0009892636297279,0.0089110838175093,1.0705856199996964,0.2714637318551383,28.416321009870263,0.0054,0.45,4
0.0013361468283371,0.0088435053164492,1.2359706821043452,0.3861561069711667,26.321878360312887,0.0054,0.45,4
0.0011573564692899,0.008879421726753,1.153515964653428,0.3278799326002297,27.23869243533848,0.0054,0.45,4
0.0012392228882372,0.0088271226300164,1.242542585990723,0.3610138144944187,27.061820383536705,0.0054,0.45,4
0.0044123036445744,0.0068432509588847,2.0937132940951746,0.4638798637359279,24.179528280273868,0.0054,0.45,4
0.0040009419270588,0.0072985904539421,2.096636007976574,0.5375721137116004,24.183847923237,0.0054,0.45,4
0.004236093783131,0.0071420206699746,2.087992386731008,0.5149096448720282,24.06514551640598,0.0054,0.45,4
0.004118344833866,0.0072152985040822,2.0949243104701534,0.5251975651712278,24.119742731768657,0.0054,0.45,4
0.0042453957946626,0.0070091871222423,2.107771441917869,0.4902302756914899,24.247313671942617,0.0054,0.45,4
0.0042789839925953,0.0068827608255764,2.116894557001828,0.4663177579339466,24.34043805613308,0.0054,0.45,4
0.0038872269524569,0.0073801228092315,2.09485695387922,0.5497469461280796,24.246351431255047,0.0054,0.45,4
0.0038026264512713,0.0074721784877929,2.0816257917816725,0.5639261695514876,24.20105350022156,0.0054,0.45,4
0.0038589561897867,0.0072505957250022,2.134298885890392,0.525908119116984,24.468615323304387,0.0054,0.45,4
0.0036878672096436,0.0074943013797827,2.093563376574058,0.5660657492865746,24.399680078100506,0.0054,0.45,4
0.0035820712418405,0.0075483003648137,2.0923307412683587,0.5729713572964689,24.42428383874276,0.0054,0.45,4
0.0034860012306976,0.0075104115710997,2.122351256124865,0.5645155748049746,24.691344120957133,0.0054,0.45,4
0.0031611751294856,0.0076908912972435,2.1029819678780384,0.5853779949242869,24.89609333696396,0.0054,0.45,4
0.0032642188731917,0.0076203340930868,2.1172315229477223,0.5772713497138237,24.89931553587028,0.0054,0.45,4
0.0033808190589175,0.0075518084343424,2.1251882021449124,0.5690801286284383,24.77787022937756,0.0054,0.45,4
0.0030669474437557,0.0076581996437591,2.133717032887729,0.5760682875733418,25.1913553281964,0.0054,0.45,4
0.0029664532787331,0.00768449736606,2.1383817037937045,0.5758197254819061,25.31974556093581,0.0054,0.45,4
0.0028466944206983,0.0077381663825877,2.1313365414852647,0.5780571447559284,25.463487661666008,0.0054,0.45,4
0.002718203993957,0.0077849511767423,2.1269299835820417,0.577089678538005,25.65441863894549,0.0054,0.45,4
0.002604698015136,0.0078494763268948,2.1078987444113264,0.578495593037058,25.817619109924443,0.0054,0.45,4
0.0016947582942575,0.0085442558840228,1.623148690430807,0.5023232210046289,26.126155791715064,0.0054,0.45,4
0.001791594028496,0.0085006065744099,1.6686497339781563,0.5232050532422289,25.98995275425434,0.0054,0.45,4
0.0024260502848875,0.0080037235319808,2.035068090808132,0.5833817648486218,25.80109179912753,0.0054,0.45,4
0.0024706440142053,0.0078785540628722,2.110227230651285,0.5707142730372543,26.036002739754085,0.0054,0.45,4
0.0019872596235677,0.0084245242487854,1.738722270206282,0.5589096123907779,25.55879273201191,0.0054,0.45,4
0.001854873636637,0.0084036466551422,1.7620698846839298,0.5341634266934606,26.164770088430178,0.0054,0.45,4
0.0020836255107366,0.0083132056124943,1.8329114990337825,0.5696636994100394,25.678228782602467,0.0054,0.45,4
0.0022064581459691,0.0082343448777122,1.8890741855087207,0.5815553002032919,25.56746559160378,0.0054,0.45,4
0.00230034606274,0.0081580588566619,1.9395459751857336,0.5867343151345131,25.662860186752592,0.0054,0.45,4
0.0023082498013,0.0080338776622277,2.029047333763528,0.5740299997493351,26.065710242944608,0.0054,0.45,4
0.0053628226145557,0.0021215668634987,0.6363645402830868,-0.4516323750427915,22.15088211079092,0.0054,0.45,4
0.0053178654000377,0.0019801845456003,0.607920884334422,-0.457188847930633,21.90688746197274,0.0054,0.45,4
0.0052729119792291,0.0018387987893472,0.580716549219055,-0.4589968779226152,21.6594680614752,0.0054,0.45,4
0.0052279635093043,0.0016974123548477,0.5548844700237315,-0.4570610420990748,21.410008509456475,0.0054,0.45,4
0.0051830196469913,0.0015560294714855,0.5305631612509799,-0.4514158032695864,21.16052569328834,0.0054,0.45,4
0.0056615275282089,0.0034973840632437,0.9877700572892644,-0.2358954046131975,23.96931164345068,0.0054,0.45,4
0.0056163886226463,0.0033561408926435,0.9504562483818608,-0.2716773704417443,23.82931382409932,0.0054,0.45,4
0.0055713303962687,0.0032147985821761,0.91329927365943,-0.3050022250606755,23.672040265525776,0.0054,0.45,4
0.0052566291190649,0.0022251646595302,0.6650874520947015,-0.4519669418561454,22.197611195279205,0.0054,0.45,4
0.0053015940077592,0.00236655051315,0.6985778145773912,-0.4413224957688472,22.438516981279903,0.0054,0.45,4
0.0053465552103694,0.0025079278001607,0.7329124022625014,-0.427027092779065,22.67175480463065,0.0054,0.45,4
0.0055263540350772,0.0030734272758665,0.876384257041451,-0.3356185101224927,23.49875745414298,0.0054,0.45,4
0.0053915069196553,0.0026493009267224,0.7679674991472697,-0.409175289447899,22.895827227221044,0.0054,0.45,4
0.0054364533512894,0.002790675581958,0.8036309618676377,-0.3878878636434649,23.10928995056153,0.0054,0.45,4
0.0054814010618132,0.0029320524234211,0.839800552108754,-0.3633115377381633,23.310733576036693,0.0054,0.45,4
0.0056478187604429,0.0047955707057239,1.4480931120293985,0.094125610881989,24.34694201561608,0.0054,0.45,4
0.0057120476835475,0.0045530115602098,1.3466885010063512,0.0384635782979378,24.36916854656207,0.0054,0.45,4
0.0056061422112672,0.0046554513450105,1.4110885146262742,0.0501895583528412,24.372161801270423,0.0054,0.45,4
0.0056722019670149,0.0044117840988705,1.307411605232483,-0.0054951118868005,24.36637863589536,0.0054,0.45,4
0.005738107529804,0.0041667446716955,1.2024552448542425,-0.0609661614265003,24.336100492516447,0.0054,0.45,4
0.0056299209859572,0.0042703799777202,1.268096298935573,-0.0494077924545699,24.343521468484628,0.0054,0.45,4
0.005692107863508,0.0040248365837273,1.1638882669056745,-0.1045215657149131,24.282821398156724,0.0054,0.45,4
0.0056462320222289,0.0038833967566195,1.1251931277980474,-0.1466985279884636,24.2082955417502,0.0054,0.45,4
0.0056007345714609,0.0037421683490272,1.0862569709514938,-0.187236786775277,24.11356700079865,0.0054,0.45,4
0.005555429996699,0.003600982969353,1.047115731312416,-0.225920746348347,23.99911752297356,0.0054,0.45,4
0.0056288913087374,0.0051821423388998,1.579056923744352,0.1935126239843261,24.22386932222699,0.0054,0.45,4
0.005544974400466,0.0048983517235287,1.5102053319377082,0.106408122133249,24.35194224410638,0.0054,0.45,4
0.0055869983505232,0.0050396731867999,1.5451412262978892,0.1501698793111598,24.29829776782077,0.0054,0.45,4
0.0055314335089473,0.0052868568413241,1.635733483028541,0.2066267069783488,24.221247666825604,0.0054,0.45,4
0.0054369461704305,0.0053939290015445,1.6904348962073212,0.2210263276298694,24.22236047707857,0.0054,0.45,4
0.0050372477709046,0.005805167291843,1.8882223851771047,0.275371382266638,24.31007458687296,0.0054,0.45,4
0.0051650620232333,0.0057391331409642,1.843269781589384,0.2734622586334343,24.23695323043736,0.0054,0.45,4
0.0053457514402909,0.0055053705195121,1.7433074741001229,0.2372509832220435,24.22787499151934,0.0054,0.45,4
0.0052548380303535,0.0056175602507563,1.7937883209191978,0.2539841161345219,24.221592452881666,0.0054,0.45,4
0.0049407468362098,0.0057484195183467,1.9014491266800648,0.2506112099897203,24.453983311996463,0.0054,0.45,4
0.0001410836720119,0.0091107032479203,0.5047166402107331,0.0220561896673924,37.67233383422791,0.0054,0.45,4
0.0002218628430907,0.0090609718814758,0.6282517399387418,0.0416031517020375,36.64288569366773,0.0054,0.45,4
0.0003024056429758,0.0090290033162378,0.708898884019848,0.0626175000958584,35.63227947156356,0.0054,0.45,4
0.0003922862731839,0.0090189384454074,0.7440002253873633,0.084271633131595,34.18020310220064,0.0054,0.45,4
0.0004322131874057,0.0089358731040741,0.9185354378733942,0.1080968614350429,34.1526150739856,0.0054,0.45,4
0.0005700451187428,0.0089215940596313,0.9682390171727026,0.1473271414818393,32.32320422094097,0.0054,0.45,4
0.0005009786329487,0.0088990943774081,0.9990164513651444,0.1320375499665205,33.4877693173716,0.0054,0.45,4
0.0048630950407203,0.0058107897133456,1.933191323947284,0.2582835173826405,24.505140458594127,0.0054,0.45,4
0.0047917354875126,0.0058672485143149,1.9612583095378784,0.2653870031467391,24.529637125570748,0.0054,0.45,4
0.0044478822440356,0.0067137457609181,2.0951526337447643,0.438875086463794,24.27388970172388,0.0054,0.45,4
0.0044794420020962,0.0065845814663934,2.092600947790606,0.4126850232902642,24.36088818419344,0.0054,0.45,4
0.0046436383768396,0.0064176553538027,2.0540550026056263,0.3858538719712434,24.30324238740982,0.0054,0.45,4
0.0047491829031846,0.0059983013227813,1.991986247209155,0.294440134766691,24.51049659117868,0.0054,0.45,4
0.0047051532548354,0.0061560494435872,2.0216412294966264,0.329386285272322,24.44747973726075,0.0054,0.45,4
0.0046731847674179,0.0062914261670373,2.0406246296827883,0.3590068055419712,24.37389577043423,0.0054,0.45,4
0.0045101325222483,0.0064573045501522,2.085588177512418,0.3858589221521253,24.44056251670552,0.0054,0.45,4
0.0006294027737965,0.0088567814759889,1.094586168631907,0.1750619415762204,32.20549533354843,0.0054,0.45,4
0.0013868792568914,0.0087495892239882,1.366042987782821,0.4128759662799804,26.606004717649007,0.0054,0.45,4
0.0014843147368869,0.0087133448309253,1.421339958703468,0.4429376405849701,26.322228145100635,0.0054,0.45,4
0.0015896982601544,0.008621052086515,1.5361715763198345,0.4754840831746728,26.25140027846906,0.0054,0.45,4
0.0008942496827953,0.0088830656212015,1.0965109007092702,0.2488202052398005,29.393483214523968,0.0054,0.45,4
0.0007081360053634,0.0088524456235928,1.114634634437553,0.1989739476750169,31.35890167081469,0.0054,0.45,4
0.0007991084987544,0.0088612115047417,1.1150775320824504,0.2245504768079092,30.44280779882347,0.0054,0.45,4
0.0010665959908332,0.0088375101231906,1.199160871391147,0.3086413769079281,28.259708224595663,0.0054,0.45,4
0.000967425032457,0.0088065907592542,1.2296104844019522,0.284004006899743,29.23182013450896,0.0054,0.45,4
0.001286870954511,0.0087285707095546,1.3820505754537318,0.3879461726350058,27.37340861255484,0.0054,0.45,4
0.0011623744632745,0.0087579331397289,1.327845309961187,0.3487247387534408,28.04152065051301,0.0054,0.45,4
0.0043128899967935,0.0067538618042531,2.121452730529393,0.440775675132874,24.426599797821897,0.0054,0.45,4
0.0039857923002771,0.0071613429726078,2.1307595856728168,0.5120702303215631,24.40349283739701,0.0054,0.45,4
0.0040993893750744,0.0070574619201766,2.1286719107785306,0.4951942698627287,24.361733115371973,0.0054,0.45,4
0.0041501874091673,0.0069256678301311,2.1383513817102084,0.4702871921393237,24.447178451552645,0.0054,0.45,4
0.0041793453723258,0.0067946013249353,2.146981463862918,0.4434833141605492,24.571157178700904,0.0054,0.45,4
0.0038526945916027,0.0071146575740477,2.167033917341698,0.4990537651339704,24.703551800274383,0.0054,0.45,4
0.0037340250187317,0.0073518188472401,2.130173805383867,0.5418121671602719,24.51759802939091,0.0054,0.45,4
0.0037369283170987,0.0071921692596361,2.172779107204448,0.5111662630841999,24.77402602967556,0.0054,0.45,4
0.0035694063242503,0.0074098097705713,2.1424773468171305,0.5486079848079265,24.724283563017284,0.0054,0.45,4
0.0034222646020694,0.0074209890031431,2.166024944335889,0.5465287995360856,24.95611050597034,0.0054,0.45,4
0.003147014875118,0.0075578733603549,2.164359907850572,0.5619750897757707,25.23099700963668,0.0054,0.45,4
0.0032876742759407,0.007482353879134,2.16883927434883,0.5534844346069702,25.09498635326563,0.0054,0.45,4
0.0030137055483397,0.0075712873159082,2.182710747691988,0.5581970072581893,25.48300172277898,0.0054,0.45,4
0.0030549972771392,0.0074531358766453,2.224759674037317,0.5378715251043652,25.65189822563036,0.0054,0.45,4
0.0028864602564437,0.0076128376361726,2.186823970370721,0.5588218256305915,25.67651284757308,0.0054,0.45,4
0.0027589462893923,0.0076623124113395,2.1852564395513,0.5593969823521111,25.87127312990776,0.0054,0.45,4
0.0026326313160069,0.007711572404886,2.181403022007761,0.5583971883164763,26.086677089472463,0.0054,0.45,4
0.002507300870129,0.007758439906621,2.1762245183924827,0.555434536378212,26.28743985280445,0.0054,0.45,4
0.001589288484111,0.0084914258293848,1.6777210914250926,0.4790081443587858,26.863280234583154,0.0054,0.45,4
0.0017129649659894,0.0084121359212453,1.757914166100525,0.5060402953131905,26.75667812578145,0.0054,0.45,4
0.002338155839647,0.0079186388280562,2.103546287287379,0.5623865114083313,26.344459760549807,0.0054,0.45,4
0.0023740472957937,0.0077999004441853,2.1733804540196604,0.5486442424077338,26.5740011348916,0.0054,0.45,4
0.0018064001668932,0.0082979755908791,1.862544848601811,0.5204120067357968,26.80364457955352,0.0054,0.45,4
0.0019379115731155,0.0083032984922476,1.8499170458608176,0.544855525593502,26.260714747432235,0.0054,0.45,4
0.0020078970367044,0.0082137587632905,1.921797545235004,0.5505206816334025,26.42457261255897,0.0054,0.45,4
0.0020998303069908,0.0081904151112739,1.9331290505231344,0.5627794124984443,26.14589305939625,0.0054,0.45,4
0.002174165830294,0.0080920440274297,2.002200474313678,0.5637582864805047,26.24949785936065,0.0054,0.45,4
0.0022045143051269,0.0079566539008203,2.096276951982565,0.5513292459021898,26.59287506125445,0.0054,0.45,4
0.0052116537271838,0.0020837897913573,0.6325824075730192,-0.4588945262828313,21.950544173383943,0.0054,0.45,4
0.0051666849744307,0.0019424022226202,0.6012016262566946,-0.4620698824510634,21.69876448328648,0.0054,0.45,4
0.0051217275033502,0.0018010053748404,0.5710995568789156,-0.4614869289612414,21.44375249053101,0.0054,0.45,4
0.0050767822213863,0.0016596073483571,0.5424369202240277,-0.4571696213658053,21.18686702883136,0.0054,0.45,4
0.0050318488551653,0.0015182193144968,0.5153782341628098,-0.4491732790126649,20.930159776172264,0.0054,0.45,4
0.0055102505561749,0.0034597353209309,1.0078034699708975,-0.262509523710648,23.86579886989433,0.0054,0.45,4
0.005465162251217,0.0033183990643929,0.96838093560703,-0.296750126187087,23.714466835991672,0.0054,0.45,4
0.0054201604851869,0.0031770251171096,0.9289381637212758,-0.3283851393331446,23.5462362177052,0.0054,0.45,4
0.0051054533233556,0.0021874193234514,0.6612829726225421,-0.4605428293233525,22.00199961677367,0.0054,0.45,4
0.0051504545145089,0.0023288004468745,0.6977503835014282,-0.4522513950521474,22.252319901502734,0.0054,0.45,4
0.0051954352775925,0.0024701696752637,0.7350409245672208,-0.4402516277419868,22.49515079830643,0.0054,0.45,4
0.005240383802913,0.002611526418848,0.7730013168425919,-0.4246252699176273,22.72892595313239,0.0054,0.45,4
0.005375207461515,0.0030356450472025,0.8895747435131341,-0.3571846558399054,23.362300457701505,0.0054,0.45,4
0.0052853190266073,0.0027528902266585,0.8114948030195376,-0.4054784870410644,22.952303762976506,0.0054,0.45,4
0.0053302622869386,0.0028942659996294,0.8503919657116438,-0.3829441408989971,23.1638881540504,0.0054,0.45,4
0.0055020393713572,0.0047580581711971,1.4745129652796651,0.0623868549335756,24.384794551254966,0.0054,0.45,4
0.0055647692489636,0.0045148205414974,1.372844829094033,0.0061826204190465,24.377327308560098,0.0054,0.45,4
0.0054592664898197,0.0046176271841589,1.4374507849777294,0.0182519249921193,24.39782499263413,0.0054,0.45,4
0.0055221158647283,0.0043740921796754,1.3339777119301688,-0.0377129926328736,24.3616590012364,0.0054,0.45,4
0.0055855492525129,0.0041288895937268,1.2287166722779552,-0.0928776866517759,24.299108840875046,0.0054,0.45,4
0.0054786362494205,0.0042326490292109,1.294180194606568,-0.0812840049390603,24.32512466811993,0.0054,0.45,4
0.0055402732810255,0.0039874208516375,1.1890264998157043,-0.135380709325259,24.232956510700504,0.0054,0.45,4
0.0054948582859574,0.0038460133027567,1.1488781854582724,-0.1764894349457742,24.14581514180032,0.0054,0.45,4
0.0054494694946912,0.0037046812373663,1.1082840490427357,-0.2158838584815174,24.038437818138046,0.0054,0.45,4
0.0054041805651328,0.0035633582484894,1.0672611421014924,-0.2532883565089588,23.91154435244148,0.0054,0.45,4
0.0053986716970109,0.004861264969163,1.53719082242449,0.0751121735907321,24.406653587532656,0.0054,0.45,4
0.0054875017216445,0.0051434213901876,1.603982676344063,0.1631593262711983,24.303933785548825,0.0054,0.45,4
0.0054431378909861,0.0050017252346157,1.571184375375771,0.1192421642169307,24.365578304452217,0.0054,0.45,4
0.005389211029041,0.0052501749238061,1.661830087198389,0.1774050536476665,24.31504620200994,0.0054,0.45,4
0.0052941002318254,0.0053593431768486,1.717666442752548,0.1930537000827298,24.331136540447662,0.0054,0.45,4
0.0050204626803525,0.005675566069078,1.8660630590736675,0.240881622082402,24.377358451064307,0.0054,0.45,4
0.0051137576069546,0.0055802103419666,1.8207698470273908,0.2273707868342893,24.366828028358967,0.0054,0.45,4
0.0052015387909078,0.0054701287083498,1.7711262022129433,0.2098305415833598,24.350959215951185,0.0054,0.45,4
0.00492476115846,0.0056451258811342,1.8842427451104216,0.2221312304180848,24.5065725936629,0.0054,0.45,4
0.0048441065672876,0.0056882338430541,1.9144365415166544,0.2244740730125725,24.57481906625034,0.0054,0.45,4
0.0001531951261403,0.0090086931904566,0.7375740861458281,0.0323732598111778,37.65395908376944,0.0054,0.45,4
0.0002448890144891,0.0089545190170558,0.8582627214980948,0.0574971226875065,36.489447913005584,0.0054,0.45,4
0.0003572177707382,0.0089045154488641,0.9703848225921402,0.091990693478454,35.293626443651426,0.0054,0.45,4
0.0004456292263412,0.0088322020087723,1.1144429280244126,0.1247209581107562,34.25188559346078,0.0054,0.45,4
0.0005482077145704,0.0088125505390102,1.1612050863237389,0.1571110479331475,33.32417268348859,0.0054,0.45,4
0.00476034425828,0.0057578053859835,1.9500866609577827,0.2337838516028495,24.60855933493885,0.0054,0.45,4
0.0046839172988085,0.0058572449108289,1.987486562562116,0.2520643173899283,24.67013419942484,0.0054,0.45,4
0.004601667713625,0.0059350247027596,2.0207806805851054,0.2644952792949823,24.67188978428908,0.0054,0.45,4
0.004344693692408,0.0066252753200357,2.121561750146581,0.4141134392623052,24.514315780598547,0.0054,0.45,4
0.0043755980576596,0.0064965584256293,2.1171034335486243,0.3863736571303841,24.592804405573258,0.0054,0.45,4
0.0045401979648659,0.0063289547156645,2.0742492563936654,0.3578584272810081,24.50827847996342,0.0054,0.45,4
0.0046036869147186,0.0060679431441171,2.0372181056630283,0.2987093821829956,24.624124392558148,0.0054,0.45,4
0.0045731192139179,0.0061993102156138,2.0577290244163287,0.3289637400486196,24.56076211940736,0.0054,0.45,4
0.0044059399028556,0.0063670115169621,2.108071082710058,0.3574862730191712,24.666601883363885,0.0054,0.45,4
0.0045004637685726,0.0059877019418439,2.054227207345112,0.2690664297210731,24.8011071394988,0.0054,0.45,4
0.0006508113951081,0.0087742621942669,1.2373844278215256,0.1923141957589369,32.314458457789385,0.0054,0.45,4
0.0013811998626282,0.0086443408018983,1.4964630448713236,0.4212716902976341,27.14855476434369,0.0054,0.45,4
0.0014810691982082,0.0085722939531854,1.586365338900814,0.4509769569402281,27.09876846408451,0.0054,0.45,4
0.0014878800920819,0.0084579248083336,1.712838285796133,0.4546528018075472,27.59746654261668,0.0054,0.45,4
0.0008640286065171,0.0087780641134196,1.2583789954671307,0.2568190354758006,30.24116873342541,0.0054,0.45,4
0.0007553826276633,0.0087647010568327,1.265363874183178,0.2255662277186325,31.352739422672844,0.0054,0.45,4
0.0010479262655278,0.0087279994697617,1.3556191973191571,0.318513897235767,28.975546625819504,0.0054,0.45,4
0.0009425520962609,0.0087015149967549,1.3819513731900797,0.2898745560498601,30.06186405256708,0.0054,0.45,4
0.0012142160849326,0.0086592079335052,1.465107689734591,0.3738954089318976,28.13080795891036,0.0054,0.45,4
0.0012879306144423,0.0086181603951825,1.522396220934089,0.3976196254506283,28.03961392778592,0.0054,0.45,4
0.0011254146686618,0.0086439852165007,1.477940718610817,0.3496997464138239,28.94531008681054,0.0054,0.45,4
0.0042102829758761,0.0066657138574353,2.1500891348029083,0.4161152750841941,24.670369117929614,0.0054,0.45,4
0.0039595356389701,0.0070313391164176,2.1614592634185823,0.4853140158901174,24.5870165313795,0.0054,0.45,4
0.0040375528902111,0.0069496341211062,2.158462495096491,0.471013451211853,24.62741045941183,0.0054,0.45,4
0.0040481431479999,0.0068336695059494,2.1716765615339373,0.4462786726757182,24.732219153744747,0.0054,0.45,4
0.0040758004520794,0.0067058883359997,2.178249730026032,0.4185396197534554,24.84127193335578,0.0054,0.45,4
0.0038470268984668,0.0070020037058862,2.1904880274514578,0.4751513678759781,24.863836451942703,0.0054,0.45,4
0.0037279282050441,0.0070504946647008,2.206942769391112,0.4813814394131098,24.99005510191567,0.0054,0.45,4
0.0036088283357947,0.007250339915922,2.182977543679683,0.5190740659958967,24.886351213384696,0.0054,0.45,4
0.0036391295110058,0.007135107819845,2.206759017979816,0.4962532139667706,25.049830698444325,0.0054,0.45,4
0.0034643893840754,0.0072921142170283,2.199908764220853,0.5227989295688428,25.140159766403205,0.0054,0.45,4
0.00332319728,0.0073407045849118,2.212901028937269,0.5273570190628111,25.30635863692125,0.0054,0.45,4
0.0031885309668127,0.0074024137983225,2.218154803790464,0.5341289922165401,25.44399462562566,0.0054,0.45,4
0.003096703925671,0.0073208822917595,2.266402208378973,0.5131003245919579,25.82557430284025,0.0054,0.45,4
0.0029240184512616,0.0074943132493806,2.2333318506728506,0.5387638999771821,25.861532311377484,0.0054,0.45,4
0.0029595326708365,0.0073726188626433,2.2759700761032087,0.5162885626101995,26.02380795708977,0.0054,0.45,4
0.0027969966882318,0.0075391387552204,2.2379056431927533,0.5394051447167404,26.07314963620217,0.0054,0.45,4
0.0026726910637134,0.0075872081080765,2.238499377322116,0.5393441976849421,26.27520920178358,0.0054,0.45,4
0.0025477489004285,0.0076342612424131,2.2375197598983045,0.5375882189204471,26.517387586552925,0.0054,0.45,4
0.0024140356809133,0.0076768749554934,2.2383463060189257,0.5322914954812247,26.795318068632778,0.0054,0.45,4
0.0015663180431192,0.0083549419738964,1.818730726990472,0.4719844623710608,27.66775033846352,0.0054,0.45,4
0.0016871414210282,0.0082926353998598,1.873597917902451,0.4956581697589467,27.3264266425655,0.0054,0.45,4
0.0017412246818462,0.0081847544742595,1.967912898313152,0.499780766783819,27.53170692478832,0.0054,0.45,4
0.0022455441462588,0.0078391169406967,2.168816725530366,0.5397864291440467,26.86136168741294,0.0054,0.45,4
0.0022786731257983,0.0077198657953543,2.23701351604082,0.5246587699956522,27.09844165736933,0.0054,0.45,4
0.001891112796813,0.0081631526014543,1.9743208084854056,0.5264965424027376,27.036483898988457,0.0054,0.45,4
0.0020270050758023,0.0080987221547728,2.0126768938874093,0.5428531353818479,26.77511712323884,0.0054,0.45,4
0.0020775444579907,0.0079770660938076,2.0981183636460963,0.5362753601604419,27.008364153272822,0.0054,0.45,4
0.0021436243272649,0.0078753344608086,2.1600826551597865,0.531825905233464,27.13602597271184,0.0054,0.45,4
0.0050604538693162,0.0020460262160327,0.6258035194214341,-0.4650756415405785,21.745666152586576,0.0054,0.45,4
0.0050154609374575,0.0019046215258791,0.5914872362309742,-0.4658322956099292,21.48476957994301,0.0054,0.45,4
0.0049705002109366,0.001763196740187,0.5585144900259681,-0.4628264051247111,21.220811840155463,0.0054,0.45,4
0.0048806564808246,0.0014803745731632,0.4973640793543991,-0.4457456638146409,20.68982015126617,0.0054,0.45,4
0.0049255644579229,0.0016217724403994,0.5270760634227591,-0.4561042729520202,20.95511797584884,0.0054,0.45,4
0.0053590228586534,0.0034219994151645,1.0258557427166626,-0.2884397767427283,23.76613283859518,0.0054,0.45,4
0.0049542489827928,0.0021497138118044,0.6544913719895459,-0.4679546676860985,21.80160672631052,0.0054,0.45,4
0.0053139846408737,0.0032806240683383,0.9841567144874892,-0.3210810114977502,23.602967457833987,0.0054,0.45,4
0.0052690112756064,0.0031392408314932,0.9422684351892152,-0.3509775461402644,23.42309950324814,0.0054,0.45,4
0.0049993247168057,0.0022911054211168,0.6939735045424578,-0.462068062521216,22.06270702699028,0.0054,0.45,4
0.0050443579671988,0.0024324606037442,0.7342750689884542,-0.4524167996159082,22.31640721886436,0.0054,0.45,4
0.0050892837244817,0.0025737656899158,0.7752117755539851,-0.4390736922986046,22.560998055655062,0.0054,0.45,4
0.0051342138178191,0.0027151081804555,0.816633122983394,-0.4221219115088327,22.79532121443853,0.0054,0.45,4
0.005224062903422,0.002997856423925,0.9003031980593573,-0.3779118858136716,23.22770706656788,0.0054,0.45,4
0.0051791349258423,0.0028564741048341,0.858379213933597,-0.4016851225573292,23.01801827477752,0.0054,0.45,4
0.0053546873178266,0.0047206371651914,1.501441281099554,0.0307807741821083,24.427771249170352,0.0054,0.45,4
0.0054163041839118,0.0044771742729181,1.399198945096412,-0.0257178510097008,24.39005479891526,0.0054,0.45,4
0.0053110626009331,0.0045799175256645,1.4640279667281189,-0.0134493747623622,24.42779182129556,0.0054,0.45,4
0.0053723208449553,0.0043361488235554,1.359820125032629,-0.0694853529752358,24.361307304605884,0.0054,0.45,4
0.0054342686734515,0.0040913003216619,1.2537963929163924,-0.124010373214696,24.26724025326269,0.0054,0.45,4
0.005328341922078,0.0041949716187753,1.3192266602770653,-0.1124797685446487,24.311274355340423,0.0054,0.45,4
0.0053891989363447,0.0039499552824197,1.21278227166812,-0.1655769266947625,24.187945483519773,0.0054,0.45,4
0.005343839095195,0.003808565737229,1.1710586338994668,-0.2056332788035973,24.087760307579632,0.0054,0.45,4
0.0052984168294564,0.0036671369053385,1.1286282721968417,-0.243853919899578,23.96741829284441,0.0054,0.45,4
0.0052529420646777,0.0035256306580331,1.0855424586649585,-0.279963690712611,23.827548542545685,0.0054,0.45,4
0.0052509279114665,0.0048241265128099,1.5647248829699147,0.04392206952908,24.466714373228022,0.0054,0.45,4
0.0052959925166343,0.0049652904487168,1.5989891344034166,0.0885068138526415,24.43684568445417,0.0054,0.45,4
0.0053420362272786,0.0051065726146005,1.631160582438801,0.1329044489666072,24.386933129111,0.0054,0.45,4
0.0052442986590324,0.0052137372005276,1.6894167699421911,0.1480419572880166,24.414032798887884,0.0054,0.45,4
0.0051484019229871,0.0053238829878243,1.7462188101492313,0.1646397002807754,24.44461221378681,0.0054,0.45,4
0.0049746906702038,0.0055522517920358,1.8503636775403265,0.2035355101176419,24.491720089617623,0.0054,0.45,4
0.0050535390246264,0.0054351061219018,1.8009209367852776,0.1821176829257095,24.48765628403027,0.0054,0.45,4
0.0048475100065474,0.0055626067294875,1.8865877900445585,0.1914568383067893,24.618383139048817,0.0054,0.45,4
0.004734036247615,0.0056096488442373,1.927497960237924,0.1914524546083014,24.705944963458084,0.0054,0.45,4
0.0001680484819144,0.0088736869883087,1.0139791543044157,0.044049048268032,37.73222824708683,0.0054,0.45,4
0.0002654286614017,0.0088206987266926,1.1198671424707871,0.0741585633486935,36.51876759341568,0.0054,0.45,4
0.0003633449936306,0.0087693656650073,1.2187972090499335,0.1061171372319045,35.56962294567723,0.0054,0.45,4
0.0004683593953047,0.0087313729997429,1.2906331590876314,0.140824934562971,34.47333694424021,0.0054,0.45,4
0.0005764440537303,0.008697673396165,1.3538251806165562,0.1768361685054498,33.43836626877904,0.0054,0.45,4
0.0046495197296266,0.0057172631849214,1.9719518663902853,0.2114649514400314,24.76848768307909,0.0054,0.45,4
0.0045738400913933,0.0058056128379852,2.008042978950193,0.2276189794208108,24.818414956936635,0.0054,0.45,4
0.0045022334589734,0.0058838908526733,2.0395249583181747,0.2417225148205707,24.84155032916693,0.0054,0.45,4
0.0042413488537882,0.0065369527025987,2.1482399693513083,0.3877781303778278,24.75171584961331,0.0054,0.45,4
0.0042716871661379,0.006407388637948,2.141739122820267,0.3582911616794841,24.8227675865363,0.0054,0.45,4
0.0044353800846258,0.0062371922400485,2.094625155889546,0.32763963204513,24.72374035725903,0.0054,0.45,4
0.0044777064899467,0.0061096513550611,2.0737201102751244,0.2986761432713529,24.772148258810034,0.0054,0.45,4
0.00430240689116,0.0062734165026958,2.1302309476647783,0.326917074463964,24.890833854269776,0.0054,0.45,4
0.0044084895967543,0.0060208051699523,2.082349969929134,0.269794816393222,24.92111540253557,0.0054,0.45,4
0.0044047376968255,0.0059093529481705,2.0694661619368087,0.2396539138767764,24.99329304403417,0.0054,0.45,4
0.0006909497938462,0.0086657054488427,1.4120000200203513,0.2151361795853736,32.37544205375236,0.0054,0.45,4
0.0013541079983012,0.0085084434695344,1.655679080658807,0.4201104360085588,28.06328658800557,0.0054,0.45,4
0.0014130799689947,0.0083660908754155,1.811510162408373,0.4351650856523533,28.417441886718454,0.0054,0.45,4
0.0008254579539711,0.0086512848131881,1.444183445740938,0.2586078227716042,31.276641089016103,0.0054,0.45,4
0.0010238303096995,0.0086199160387798,1.5022966997223792,0.3212680270642169,29.655287536952347,0.0054,0.45,4
0.0009304321622083,0.0085980015358123,1.525474790225122,0.294411875028136,30.63534367369338,0.0054,0.45,4
0.0012098085608719,0.0085475443057745,1.605313297462484,0.3795580550645479,28.79876787434421,0.0054,0.45,4
0.0010963797604662,0.0085510471561101,1.595760410729798,0.3466443810711984,29.566816029283974,0.0054,0.45,4
0.0041077219745686,0.0065775090659882,2.1788637724331577,0.3898211372018332,24.919839027693115,0.0054,0.45,4
0.0039156729463838,0.006896370628418,2.19299284845806,0.4546831274367325,24.903382489615645,0.0054,0.45,4
0.0039433721901576,0.006748901636746,2.205228124302007,0.422113376321479,25.012703365737533,0.0054,0.45,4
0.0039749577079839,0.0066177548992505,2.208849425123088,0.3923038455558241,25.099604228531955,0.0054,0.45,4
0.003772630723722,0.0069146265539449,2.22237991132692,0.4528617611831598,25.093023929956388,0.0054,0.45,4
0.003608328659395,0.0070482661899278,2.233465782712489,0.4762656609270901,25.18064143815944,0.0054,0.45,4
0.0036387557697933,0.0069466311158349,2.2472733599168304,0.4545368853258945,25.297697752500365,0.0054,0.45,4
0.0035117455763999,0.0071338404073162,2.2345619329852155,0.4913661137275423,25.284544950553308,0.0054,0.45,4
0.0033508941860973,0.0071970016200873,2.252045361663152,0.4984296906082979,25.51778112447672,0.0054,0.45,4
0.0032215714400656,0.007259618451824,2.260833685830503,0.5061031686481701,25.63101012192018,0.0054,0.45,4
0.0031151829973903,0.0072116100159429,2.2992366127595725,0.4903262351901601,25.99614779139255,0.0054,0.45,4
0.0029813138477473,0.0072375440303008,2.320614844651742,0.4886106341485087,26.24948734798481,0.0054,0.45,4
0.0028314782572908,0.007418111853996,2.2840931509780416,0.5177293695447652,26.26791198547635,0.0054,0.45,4
0.0028682685074483,0.0073118555779077,2.318451072435322,0.497632705633755,26.40172603422501,0.0054,0.45,4
0.0027085610461551,0.0074626709071906,2.290012756995496,0.517972838970385,26.456835020146126,0.0054,0.45,4
0.0025912620955275,0.0075132929571786,2.28985767385628,0.5185361515739827,26.69512996747821,0.0054,0.45,4
0.0024560192287854,0.0075525939954379,2.296764971816984,0.5137123450130178,26.99019219921056,0.0054,0.45,4
0.0023205434513328,0.0075962063557145,2.299482630874141,0.507592645653407,27.29454360365236,0.0054,0.45,4
0.001796907595538,0.0080706990009008,2.0589773578328376,0.5002214345367072,27.73422996029948,0.0054,0.45,4
0.0014663024745594,0.0082494525812877,1.9266931694075864,0.4438318464960691,28.63039899377571,0.0054,0.45,4
0.0016068940158085,0.0082160552138561,1.9497318957792744,0.473978992707937,28.10909568921225,0.0054,0.45,4
0.001656636338856,0.0081040393844251,2.0450638708396345,0.4756331876318409,28.2834593293389,0.0054,0.45,4
0.0021386947407036,0.0077635244416616,2.233503329450246,0.5140836842050968,27.44508738749165,0.0054,0.45,4
0.0021800215725355,0.0076436491927146,2.298562374150578,0.4992517838253851,27.634188980193795,0.0054,0.45,4
0.0019215130488204,0.0079956211614564,2.1043951120741955,0.5142026920056787,27.493287517766984,0.0054,0.45,4
0.0020128297683032,0.007836487494695,2.20577381376499,0.5074307958781631,27.695467448809787,0.0054,0.45,4
0.0049091947665215,0.0020082836326804,0.6160244468349391,-0.4700418247780014,21.53463407035356,0.0054,0.45,4
0.0048641602276344,0.0018668320595085,0.5787844575269107,-0.4683327267647396,21.263223059986004,0.0054,0.45,4
0.0048192066269862,0.0017253479688008,0.5429829114226828,-0.4628631597791968,20.98888360706263,0.0054,0.45,4
0.004729451940876,0.001442453084536,0.4765860268046601,-0.4409706904044324,20.437642905023605,0.0054,0.45,4
0.0047742991401665,0.0015838683878016,0.5088418878374085,-0.4537058831912187,20.71297153637226,0.0054,0.45,4
0.0048029577867203,0.0021120591152037,0.6446986621359763,-0.4740540099550389,21.5948164603022,0.0054,0.45,4
0.0052078148302826,0.0033842231221455,1.0418677985899905,-0.3136122446442521,23.66964854984112,0.0054,0.45,4
0.0048481929492321,0.0022535088521053,0.6872326488208759,-0.470634705167882,21.868082994842663,0.0054,0.45,4
0.0051628321800423,0.0032428442019652,0.9977207859119072,-0.3445950175086776,23.493993656155062,0.0054,0.45,4
0.0051178588920425,0.0031014524819859,0.9532220719195802,-0.3727013046973806,23.301673357371943,0.0054,0.45,4
0.0048933794121911,0.0023948635098475,0.7305942549392966,-0.4633912967250371,22.134220391156404,0.0054,0.45,4
0.0049382905291461,0.002536079424325,0.7745636423994141,-0.4523949543523406,22.390958147870894,0.0054,0.45,4
0.0049831332610941,0.0026773258807174,0.8189881817378567,-0.4377128140687433,22.63711834686348,0.0054,0.45,4
0.0050280330663834,0.0028186666500387,0.8636926400571382,-0.4194375076825073,22.871999694673217,0.0054,0.45,4
0.0050729208240473,0.0029600568364005,0.9084974833932036,-0.3977126876562366,23.09390163365002,0.0054,0.45,4
0.0052063073554387,0.0046828692063019,1.5284712963360902,-0.0006762436155662,24.47497088203021,0.0054,0.45,4
0.0052676887258195,0.0044389637343806,1.4249712708069378,-0.0573316278890646,24.407190048067125,0.0054,0.45,4
0.005162963761096,0.0045415006293497,1.4900332770270197,-0.0448761605545944,24.46188886099736,0.0054,0.45,4
0.0052237856260858,0.0042982241645238,1.3846806107980132,-0.1005559350542759,24.36537155035688,0.0054,0.45,4
0.005283889009151,0.0040538651899748,1.2776717463366334,-0.1544039687513869,24.240000421994527,0.0054,0.45,4
0.0051794057663205,0.0041575800417015,1.343140529198484,-0.1428404455871378,24.30207760821968,0.0054,0.45,4
0.0052387863173688,0.0039126545897816,1.235179218878285,-0.1950204669747303,24.1474139745742,0.0054,0.45,4
0.0051932864181294,0.0037712366855074,1.1916947253687935,-0.2340160665848596,24.03384913747448,0.0054,0.45,4
0.0051476234205683,0.0036296139904414,1.1472256077431886,-0.2710614566543736,23.900068803898943,0.0054,0.45,4
0.005101735274134,0.0034878564630037,1.1018884081685687,-0.3058614258173583,23.746564343207567,0.0054,0.45,4
0.0051029483031709,0.0047859172890382,1.5920252484978452,0.0127885110610355,24.53078126139979,0.0054,0.45,4
0.0051494334136463,0.0049280577760426,1.626674829956621,0.0579477613613578,24.513901121219785,0.0054,0.45,4
0.0051960008412269,0.005070148371235,1.6591383934388986,0.1029294760113858,24.47466696277137,0.0054,0.45,4
0.0050980519781487,0.0051774684971534,1.7180377411010614,0.1187761265369587,24.51664082911107,0.0054,0.45,4
0.0049996763170346,0.0052884551798571,1.7763266056371008,0.1360724497042384,24.5600728300351,0.0054,0.45,4
0.0048912889263158,0.005415207384902,1.839398586534988,0.1569837113510296,24.618680007100995,0.0054,0.45,4
0.0047701145928204,0.0054700022612778,1.8858764665132988,0.1575445784515239,24.688943397701383,0.0054,0.45,4
0.0046707371387386,0.0055023243574511,1.9206027568957509,0.1551695583664008,24.81757095987584,0.0054,0.45,4
0.0046024301488107,0.005573904025649,1.9556604381577856,0.1674727258436449,24.86429985095833,0.0054,0.45,4
0.000180047676838,0.0087480581741832,1.2458161485639228,0.0529085897458937,37.73741624039954,0.0054,0.45,4
0.0002789202689629,0.0087019205286193,1.3284309053976875,0.0846007196480324,36.64852117751308,0.0054,0.45,4
0.0003826741033466,0.0086583421608972,1.4038193491365405,0.1186475405132245,35.63635378773626,0.0054,0.45,4
0.000493858664207,0.0086180869072857,1.4716168630835875,0.155854057577444,34.544947068102026,0.0054,0.45,4
0.0006090711896258,0.008581580585648,1.531161919851023,0.1944260115412128,33.527074120891164,0.0054,0.45,4
0.004523659976879,0.0056735987627786,1.9977928064752504,0.1866921488094766,24.92258124087961,0.0054,0.45,4
0.004433842597156,0.0057769561198987,2.041287845628711,0.2062200825925489,24.99911351998323,0.0054,0.45,4
0.0041380820071906,0.0064491277311285,2.174926300983437,0.3600765926877898,24.987809117872448,0.0054,0.45,4
0.0041692401035988,0.0063199552478069,2.165928571640032,0.3293438898090357,25.036021631152423,0.0054,0.45,4
0.0043348964667652,0.0061254043379246,2.112139400313359,0.2912226394529089,24.958016235326177,0.0054,0.45,4
0.0041939402390503,0.0061892608111362,2.1538020801615336,0.2970243049504644,25.089347585950502,0.0054,0.45,4
0.0042952169956553,0.0059803696667864,2.108179520085302,0.2491953060307389,25.108252183820152,0.0054,0.45,4
0.0042928868457083,0.0058427148138381,2.0905757173176305,0.2111735771876533,25.15827183148357,0.0054,0.45,4
0.0007331090877791,0.0085487041922736,1.583005280570034,0.2355553784332043,32.45152610791373,0.0054,0.45,4
0.0012725133281731,0.0084101240693619,1.7657510609618647,0.3989906568420018,28.9980921759364,0.0054,0.45,4
0.0013237240261172,0.0082850210481975,1.8981023760358304,0.4098234190808996,29.23458329686693,0.0054,0.45,4
0.0008604525445845,0.008516128895188,1.631852915870913,0.2766687129026949,31.54518200417684,0.0054,0.45,4
0.001000328157744,0.0084968917987014,1.660882014948191,0.3202447776358129,30.630486056573424,0.0054,0.45,4
0.0011275745602025,0.0084432046435165,1.7275738320909289,0.3584754844310622,29.83874942215009,0.0054,0.45,4
0.0040064922560756,0.0064894966866602,2.207197107011812,0.3622334434134893,25.171088576868943,0.0054,0.45,4
0.0038113350116822,0.0067864498867594,2.231964652815097,0.4247295474465606,25.19350944027357,0.0054,0.45,4
0.0038423200656183,0.0066563021652093,2.238438153556913,0.3947227575513319,25.27810642151496,0.0054,0.45,4
0.003875527305464,0.0065285686890077,2.2388878478157586,0.3644817860880918,25.354665555841155,0.0054,0.45,4
0.003671697489839,0.006821624968302,2.2605775708747635,0.426577587755975,25.40213316024713,0.0054,0.45,4
0.003512370481814,0.0069893653301951,2.268115423942873,0.4588418174956543,25.508262984669354,0.0054,0.45,4
0.0035365005793012,0.0068591735818191,2.287235488533732,0.4291133323803554,25.63318877291569,0.0054,0.45,4
0.0033733119436859,0.0070468230522029,2.287103338156951,0.4658428557765259,25.67283489991326,0.0054,0.45,4
0.0032111493735199,0.0071089090122957,2.3083947957876823,0.4722532726862205,25.939958433972823,0.0054,0.45,4
0.0030580094203086,0.0071133421266031,2.3425015757707257,0.4648398184661096,26.24397735819309,0.0054,0.45,4
0.0029421785692292,0.0071296864470874,2.364420966013077,0.4614552004885844,26.509438373786377,0.0054,0.45,4
0.0028290039943083,0.0072028727473082,2.366796041967634,0.470959569963206,26.67148087574929,0.0054,0.45,4
0.0027309876968439,0.0073284473854043,2.341975578964291,0.4917443263366391,26.725569089954657,0.0054,0.45,4
0.0026206586859409,0.0074060056261475,2.33279624823024,0.4992797097911818,26.85510905693389,0.0054,0.45,4
0.0024987720226312,0.0074275766045051,2.348520111826263,0.4930171755599978,27.16684532868258,0.0054,0.45,4
0.0023663895436592,0.0074681035037956,2.356317549132847,0.4879416968759468,27.461758893108392,0.0054,0.45,4
0.002228661996647,0.0075162688713315,2.359171785271957,0.4817572471216689,27.792196903345644,0.0054,0.45,4
0.0013640776475492,0.0081640815952228,2.014479758273666,0.4135623468456026,29.513851797529583,0.0054,0.45,4
0.0017945989525703,0.0079598777930748,2.146479804054311,0.4871838017762554,28.07219335763002,0.0054,0.45,4
0.0016993582627197,0.0079937626971068,2.1314538487536665,0.4730340342212393,28.45428229528818,0.0054,0.45,4
0.0015233602274843,0.0081110443462865,2.0508456423095294,0.4475049485647471,28.895688257143608,0.0054,0.45,4
0.0015983754692886,0.0080216515069955,2.119659886994411,0.4553044052658059,28.831938770465506,0.0054,0.45,4
0.0020448151999272,0.0076957418275658,2.29105314276165,0.4898203856402773,28.00573801937984,0.0054,0.45,4
0.0020887281949396,0.0075687180615239,2.357335942493439,0.4736326614250197,28.170131124314484,0.0054,0.45,4
0.001855563708691,0.0078663938163819,2.207170160694196,0.4858573406237983,28.158972167855325,0.0054,0.45,4
0.0019115850305467,0.00774579916107,2.2811132799975256,0.4775231043067555,28.287612509254384,0.0054,0.45,4
0.0047578059953283,0.0019705575861465,0.6032392737865137,-0.4736318412023738,21.315741359756785,0.0054,0.45,4
0.0047127494858586,0.0018290061194482,0.5630986632314333,-0.469396244962107,21.032391321996148,0.0054,0.45,4
0.0045782889025545,0.0014043579727117,0.4531184556564246,-0.4346468339730775,20.17179005196364,0.0054,0.45,4
0.0046678176261484,0.0016874114881849,0.5245261877175039,-0.4614111602556122,20.74626687628644,0.0054,0.45,4
0.0046229997753038,0.0015458125033294,0.4877760701940044,-0.449777171521542,20.45859749343373,0.0054,0.45,4
0.0046515222062901,0.0020744124138979,0.6318718699462426,-0.4786609741796625,21.37978483963062,0.0054,0.45,4
0.0046969279607466,0.0022160013005261,0.6774960128811688,-0.4777932161641803,21.6673301926195,0.0054,0.45,4
0.0050566737689772,0.0033464606128945,1.0557673445064746,-0.3379354911483819,23.57573604618301,0.0054,0.45,4
0.0047425822331158,0.0023574748614221,0.7239930384732189,-0.4730214291771416,21.947551918236,0.0054,0.45,4
0.0050116707197927,0.0032050656053233,1.0089999867743498,-0.3672111077508447,23.38675666682467,0.0054,0.45,4
0.0049666887884046,0.0030636588650995,0.961721488895396,-0.3934642369995374,23.18091710845258,0.0054,0.45,4
0.0047876636804345,0.0024986317711244,0.7710538140553888,-0.464430337969798,22.217779646969493,0.0054,0.45,4
0.0048321882604738,0.0026395890358547,0.8185061184522141,-0.4521140721652766,22.47689729213511,0.0054,0.45,4
0.0048770149114984,0.0027808133606413,0.8662472603336822,-0.4360847713521833,22.72468179200324,0.0054,0.45,4
0.004921783375466,0.0029222213403655,0.9140733487666776,-0.4164856273356649,22.959846713069723,0.0054,0.45,4
0.0050585843527623,0.0046436439391511,1.5546444093907732,-0.0319940687584631,24.52626288691049,0.0054,0.45,4
0.0051197066270361,0.0044008085325899,1.4500684806281343,-0.0883342552440354,24.428367526815908,0.0054,0.45,4
0.0050166138838307,0.0045020270492806,1.5147793547382855,-0.0758469952503349,24.49929406387013,0.0054,0.45,4
0.0050756588401915,0.0042607378313072,1.4088440348428286,-0.1308925103773086,24.373497391058947,0.0054,0.45,4
0.0051344345477104,0.0040168243523263,1.3003488431115038,-0.1839476489009711,24.21727474310134,0.0054,0.45,4
0.0050310817828422,0.0041207990331845,1.3661554673241425,-0.1723395628271007,24.29651355321359,0.0054,0.45,4
0.0049505313483367,0.0034500981775297,1.1162391372556189,-0.3308941707599213,23.66838103609193,0.0054,0.45,4
0.0050890691484879,0.0038757678698426,1.25623124784867,-0.2235962786915835,24.11118536914947,0.0054,0.45,4
0.0050432799524088,0.0037341978128447,1.2107601463521709,-0.2615324658467122,23.98394635697681,0.0054,0.45,4
0.0049971269218151,0.0035920963406157,1.1639789770761952,-0.2974377848945805,23.835922814226013,0.0054,0.45,4
0.0049558398200242,0.0047458641283865,1.618401050220671,-0.0183003982715746,24.59924728181992,0.0054,0.45,4
0.0050016098705435,0.0048898517021862,1.6545551728659866,0.0273139134953186,24.594330326809324,0.0054,0.45,4
0.0050491210388357,0.0050330123322701,1.6875395633888044,0.0729277318114139,24.569657413278662,0.0054,0.45,4
0.0049524314296418,0.0051400202740148,1.7466864708670249,0.0895087812931661,24.6302306069644,0.0054,0.45,4
0.0048543871639197,0.0052391216263351,1.802352770152727,0.1043218239860584,24.685262882341444,0.0054,0.45,4
0.0046733310305591,0.0054169487978334,1.899367324380108,0.1318550963568263,24.83837036382433,0.0054,0.45,4
0.0047474977857272,0.0053248483747103,1.8552355710073325,0.1150391930303498,24.76812800096223,0.0054,0.45,4
0.0045739965126611,0.0054418123258669,1.9332978799489944,0.1276224998618789,24.95788337440698,0.0054,0.45,4
0.0044812537928827,0.0055349574185817,1.980843417972376,0.1437098398253113,25.019482003653675,0.0054,0.45,4
0.0027736125471693,0.0008478432283777,0.0337832052285543,-0.0884664276989613,15.142472437869104,0.0054,0.45,4
0.0027137246300184,0.0008183409274892,0.0214691825096935,-0.0608274975547778,14.83466957761755,0.0054,0.45,4
0.0001894057145424,0.0086388135838108,1.4282854062946084,0.0588424386186922,37.7843344150832,0.0054,0.45,4
0.000292993453941,0.0085894815949153,1.5075109637981348,0.0927957265218113,36.73166094847942,0.0054,0.45,4
0.0004026881364349,0.008543230201734,1.579105708903266,0.1293114416769123,35.67729895148151,0.0054,0.45,4
0.0005189440233101,0.008499767687914,1.643565517158038,0.1681870527059955,34.63724021246065,0.0054,0.45,4
0.0006411178315234,0.008459366909576,1.700582454049633,0.2086658670619274,33.62009599534985,0.0054,0.45,4
0.0043954809877327,0.0056291396069979,2.0247500488193952,0.1613323177385286,25.104162683373445,0.0054,0.45,4
0.0042900888372176,0.0057098381285554,2.0696150060064897,0.1737875390718787,25.20851747854527,0.0054,0.45,4
0.0040401733741841,0.0063622787191954,2.2000266399698094,0.3317110433234839,25.22618529812685,0.0054,0.45,4
0.0040710505753666,0.0062364281813717,2.188780447552054,0.3006430952118759,25.268497016727363,0.0054,0.45,4
0.004187784627748,0.0060535399049781,2.1449717830493813,0.2602721352870603,25.19203281564121,0.0054,0.45,4
0.0040973820371769,0.0061289686194214,2.1756339133621814,0.2736267974613738,25.294998885387542,0.0054,0.45,4
0.0041675434950177,0.0059243903783932,2.136524687182422,0.2229684450940938,25.29194880061204,0.0054,0.45,4
0.0041628997159448,0.0057913267986039,2.1192507381505354,0.185112617635593,25.362163567481048,0.0054,0.45,4
0.0007694730972371,0.008419048866718,1.7539674711671174,0.2502861541407904,32.63860808207618,0.0054,0.45,4
0.0011890209692582,0.0083101919668334,1.876074158303558,0.3743823113387414,29.98611582474025,0.0054,0.45,4
0.0012519578148781,0.008205841911592,1.9808727498271768,0.3871478742523858,30.06906824391952,0.0054,0.45,4
0.0009040025120992,0.0083823669642314,1.799060453952501,0.2921815872007329,31.70122873061172,0.0054,0.45,4
0.0010452561399384,0.0083422157009833,1.8446822234370643,0.3342084087948749,30.88931239948771,0.0054,0.45,4
0.0039106721822929,0.006402774032922,2.2337546535864963,0.3340299332510796,25.412992414363075,0.0054,0.45,4
0.0037092899880218,0.0066931325729379,2.2678632584303107,0.396917967733746,25.484968036747983,0.0054,0.45,4
0.0037459975296432,0.0065655655993741,2.269904355411841,0.366528301948974,25.547125578943312,0.0054,0.45,4
0.00378205123787,0.0064417028065019,2.2667965523513067,0.3362905529838513,25.59919715257938,0.0054,0.45,4
0.0012403389831854,0.0080911140156596,2.0914870953558293,0.3766742387856452,30.50044009834165,0.0054,0.45,4
0.0035720438786188,0.0067292567009041,2.298003881821206,0.3988232432891306,25.715806140573488,0.0054,0.45,4
0.0034002614909676,0.0069032374046886,2.3122249102950843,0.433133051998901,25.83833498277061,0.0054,0.45,4
0.0034339428927433,0.0067675043432649,2.3274619863966883,0.4011959434022106,25.949487589227022,0.0054,0.45,4
0.0032539360781386,0.0069490355540656,2.338259218814553,0.4367070481287931,26.071841660560867,0.0054,0.45,4
0.0031051388351735,0.0069849322967696,2.3658620964148844,0.4370990119781224,26.37227775531513,0.0054,0.45,4
0.0029802313672649,0.0070225644509364,2.3865300063331207,0.4384821308107098,26.585779363985704,0.0054,0.45,4
0.0028599132092483,0.0070736776141728,2.4009019935385507,0.4428885159013612,26.860078537670244,0.0054,0.45,4
0.0028939270205685,0.0069737179779569,2.4204508425681928,0.4208778705627909,26.943529828633565,0.0054,0.45,4
0.0027304407288832,0.0071193351448946,2.4174233780163608,0.4443707035032478,27.082598409401268,0.0054,0.45,4
0.0026892691588829,0.0072199471166366,2.39223314124109,0.4643334480657691,27.011320887691248,0.0054,0.45,4
0.0025737507682889,0.0072982349362422,2.3882640965259188,0.4724066846808878,27.223284125756432,0.0054,0.45,4
0.0024185966136756,0.0073311347887436,2.4081111086570464,0.4649268321385476,27.597184447237336,0.0054,0.45,4
0.0022758067210875,0.0073848582979199,2.4142409706125174,0.4610094164412834,27.94989371923491,0.0054,0.45,4
0.0021411232535479,0.0074366353520734,2.416767134011167,0.4552922202317791,28.29976073312832,0.0054,0.45,4
0.0013780981299311,0.0080379446939899,2.1275711242585267,0.4069154920833853,29.87720546524816,0.0054,0.45,4
0.001737561729964,0.0078878131513423,2.2077731967049403,0.467486933216165,28.66307275946764,0.0054,0.45,4
0.001610401952139,0.0079230691569199,2.197130924723041,0.4467981139642378,29.1219784578962,0.0054,0.45,4
0.0015019689065211,0.0079765726874511,2.1671006160648907,0.4295343215712942,29.512498116278028,0.0054,0.45,4
0.0020101302577632,0.0074792277630088,2.420468622661249,0.4460156963666608,28.656952804100964,0.0054,0.45,4
0.0019405619434144,0.0076142245360899,2.357997553618428,0.4603610819998506,28.54929085391391,0.0054,0.45,4
0.0017840323955647,0.0077850020561216,2.2742432110541384,0.4616124008007687,28.772530497910463,0.0054,0.45,4
0.0018287932710396,0.0076770924106737,2.3382891576556784,0.4527553122241294,28.8668110685449,0.0054,0.45,4
0.0044273182943281,0.0013659876335963,0.4270670124029962,-0.4265374878788252,19.890277569875508,0.0054,0.45,4
0.004606244170265,0.0019327739239687,0.5874219486798108,-0.475647992436594,21.087005544444512,0.0054,0.45,4
0.0045612130282628,0.001791127623425,0.5444423923969427,-0.468813959172516,20.79048615263469,0.0054,0.45,4
0.0044717428095853,0.0015074432151517,0.4639211814152534,-0.4440728000904316,20.18959376621992,0.0054,0.45,4
0.0045163336665122,0.0016492968736392,0.5031628640052315,-0.4582409019197277,20.49056625427058,0.0054,0.45,4
0.0028649203754947,0.0008834276229442,0.05361955513532,-0.1264465869105258,15.47543495287909,0.0054,0.45,4
0.004500077795823,0.0020366249587853,0.6159460614397654,-0.481549256483082,21.154976966573454,0.0054,0.45,4
0.0045463152583418,0.0021787336930562,0.6647872097388258,-0.483320100145356,21.458586771360856,0.0054,0.45,4
0.0045921727158827,0.0023204449939546,0.7144896244391691,-0.4811269788587419,21.755032452792715,0.0054,0.45,4
0.0049055013576481,0.0033086941305961,1.0674778592133745,-0.3613367962583083,23.483584066819777,0.0054,0.45,4
0.0046374942613613,0.0024615594283987,0.764697428405947,-0.4750233253861243,22.040760930129224,0.0054,0.45,4
0.00486050296753,0.0031672862598276,1.0179056587874935,-0.3888301259911213,23.28024615925142,0.0054,0.45,4
0.0048154468643107,0.0030258458769532,0.9676834465017476,-0.4131627493819774,23.059468464888283,0.0054,0.45,4
0.0046821018296688,0.0026022461676063,0.8152142682078051,-0.4651131921545124,22.31392755693946,0.0054,0.45,4
0.0047261946161787,0.0027428872027163,0.865950183253594,-0.451485852431555,22.574954288544475,0.0054,0.45,4
0.0047707594764054,0.002884190017453,0.9168760211010426,-0.434115952864381,22.824390185743795,0.0054,0.45,4
0.0049123865566409,0.0046021431109175,1.5792872960071074,-0.0632358337705337,24.58442969070386,0.0054,0.45,4
0.0049760292940451,0.0043621759192264,1.4732258978521562,-0.1183151095163062,24.45347036036603,0.0054,0.45,4
0.0048753344120884,0.0044603188716591,1.5367931427664738,-0.1061873509378747,24.54132442957761,0.0054,0.45,4
0.0049325510487145,0.0042243468019716,1.4313047584862362,-0.1596520862854193,24.384476009412207,0.0054,0.45,4
0.00498576494684,0.0039804969969195,1.321920938803996,-0.2125337636988336,24.19878284160266,0.0054,0.45,4
0.0048858610376866,0.0040858137110417,1.3880677613710224,-0.2003122452393257,24.2953160243676,0.0054,0.45,4
0.0048007585040839,0.0034123018917437,1.128222391581829,-0.3548225355158648,23.592801824890103,0.0054,0.45,4
0.0048473763574401,0.0035543056523299,1.1785989397947174,-0.3229067389220242,23.77493328681845,0.0054,0.45,4
0.0049401854687595,0.0038397387741269,1.2760225800441491,-0.2511371776421633,24.07952204794169,0.0054,0.45,4
0.0048942534430005,0.0036976294485664,1.2281656355069597,-0.2880328472200414,23.938262155617995,0.0054,0.45,4
0.0048100939911332,0.0047036356848009,1.6434699615888129,-0.0493695773057893,24.66754229251536,0.0054,0.45,4
0.0048510499152053,0.0048497909017457,1.6826232458006063,-0.0037716281568467,24.68238721003662,0.0054,0.45,4
0.0049016250238411,0.0049964282159426,1.716559101323164,0.0433538118457411,24.6673572427154,0.0054,0.45,4
0.0048117970002587,0.0051057627267871,1.7752536597640114,0.0620979877836432,24.730845905877405,0.0054,0.45,4
0.0047485223794714,0.0051985696142402,1.820117166363953,0.0801046077160124,24.763987302447124,0.0054,0.45,4
0.0046188779754537,0.0053176027654472,1.8892026703487268,0.0978357718778155,24.886157578933364,0.0054,0.45,4
0.0046636408247539,0.0052247436547771,1.8512596783952704,0.0771243623131201,24.86597970521329,0.0054,0.45,4
0.004515854356475,0.0053135806109254,1.917197823646188,0.0849402821502364,25.022170067255804,0.0054,0.45,4
0.0043541942595022,0.0054893147665022,2.0065861440279384,0.1174833883368188,25.17966736734927,0.0054,0.45,4
0.0044411040753754,0.0054010946512248,1.960826229149733,0.1015533520741835,25.08045241331784,0.0054,0.45,4
0.0027754743717937,0.0009461140583906,0.0455391612918494,-0.1065287483061943,15.354866631138506,0.0054,0.45,4
0.0027058174789416,0.0008877594104298,0.0264713685141184,-0.0689808395683427,15.008971168412064,0.0054,0.45,4
0.0026609706980926,0.0008390386956407,0.0148684406691026,-0.0424434036812404,14.719039070842603,0.0054,0.45,4
0.0026353500060306,0.0008065556710146,0.0086646710415033,-0.0264974462094533,14.631342799377606,0.0054,0.45,4
0.0026316414996609,0.0007408833886747,0.0045982233102619,-0.01557527189413,14.234028528624457,0.0054,0.45,4
0.0001987394187317,0.0085238110574877,1.603543341332896,0.0636525455992098,37.83693080824728,0.0054,0.45,4
0.0003078495627092,0.0084715509249022,1.6789933370995165,0.0997570696176215,36.78582434232618,0.0054,0.45,4
0.0004228389300307,0.0084218930398785,1.74728169583148,0.1379445873103897,35.75062070964491,0.0054,0.45,4
0.0005441809104817,0.0083732776298368,1.810363755388325,0.1779029736855413,34.739313908278405,0.0054,0.45,4
0.0006717850965486,0.0083260713842305,1.867537973035733,0.2190220913568976,33.76159549893163,0.0054,0.45,4
0.0042562592060501,0.0055765405983144,2.053538739096533,0.1325784111591094,25.292041679108483,0.0054,0.45,4
0.0041455535647106,0.0056613623477309,2.1020770138142386,0.1463406899002661,25.41364588513861,0.0054,0.45,4
0.0039460806026131,0.0062757656857815,2.223639878426141,0.3025670603989008,25.458933375463094,0.0054,0.45,4
0.003979487095577,0.0061423400048881,2.208883565633089,0.2685922348715885,25.496261790676105,0.0054,0.45,4
0.0040447395433492,0.0060088140092099,2.180221927315617,0.2364561532851259,25.445830643574485,0.0054,0.45,4
0.0040422958017091,0.0058719396928916,2.165185716154152,0.1976126162601375,25.504498518613065,0.0054,0.45,4
0.0040355657334745,0.0057390692844988,2.1474326856124084,0.1589004552229309,25.5691059121217,0.0054,0.45,4
0.0008065117140068,0.0082803321415429,1.918473407778356,0.2608990627266834,32.834491195338785,0.0054,0.45,4
0.0011122905101357,0.0081744241822852,2.020229626669774,0.3475781612233097,31.02860821452691,0.0054,0.45,4
0.0009497995349582,0.008234445384548,1.964856453808388,0.3031869482827818,31.91381608708323,0.0054,0.45,4
0.003820589095792,0.0063203309742447,2.258195333157115,0.3062080719319905,25.63665592209293,0.0054,0.45,4
0.003612767092721,0.0065997012623724,2.301721148089555,0.367843583935838,25.771476234759465,0.0054,0.45,4
0.0036567473716916,0.0064746657073424,2.298764474182148,0.3374170034257124,25.80225334900569,0.0054,0.45,4
0.0036986219268907,0.0063602180848944,2.291161670562722,0.3091100278052094,25.818054996231524,0.0054,0.45,4
0.0011235041519545,0.0080438795907329,2.143857574231076,0.3419647970151708,31.35123931421204,0.0054,0.45,4
0.0012534909969289,0.0079731770905213,2.194956338113144,0.3700376390172599,30.81353775738853,0.0054,0.45,4
0.003474054865599,0.0066342222268752,2.334554654275097,0.3690839280558707,26.02666184698739,0.0054,0.45,4
0.0032915069701617,0.0068075225665242,2.3570261370344405,0.4035632955435267,26.18664492546198,0.0054,0.45,4
0.0033322486721817,0.0066714793311443,2.367305050464872,0.3707227779394867,26.27042712249474,0.0054,0.45,4
0.0031441033741763,0.0068457989889532,2.3873000559382187,0.4047744676895389,26.475402889284663,0.0054,0.45,4
0.0029824487755324,0.0068851972976494,2.420043492233399,0.4047234326039866,26.80639611720889,0.0054,0.45,4
0.0027744136612329,0.0069958268082033,2.444163850302839,0.4179538693936858,27.174174374309647,0.0054,0.45,4
0.0028488154427391,0.0068892262971605,2.45292579268369,0.3966327945930525,27.12847341303642,0.0054,0.45,4
0.0026525399934985,0.0070516280849416,2.4573314997356106,0.4220676523602165,27.47571323375966,0.0054,0.45,4
0.0025993469926004,0.0071632313801059,2.433248747931721,0.4440793484019974,27.436061030446627,0.0054,0.45,4
0.0024578144654091,0.007212022797272,2.447717896124189,0.4425604042265567,27.71987006772986,0.0054,0.45,4
0.002315909387337,0.007260166629459,2.460252687450413,0.4388673958101332,28.08524542635232,0.0054,0.45,4
0.0021837585829614,0.0073129492086791,2.466121301012222,0.4351836618126628,28.41618420968429,0.0054,0.45,4
0.0020593286427737,0.0073609266180572,2.469909084060547,0.4294551212979077,28.75547277257479,0.0054,0.45,4
0.001385352124664,0.0079116780937263,2.232206619284158,0.3958359474077996,30.27328756849062,0.0054,0.45,4
0.0016502169142124,0.0078082729097593,2.27716071336678,0.439901526332328,29.31256412712214,0.0054,0.45,4
0.0015171009099213,0.0078508373572714,2.263815664099332,0.4181452873894316,29.81759534260188,0.0054,0.45,4
0.0019439338219103,0.007397515435573,2.4750965162850065,0.4207050122520583,29.10218418106182,0.0054,0.45,4
0.0018869126478477,0.0074975325449005,2.4335390800605947,0.4310160254514779,29.09380121137137,0.0054,0.45,4
0.0018324228435816,0.0075813233400891,2.395865646468452,0.4372418825553711,29.080595312857533,0.0054,0.45,4
0.0017013853977835,0.0076959001172894,2.346280140377765,0.4330494111941894,29.42140575746148,0.0054,0.45,4
0.001754961040293,0.0076078566054632,2.393204735180349,0.4285950078913864,29.43458893080175,0.0054,0.45,4
0.0042768224961692,0.0013272429521787,0.3985843724616117,-0.416374856760655,19.591948535940592,0.0054,0.45,4
0.0043206930320507,0.0014685141018808,0.4373252636127246,-0.4362958196819345,19.90445255277672,0.0054,0.45,4
0.0044545243127385,0.0018948330040945,0.5685366489203928,-0.475848824331499,20.84718302719563,0.0054,0.45,4
0.0044095281555526,0.0017524811727768,0.5226287065617305,-0.466276197990461,20.53430936470048,0.0054,0.45,4
0.0043648464116343,0.0016103053588417,0.4787647445245485,-0.4530166339166057,20.219421976717424,0.0054,0.45,4
0.0041272208489906,0.001288032819295,0.3678847200337528,-0.4038565184374255,19.274461179058594,0.0054,0.45,4
0.0038385479142406,0.0012054836046969,0.301560582561683,-0.3706309175334304,18.58852416561103,0.0054,0.45,4
0.003980400568323,0.0012473276458532,0.3352748981558373,-0.3886147909603403,18.93892751543019,0.0054,0.45,4
0.0043489289735923,0.0019984851393243,0.5968404978074117,-0.4824502037298989,20.91920429144216,0.0054,0.45,4
0.0029963676020183,0.0009280002435199,0.0841734892942465,-0.1749693020829888,15.981923975587785,0.0054,0.45,4
0.0037022539887736,0.0011632348578368,0.2674593368313369,-0.3499718600256725,18.227085039612827,0.0054,0.45,4
0.0035722426541129,0.0011211306171409,0.2336924917780961,-0.3267996608634129,17.859855274014034,0.0054,0.45,4
0.0034494348428591,0.0010800060894057,0.2010965101865697,-0.3014915777148461,17.49062012374425,0.0054,0.45,4
0.003116946232653,0.0009668806474699,0.1137756332796362,-0.2142946401298093,16.39809273618187,0.0054,0.45,4
0.0032227334821324,0.0010029935090991,0.1410445840219704,-0.2452924598141789,16.76214360559467,0.0054,0.45,4
0.0033332365199833,0.0010406151288311,0.1701559521431918,-0.2743112592561899,17.12360543804534,0.0054,0.45,4
0.0028983436683583,0.0009828405065854,0.0741011430861319,-0.1558708771147184,15.889278153159353,0.0054,0.45,4
0.00282686857874,0.0010390279242283,0.0693835123338823,-0.1428530826574446,15.702358859625752,0.0054,0.45,4
0.0043953313752974,0.002141134297599,0.6488826209429736,-0.4870221049493609,21.24063608813555,0.0054,0.45,4
0.0044421817403729,0.0022838869511016,0.7021090848755258,-0.4875141022456598,21.55550955441456,0.0054,0.45,4
0.0044880216001031,0.0024252009402367,0.7555872102604528,-0.4839842154631424,21.85979229678804,0.0054,0.45,4
0.0047552044775952,0.0032709010404117,1.076748900235691,-0.3836193761578624,23.39218396007701,0.0054,0.45,4
0.0045326436800399,0.0025654493213591,0.8091665251303563,-0.4765810865918496,22.14808838854597,0.0054,0.45,4
0.0047098922018288,0.0031296008577991,1.0243076810889693,-0.4092685513434002,23.173500615889424,0.0054,0.45,4
0.0046641581382274,0.0029876145054422,0.9708452572950852,-0.431713520361172,22.93605081403039,0.0054,0.45,4
0.0045764264826661,0.0027053602477416,0.8628541136356885,-0.4653948190115615,22.42367383484024,0.0054,0.45,4
0.0046201288723124,0.0028456563776131,0.9166617629552556,-0.4504615396412916,22.686157477174334,0.0054,0.45,4
0.0047599654401788,0.0045568896067044,1.6037783485096466,-0.0957695733713713,24.636699440426817,0.0054,0.45,4
0.0046952803171169,0.004667014642513,1.661694054105682,-0.0742759577170243,24.71674345865169,0.0054,0.45,4
0.0048377625259642,0.0043243861907876,1.494577853690676,-0.1467461426236099,24.47721101086307,0.0054,0.45,4
0.0047510816935331,0.0044137762464851,1.5518181393051538,-0.1349340147562202,24.552241535888403,0.0054,0.45,4
0.0047927800293878,0.004191718454165,1.4535392333327806,-0.1863928982720187,24.399440421689008,0.0054,0.45,4
0.0046547939729685,0.0033744979115138,1.137387318846795,-0.3772937096657036,23.518845121010305,0.0054,0.45,4
0.0048376971318519,0.0039457349030479,1.3427327806150189,-0.2399441076298858,24.186258658754426,0.0054,0.45,4
0.0047442903331784,0.0040549393085267,1.409710261578925,-0.22613444543706,24.30067321697932,0.0054,0.45,4
0.0047009398584694,0.0035159810348564,1.1904061776711747,-0.3471353804791207,23.71666750092177,0.0054,0.45,4
0.0047468331254116,0.0036610360507295,1.243514410387814,-0.3134813513172564,23.896109787562114,0.0054,0.45,4
0.0047923972599089,0.0038052920251192,1.2947507991189002,-0.2774160390666076,24.05363253866477,0.0054,0.45,4
0.004687563834949,0.0047999021191129,1.7108958595619066,-0.0387668074721023,24.78128122513625,0.0054,0.45,4
0.0046072835850791,0.0046985243036393,1.6971740788876843,-0.0769043744524597,24.82093682035953,0.0054,0.45,4
0.0047504353332408,0.0049632794853612,1.747936041493867,0.0146701855043255,24.766655967976465,0.0054,0.45,4
0.0046651326681394,0.0051001063894637,1.8145646115505056,0.0422943739241502,24.85792044397956,0.0054,0.45,4
0.0045742187748256,0.0051964175519558,1.8684497649913403,0.0584750060566526,24.936620114907445,0.0054,0.45,4
0.0044780640934525,0.0051989455037983,1.8964202927578817,0.0480307004800957,25.05665237036141,0.0054,0.45,4
0.004228649130887,0.0054424967197092,2.0318370209380325,0.0911506541069145,25.342970598534148,0.0054,0.45,4
0.0044045876264084,0.005267439467583,1.9365614208386897,0.0593603452723611,25.13836866105708,0.0054,0.45,4
0.0043224183640852,0.0053516596041855,1.9824038762175968,0.0746527181759286,25.231057578593365,0.0054,0.45,4
0.0027323395120262,0.0010345760935326,0.0495312930571824,-0.1071350022990654,15.448505117094612,0.0054,0.45,4
0.0027986890726136,0.0011138671242281,0.0766157756788446,-0.1487437175380876,15.927373511887296,0.0054,0.45,4
0.0026748051795928,0.0009664155099009,0.0292119944800761,-0.0705336795224326,15.155126211372744,0.0054,0.45,4
0.002641426329941,0.0009110074603598,0.0174775114411184,-0.0461231934694152,14.895233662477944,0.0054,0.45,4
0.0026140200155997,0.0008848141525952,0.0105835750830252,-0.029436699420234,14.758424590560097,0.0054,0.45,4
0.0026092553158704,0.0008182513652625,0.0054482540268261,-0.0167026162604174,14.53888570221196,0.0054,0.45,4
0.000208399892635,0.0084030249995116,1.7712684025312675,0.0675963263932987,37.87299716719344,0.0054,0.45,4
0.0003223283112194,0.0083473100528523,1.843245838664718,0.105053542977108,36.84528646513459,0.0054,0.45,4
0.000442306823849,0.008292498708814,1.90987895842592,0.1441728128722781,35.835080656164386,0.0054,0.45,4
0.0005682484628116,0.0082384844001772,1.9709754425792247,0.1843596638979727,34.85460676132839,0.0054,0.45,4
0.0007012340485941,0.008185250630503,2.0262571910818328,0.2253106155653198,33.90212956793064,0.0054,0.45,4
0.0041101399535448,0.0055235320396998,2.0846635258084514,0.1030363094166018,25.47501703246161,0.0054,0.45,4
0.0040183679420325,0.0056278672367132,2.132673633157974,0.1250074142965059,25.615213483768667,0.0054,0.45,4
0.0038539354406637,0.0061925289928485,2.246131345439508,0.2734223525373682,25.66070900326835,0.0054,0.45,4
0.0038901302087697,0.0060504123215984,2.2273614944688647,0.2362178924495173,25.676660538489987,0.0054,0.45,4
0.0039134675201536,0.0059232950909952,2.20820621209798,0.201839407648542,25.689888858990205,0.0054,0.45,4
0.0039421008671309,0.0058105518037896,2.185442165957522,0.1716250725901596,25.711382173893973,0.0054,0.45,4
0.0039026831781638,0.0057066901162175,2.180775625641364,0.1379660302433224,25.785577731424087,0.0054,0.45,4
0.0008427794819619,0.008134777129146,2.073508063647077,0.2670220835343251,32.997526568524584,0.0054,0.45,4
0.0009879572272398,0.0080925546303473,2.107278837332024,0.307512630297681,32.07167866506148,0.0054,0.45,4
0.0037321756008829,0.0062490005295421,2.281648472524521,0.2807214969070976,25.83762800103329,0.0054,0.45,4
0.0036354110981893,0.0062872146181757,2.308937533309291,0.2848433058179372,26.001048075998465,0.0054,0.45,4
0.0010327217407047,0.0079762603718308,2.211465368430213,0.3118264861048402,32.20288818972876,0.0054,0.45,4
0.0035193683987505,0.0065015474506605,2.3340667692631207,0.3364148662281741,26.059949659972336,0.0054,0.45,4
0.0035820991842621,0.0063793641855514,2.322678607180982,0.3069407565572468,26.06420403632198,0.0054,0.45,4
0.0011309848769231,0.0079110981162731,2.258985036894815,0.3325107639375254,31.71675688338758,0.0054,0.45,4
0.0012626933269745,0.0078432146404533,2.2999515008270497,0.35885172863123,31.154504680321963,0.0054,0.45,4
0.0033752767316377,0.0065358398614443,2.370571366327624,0.3370641161262813,26.331529954416364,0.0054,0.45,4
0.0031903465603973,0.0067076161235781,2.399559867680926,0.371774095979934,26.53315075780013,0.0054,0.45,4
0.0032340774712738,0.0065758187887806,2.404988788690693,0.3392173452578095,26.56905510066028,0.0054,0.45,4
0.0030436262514425,0.0067412876840363,2.4327653091303065,0.3715760942221636,26.85063182883224,0.0054,0.45,4
0.0029076733134078,0.0067775851899398,2.461735560419736,0.3719742022523822,27.14128609785789,0.0054,0.45,4
0.0026771181356424,0.006951278000827,2.4802858798254985,0.399415021310378,27.52969461074597,0.0054,0.45,4
0.0027426605616899,0.0069014577859031,2.476725095737652,0.3919655377064978,27.424297380981056,0.0054,0.45,4
0.0027708842679488,0.0068103888289889,2.4905874390715685,0.3707725052520051,27.45359063134357,0.0054,0.45,4
0.00256999253961,0.0069596820046676,2.504663504895188,0.3928948188319547,27.836235954891468,0.0054,0.45,4
0.0024912084847553,0.0070780269829792,2.487642929325007,0.4146641463241502,27.85886992705053,0.0054,0.45,4
0.0024589598149987,0.0069663415231287,2.5298976626837075,0.3846289897738787,28.157165948756973,0.0054,0.45,4
0.0023410453207251,0.0071397224515007,2.5012494831482326,0.4144774107412838,28.246318972958004,0.0054,0.45,4
0.0022091137586514,0.007195281638103,2.5100128145666614,0.4126780008426573,28.56138839285075,0.0054,0.45,4
0.0020943799079244,0.0072471097596436,2.513699438528445,0.4102234368085913,28.868310738144885,0.0054,0.45,4
0.0021104004310783,0.0071433283544523,2.552071567622305,0.3895834868114657,28.995295572573976,0.0054,0.45,4
0.0019821600600213,0.007292030518308,2.517570150283704,0.4049506990348426,29.199354742714863,0.0054,0.45,4
0.001888739387382,0.0073286747261739,2.519353710895348,0.3989639123455513,29.517288456222264,0.0054,0.45,4
0.0014042028463995,0.0077777802687032,2.332141054126005,0.3840874636110978,30.58786491300555,0.0054,0.45,4
0.0015508191285915,0.0077070155387882,2.361869250882536,0.4057034491439721,30.04801223922048,0.0054,0.45,4
0.0018316963445759,0.0074075209333972,2.4915571059941666,0.4055495154872126,29.59676066636037,0.0054,0.45,4
0.001765002365634,0.0075086590988774,2.4493923599259584,0.4133050824114493,29.620364731556787,0.0054,0.45,4
0.0016491796273423,0.0075717603234623,2.432978005762572,0.4037275440259568,29.942672766475432,0.0054,0.45,4
0.0041701448267705,0.0014290664421988,0.408148715564804,-0.4261430365356045,19.60257967768491,0.0054,0.45,4
0.0042133650210813,0.0015708998443737,0.4515093175428988,-0.4454506739665132,19.93124232133136,0.0054,0.45,4
0.004303212043248,0.0018555786026981,0.546245527457372,-0.47386808245861,20.590178950885363,0.0054,0.45,4
0.0042575234823715,0.0017130379488455,0.4976325129550231,-0.4614463716201009,20.262178339924773,0.0054,0.45,4
0.004021482206447,0.0013879876948635,0.3764478112179185,-0.413147546456766,19.278945703332425,0.0054,0.45,4
0.0037368405858672,0.0012989632483992,0.3072815911037177,-0.3775121368305744,18.575908399175333,0.0054,0.45,4
0.0038762557237154,0.001344550798706,0.3425471332719322,-0.3969442074508112,18.935298816751896,0.0054,0.45,4
0.0041994614922815,0.0019592226343273,0.5743445015509038,-0.4810038027806649,20.67305060348789,0.0054,0.45,4
0.0042464240885327,0.0021032071291669,0.6298053741692996,-0.4885726077323528,21.016301633910107,0.0054,0.45,4
0.0030281662604871,0.0010350395878017,0.1091830003524606,-0.2046108306111434,16.33566859908483,0.0054,0.45,4
0.003603442167319,0.0012523314252512,0.2714514381625434,-0.3549732084798613,18.20665388773588,0.0054,0.45,4
0.0034770728389732,0.0012059111147236,0.2360945808271656,-0.3296919282828293,17.830414360144,0.0054,0.45,4
0.0033581019275963,0.0011604595608656,0.2019908528947396,-0.3020633639018554,17.45446031687857,0.0054,0.45,4
0.003140350370638,0.001076158649921,0.1397983878724071,-0.2412929479715242,16.726952188577414,0.0054,0.45,4
0.0032464298429072,0.0011175916999709,0.1699684239133203,-0.2726758276420092,17.085407350946365,0.0054,0.45,4
0.002929496268908,0.0011177418384047,0.1052391060542987,-0.1930181748968522,16.26745967784456,0.0054,0.45,4
0.0028730536626595,0.0012079514136259,0.112744910709655,-0.1947603747437607,16.342077921013097,0.0054,0.45,4
0.0042933699232337,0.0022482397873445,0.6870217207120602,-0.4919602286480496,21.352230768696145,0.0054,0.45,4
0.0043402545757102,0.002390352393296,0.7440317791801578,-0.4910850794250257,21.67410700190452,0.0054,0.45,4
0.0043836163339655,0.0025296001266307,0.8004987051137968,-0.4863420057122303,21.97700127896953,0.0054,0.45,4
0.0046075872066532,0.0032336056278336,1.08347249275055,-0.4044178746334454,23.302345036871785,0.0054,0.45,4
0.0044282560182905,0.0026687508195855,0.8571252464333167,-0.4776185435791476,22.27273111105131,0.0054,0.45,4
0.0045603244514522,0.003092433262896,1.0282551042222503,-0.4283164638452463,23.06747323120684,0.0054,0.45,4
0.0045128269826564,0.0029486194375669,0.9709330204199276,-0.44898691322649,22.80763807279516,0.0054,0.45,4
0.0044697964722022,0.0028082158517334,0.9140155006747738,-0.4652281220689596,22.547812939473307,0.0054,0.45,4
0.0045107769036653,0.0033377695867415,1.1445390455516151,-0.3982562667852977,23.44367135363399,0.0054,0.45,4
0.0046656817977555,0.0044748408093311,1.5978280305745027,-0.1299083179747859,24.650008655777075,0.0054,0.45,4
0.0046114947342478,0.004576121498311,1.650990683561586,-0.1097565369822415,24.73957963841497,0.0054,0.45,4
0.0045135055879322,0.0046592173981697,1.7085820219346175,-0.0994581518197069,24.857821235174708,0.0054,0.45,4
0.0047009122341535,0.0042934330778889,1.517532676584166,-0.1726362505732661,24.504658572039265,0.0054,0.45,4
0.0046496864855652,0.0043821188971544,1.5658907018734127,-0.1563708144488843,24.593268952059013,0.0054,0.45,4
0.0046558474427768,0.0041672056771326,1.477534403928795,-0.2101452160498204,24.42067130291564,0.0054,0.45,4
0.0045584520632013,0.0034785436594462,1.1998756868579363,-0.3697252857484039,23.657628295947347,0.0054,0.45,4
0.0046030917995206,0.0040233740834068,1.4300103144380591,-0.2514662416328694,24.30770945914392,0.0054,0.45,4
0.004690725056902,0.0039158166283815,1.3640554334742596,-0.265364769971848,24.188058817895904,0.0054,0.45,4
0.0046029275131411,0.0036224320535625,1.2555193729230372,-0.337976928618612,23.854795341808227,0.0054,0.45,4
0.0046459278103261,0.0037724542694325,1.3123284658504293,-0.3023501319138698,24.03904996690073,0.0054,0.45,4
0.0045460295084873,0.0047891188293291,1.746415801708423,-0.0595628595090512,24.89600263597196,0.0054,0.45,4
0.0046015511028525,0.0049385711246478,1.781537372498552,-0.0108787948780198,24.89515495255648,0.0054,0.45,4
0.0045057726066069,0.0050734161919716,1.8514347146680368,0.0155514204256804,24.98083311819344,0.0054,0.45,4
0.0043901320609562,0.005143888771742,1.9055360897484992,0.0222714381816387,25.135871715768825,0.0054,0.45,4
0.0044370887970443,0.0047515490022249,1.7633969991667462,-0.083294253649179,24.950992311056144,0.0054,0.45,4
0.004031455415405,0.0054440494253438,2.089693759910625,0.0722322430108877,25.59023088178465,0.0054,0.45,4
0.0041177458595409,0.0053906631963503,2.05165644057448,0.0649999393865441,25.476820557820243,0.0054,0.45,4
0.0042093816333183,0.0053021164448834,2.002267076070501,0.0484219795350563,25.36052731819624,0.0054,0.45,4
0.0042965236166683,0.0052187842821873,1.954211549306181,0.0335139253347224,25.25414273522845,0.0054,0.45,4
0.0027614018110186,0.0011977470466341,0.0849664616085315,-0.1539230590150026,15.95976282376766,0.0054,0.45,4
0.002700713528608,0.0011193620106019,0.0561946074619151,-0.1127339967100568,15.59956067472858,0.0054,0.45,4
0.0026548731462417,0.0010517354025054,0.0359295666805874,-0.0790419563486895,15.259638737412232,0.0054,0.45,4
0.0026129045583809,0.0009908180714837,0.0200000750741197,-0.0482234541403752,14.979208067538323,0.0054,0.45,4
0.0025837795098203,0.0009662541923767,0.0119219772886496,-0.0301709427234521,14.90172610054571,0.0054,0.45,4
0.002584589929139,0.0008949585404722,0.0063226094250962,-0.0176894091549155,14.644221781637563,0.0054,0.45,4
0.0002183567411195,0.0082756710752367,1.9318398369604803,0.0706070276644235,37.91128781491181,0.0054,0.45,4
0.0003363590766203,0.0082157697860757,2.000738277059447,0.1085970279271571,36.912715147207386,0.0054,0.45,4
0.0004601402638113,0.0081559180350857,2.0647438757191625,0.1476279812515411,35.93795696006728,0.0054,0.45,4
0.0005899544717913,0.0080961742466196,2.123390051889813,0.1871634223193152,34.9977536469566,0.0054,0.45,4
0.0007281319067964,0.0080351627041967,2.177499171291735,0.2271924807395637,34.06290778819991,0.0054,0.45,4
0.0039819718519804,0.0055282660881206,2.1231998798541585,0.0923974232260428,25.67585246068517,0.0054,0.45,4
0.0039514286289731,0.0054352182779927,2.111263404949471,0.062077633486744,25.749198261114508,0.0054,0.45,4
0.0038851658973214,0.0055983685136844,2.166227234968098,0.1044663121971634,25.83370885577669,0.0054,0.45,4
0.0037551500403481,0.0061173244410358,2.270157017718024,0.2453023387671107,25.88294601229724,0.0054,0.45,4
0.0037791301957169,0.0059790997960309,2.2529447359549644,0.2074908266379838,25.917412312364345,0.0054,0.45,4
0.0038070408658095,0.0058156108638047,2.2257479617954736,0.1620179628904009,25.94241314903337,0.0054,0.45,4
0.0037766921343874,0.0056749006210493,2.212615832964999,0.1178889421749948,26.021608076758465,0.0054,0.45,4
0.0008851400605833,0.0079663380031199,2.232116520704355,0.2696115505723477,33.18812350520732,0.0054,0.45,4
0.003630795116463,0.0061860470746331,2.30848478298754,0.2560635562535622,26.0726188332407,0.0054,0.45,4
0.0035333636624491,0.006261443216256,2.3375958926485616,0.2708767509432304,26.233365881922143,0.0054,0.45,4
0.0010019541822338,0.007863351614963,2.310437354520292,0.2937783771769913,32.6646567474453,0.0054,0.45,4
0.0034224091398028,0.0063754275923469,2.367241840190442,0.2957952838747142,26.371740471470453,0.0054,0.45,4
0.0011337303033794,0.0077793631607581,2.3632987898734483,0.3197659924466053,32.061279557627095,0.0054,0.45,4
0.0012683988660295,0.007706190922461,2.400780972212963,0.3437824234192833,31.485280138291447,0.0054,0.45,4
0.0032659730500783,0.0064431303204834,2.4074745714665364,0.3047297168661549,26.630458156497927,0.0054,0.45,4
0.0030994631047036,0.0066035232647128,2.4382221230764416,0.3382718341974441,26.889110144964903,0.0054,0.45,4
0.0031567634397354,0.0064952755661818,2.4338595644571592,0.3122508829757193,26.87587619265148,0.0054,0.45,4
0.0028191601988795,0.0066973540766628,2.4997647806033867,0.3445666055466631,27.469176226224395,0.0054,0.45,4
0.0029463011509213,0.0066280141810836,2.4767565898485664,0.3349238190361264,27.210087922794425,0.0054,0.45,4
0.0026459839222737,0.006847795320224,2.514409530751602,0.3709677891347632,27.817469436801243,0.0054,0.45,4
0.0027090021442895,0.0067332568856186,2.5223786268926687,0.346020084390924,27.803321758634976,0.0054,0.45,4
0.0027493437266565,0.0066447684791622,2.5270980089829247,0.3254565800697622,27.76038474414255,0.0054,0.45,4
0.002498728037557,0.006869817978096,2.546361148404077,0.3642665132505284,28.1716852735524,0.0054,0.45,4
0.0023561743953275,0.0070171867317405,2.5393811270146376,0.3872622312498737,28.40150664132088,0.0054,0.45,4
0.0023796957649879,0.0069082564110884,2.5659472377462857,0.3630282113394367,28.502339080556,0.0054,0.45,4
0.0022091889232284,0.0070684134215338,2.557117322404705,0.384043408511518,28.78212875226962,0.0054,0.45,4
0.0020979103199777,0.0070573513410645,2.586272690195156,0.3687251224035284,29.20869953431292,0.0054,0.45,4
0.0020047803389953,0.0071857256293015,2.558393941791924,0.3856012281094667,29.34394069073281,0.0054,0.45,4
0.0020343790100935,0.0070999227188026,2.585233388990088,0.3705660620925833,29.4118810791155,0.0054,0.45,4
0.0018930507108441,0.0072305809772998,2.5631380296870905,0.3797797860847598,29.706813444016472,0.0054,0.45,4
0.0017880511787365,0.0072981901967347,2.553748656985752,0.377726184922335,30.011109673897057,0.0054,0.45,4
0.0014031127169257,0.0076420215639674,2.426364251512996,0.3653660073355929,30.965299605731683,0.0054,0.45,4
0.001513724439299,0.0075802761063103,2.4488372412796973,0.3788506593568667,30.53746543140885,0.0054,0.45,4
0.0016835272581775,0.0074149415541863,2.515462451453846,0.3826998212145241,30.196098949608345,0.0054,0.45,4
0.0015589426733996,0.0074845100962621,2.4984644010826824,0.3722207457239208,30.57870962229145,0.0054,0.45,4
0.0040621595067043,0.001530894353778,0.4214610776681164,-0.4351704118920576,19.62765767696693,0.0054,0.45,4
0.0041049003690041,0.0016734592072412,0.4696404587285168,-0.4539949877057063,19.97000816342862,0.0054,0.45,4
0.0041493835531886,0.0018153642442458,0.5203762305999805,-0.4693197097251017,20.31561820957932,0.0054,0.45,4
0.0039129659559454,0.0014879901337382,0.3882703042229182,-0.4214571627121275,19.293881192867563,0.0054,0.45,4
0.0036322364607523,0.0013888398697556,0.3143196478026083,-0.3824231320090173,18.56902799838355,0.0054,0.45,4
0.0037696633956754,0.0014399532621145,0.352207734066471,-0.4038288996342071,18.93753405002256,0.0054,0.45,4
0.0040538533921009,0.0019215064977826,0.5496538775117003,-0.4771206281703915,20.421771485964864,0.0054,0.45,4
0.0041031857219654,0.0020674833530218,0.6087927103021108,-0.4878673245697056,20.786082296155303,0.0054,0.45,4
0.0041497681945013,0.0022148300604116,0.6699473145868803,-0.4942877008751414,21.14823191723715,0.0054,0.45,4
0.0030576369214665,0.0011459246819497,0.1382177089984219,-0.2350800566894426,16.657802701481714,0.0054,0.45,4
0.003501953249101,0.0013370209100301,0.2760682614585357,-0.357635005931714,18.18460454307745,0.0054,0.45,4
0.0033794763237919,0.0012858679065403,0.2385812191559714,-0.3299895535571238,17.798423813400266,0.0054,0.45,4
0.0032653442055714,0.0012364689042032,0.2028298029423565,-0.3001113568888829,17.414709226351217,0.0054,0.45,4
0.0031589908500986,0.0011897467481629,0.1694204439038112,-0.2685142501711626,17.034236042336975,0.0054,0.45,4
0.0029815526846721,0.0012189981609018,0.1392230830501006,-0.2299015938753182,16.655921603028776,0.0054,0.45,4
0.0029209340806044,0.001274197523317,0.1397071438975478,-0.2244395787971223,16.68132263001023,0.0054,0.45,4
0.002839396133513,0.0012870009180172,0.1240135253264693,-0.2020039432507071,16.462156862190458,0.0054,0.45,4
0.0041952067069655,0.0023585018309515,0.730763775924684,-0.4961950738745723,21.48554088075568,0.0054,0.45,4
0.004239309836126,0.0024967456458047,0.7900062668584606,-0.4939926746049585,21.80228740006505,0.0054,0.45,4
0.0042854118674295,0.0026309598894259,0.8476803511726189,-0.4878915357899501,22.11475718246702,0.0054,0.45,4
0.0044620193762399,0.0031981073547623,1.0883485466800848,-0.423554901104902,23.21686803396538,0.0054,0.45,4
0.0043218710025465,0.0027700685625007,0.907953571591852,-0.4782871108816076,22.41876906257382,0.0054,0.45,4
0.0044125306813515,0.0030558046949759,1.029626928500556,-0.4458086846409452,22.961635732925163,0.0054,0.45,4
0.0043588084337379,0.0029117837420883,0.9693616697381844,-0.4647117641078456,22.67428880381623,0.0054,0.45,4
0.004366559351403,0.0033034000486667,1.1506208897012975,-0.4177097769664467,23.374282170578827,0.0054,0.45,4
0.0044179136689473,0.0034402641250181,1.2065919728805807,-0.3911318714175546,23.59023102862184,0.0054,0.45,4
0.0045605239547467,0.0044452577336315,1.614253990797658,-0.1511644134217633,24.70679615031301,0.0054,0.45,4
0.0044837621441186,0.0045281462457066,1.6670651484627292,-0.1386439544958315,24.80961077215261,0.0054,0.45,4
0.0044080104554893,0.0046145994604404,1.7207247106863868,-0.1245231290813355,24.9016140741844,0.0054,0.45,4
0.0045644769462512,0.0043020196090111,1.5558257543573384,-0.187896883288239,24.57600842032372,0.0054,0.45,4
0.0045297503303952,0.004137765893784,1.4961784992406095,-0.2331234867047233,24.462193693699447,0.0054,0.45,4
0.0045013737744596,0.0040206019610597,1.4525654667295058,-0.2644609460307569,24.34717987460465,0.0054,0.45,4
0.0044635884243752,0.0035806244420659,1.2633288534832712,-0.3615183618029578,23.804490582564355,0.0054,0.45,4
0.0045381201993937,0.0039007055109239,1.3918137678203804,-0.2874301895185543,24.18496660340184,0.0054,0.45,4
0.0045048395910483,0.0037296103481185,1.3228918106490628,-0.3277799018851163,23.995204044310125,0.0054,0.45,4
0.0044238951100356,0.0039618932784508,1.4445115132144808,-0.2871496255786774,24.28984658550473,0.0054,0.45,4
0.0044513763329758,0.004902400193171,1.8118902394840093,-0.0393404502968876,25.01627900030752,0.0054,0.45,4
0.0043762712246499,0.005030210669742,1.8747028411269144,-0.0117733896365832,25.12517494914988,0.0054,0.45,4
0.0042795731979528,0.0050745365151715,1.91640730341022,-0.0099741208055164,25.252591848516094,0.0054,0.45,4
0.0043489868767473,0.0048209199318757,1.8125927209890065,-0.0743101707002829,25.07295774402385,0.0054,0.45,4
0.0043273957179232,0.0047089241692473,1.7781842086972086,-0.1081413563199387,25.02886812971844,0.0054,0.45,4
0.004304548856086,0.0046028310965924,1.7443592250327633,-0.1399918030347063,24.9865155626168,0.0054,0.45,4
0.0039959754165917,0.0053425552715057,2.075367233069539,0.0388665185867419,25.648397187509765,0.0054,0.45,4
0.0041028259952543,0.0052585222160227,2.021637711216693,0.0247206201347898,25.482860207898685,0.0054,0.45,4
0.00418787053191,0.0051662566750192,1.9705846259407875,0.0066349481841956,25.380501488986827,0.0054,0.45,4
0.0027286603471212,0.0012788210235583,0.0952443721055465,-0.1612815167259982,16.102548060384915,0.0054,0.45,4
0.0026672590401044,0.0012013876418349,0.0634568165672175,-0.1181285922952944,15.706050868916202,0.0054,0.45,4
0.0026180892751555,0.0011297787681187,0.0392337078673682,-0.0802597545926699,15.371873355462986,0.0054,0.45,4
0.0025903868236865,0.0010694619613948,0.0245165300364212,-0.0542824920390429,15.111900116286876,0.0054,0.45,4
0.0025589609008321,0.001041914138396,0.0145057583584601,-0.0336638643756011,15.00443888656332,0.0054,0.45,4
0.0025575850944685,0.0009708993555129,0.0073259046074865,-0.0186746480394056,14.73558230867508,0.0054,0.45,4
0.0002272976166957,0.0081416842405794,2.084545919339865,0.0722243086192384,37.95848056057252,0.0054,0.45,4
0.0003487969869553,0.0080773769914961,2.150047530166098,0.109993878964552,36.99300273358659,0.0054,0.45,4
0.0004752130289244,0.008013136696822,2.210177235112912,0.1480143350587486,36.057527670551984,0.0054,0.45,4
0.0006066717220189,0.0079477316069671,2.2657635250605903,0.1856722053499202,35.16063941440968,0.0054,0.45,4
0.0007430118336252,0.0078807036644832,2.316723061072618,0.2222696718715311,34.287485428554014,0.0054,0.45,4
0.0038695320629536,0.0054891387704805,2.148012259021898,0.0706364382403483,25.871635905778863,0.0054,0.45,4
0.0038782083979352,0.0053720818345135,2.117776064198427,0.0364797500552471,25.84996561094613,0.0054,0.45,4
0.0037609210623044,0.0055596379121543,2.1954740887452497,0.0821783135389054,26.05736013794245,0.0054,0.45,4
0.0036444482581082,0.0060487155222858,2.297633935148589,0.2175871016523689,26.11939966392986,0.0054,0.45,4
0.003657579063206,0.0059012849640103,2.2803096590197254,0.1754527673854266,26.157911253011616,0.0054,0.45,4
0.0036559018364041,0.0057573279858077,2.261947609663638,0.1326586026900852,26.18370598118645,0.0054,0.45,4
0.0036443432889529,0.005631646897431,2.244491124754288,0.0940832659404426,26.21809469647323,0.0054,0.45,4
0.000872901534709,0.0078045744545839,2.369469553563535,0.2532170110134863,33.62164078073344,0.0054,0.45,4
0.0035237524976748,0.0061254983097984,2.33698204510255,0.2312730844379924,26.33640298973501,0.0054,0.45,4
0.0034057151974654,0.0062151063480677,2.3736682287897004,0.24915958173144,26.52574397140724,0.0054,0.45,4
0.001004109571182,0.0077156660626255,2.424726113323912,0.2797972493990587,32.99372354344948,0.0054,0.45,4
0.0032729678453347,0.0062949297148741,2.411496462591074,0.2633873665701605,26.7246641906802,0.0054,0.45,4
0.0011344128731243,0.0076358094691331,2.4662050056739044,0.3032410256173823,32.402454151933846,0.0054,0.45,4
0.0012723645623304,0.0075585231264726,2.498490864637208,0.3249772062254111,31.815376197091243,0.0054,0.45,4
0.0031404734719913,0.0063734049456056,2.446638444582994,0.277041542251641,26.999219303281368,0.0054,0.45,4
0.0030256637544682,0.006473127244586,2.472535623700244,0.2976501204654926,27.190620687782832,0.0054,0.45,4
0.002828138264181,0.0065886196620418,2.514146390534384,0.3159591791787935,27.532397034879867,0.0054,0.45,4
0.0028910628634622,0.0065070864716649,2.5064352648765813,0.2978566995415866,27.49737720101785,0.0054,0.45,4
0.0027344595285214,0.0065728314955287,2.54170845574204,0.3049155999270599,27.868892550294326,0.0054,0.45,4
0.0026542139004658,0.0066296232653151,2.5551555535266925,0.3142635643456021,28.064496530157395,0.0054,0.45,4
0.002550393067944,0.0067323073290451,2.5643552288438265,0.3333583783326443,28.21980195978785,0.0054,0.45,4
0.0024028170507458,0.006793034991766,2.589211720640226,0.3362894068132797,28.588397019504544,0.0054,0.45,4
0.0022569480635857,0.0069423595994378,2.586133562092971,0.3593377700346325,28.8614135401824,0.0054,0.45,4
0.0022982505602768,0.0068475996049124,2.6020709068599457,0.3402308239745624,28.882169361085424,0.0054,0.45,4
0.0021265723306259,0.0069675570872229,2.609463283872697,0.3513323299866575,29.27176315773168,0.0054,0.45,4
0.0020090109048662,0.0070075351232955,2.6236117689302163,0.346776824497947,29.659864056603222,0.0054,0.45,4
0.0019138259406567,0.007101289777967,2.6113585144741323,0.3553994786975814,29.885719915364483,0.0054,0.45,4
0.0017802544449779,0.0071774776438692,2.608835213166557,0.352473326770193,30.25765235752192,0.0054,0.45,4
0.0016611744738772,0.0072647777097574,2.593810229376228,0.3510115006110533,30.59863532067838,0.0054,0.45,4
0.0014209712534484,0.0074788372348753,2.5246671721160108,0.3445493620632596,31.32417701368354,0.0054,0.45,4
0.0015331837971984,0.00736745290924,2.5667258800465818,0.347557029519384,30.947688167101564,0.0054,0.45,4
0.0039509457571942,0.0016358208291473,0.439234338840973,-0.4437350981783467,19.680271011528266,0.0054,0.45,4
0.0039974453336803,0.0017761935388612,0.4919608983021106,-0.4619824107938005,20.02122648401917,0.0054,0.45,4
0.003801956746548,0.0015895140842069,0.4038456653002667,-0.4289363302676184,19.320856578688936,0.0054,0.45,4
0.0035242986611106,0.0014739806651742,0.3218145941409421,-0.3850348171609654,18.55601324539838,0.0054,0.45,4
0.00365890943781,0.0015317403016585,0.3631623285395334,-0.4088557204867333,18.950671578058174,0.0054,0.45,4
0.0039142571810916,0.0018909441760527,0.5253603286170653,-0.4713501739678751,20.182447532737573,0.0054,0.45,4
0.0039646953244366,0.0020307239996388,0.5847727714841239,-0.4846537891644676,20.55204935542919,0.0054,0.45,4
0.0040096826425224,0.002181500963075,0.6501510038644702,-0.4943698444646712,20.940434038218005,0.0054,0.45,4
0.0040514390333261,0.002330241138853,0.7161964527679815,-0.4993796066489478,21.316382344565536,0.0054,0.45,4
0.0030719168461927,0.0012552269382432,0.1678553818813273,-0.2616380005763025,16.98394920217991,0.0054,0.45,4
0.0033974055333599,0.0014164990186899,0.2804841956493816,-0.3576885595504169,18.157961049837755,0.0054,0.45,4
0.0032791393562023,0.0013600570183255,0.2402865207012326,-0.3273681723940421,17.759576301303397,0.0054,0.45,4
0.0031715507287366,0.0013059755615661,0.2026601097176075,-0.2952410759798543,17.366988603151892,0.0054,0.45,4
0.0029892715680484,0.0013129558077828,0.1654656420043072,-0.2527419907382214,16.96701395938425,0.0054,0.45,4
0.002905264942107,0.0013496905366864,0.1565513060748705,-0.2373522969597718,16.849187844907007,0.0054,0.45,4
0.0028105748170545,0.0013597439105434,0.136480913550826,-0.2101285584400903,16.6106798384059,0.0054,0.45,4
0.004097503420591,0.0024707372365548,0.779758413589629,-0.4996514646584545,21.63308757298708,0.0054,0.45,4
0.0041526847852691,0.0025981871168728,0.8373465174267104,-0.4956765752712537,21.9492360391272,0.0054,0.45,4
0.0041864828425981,0.0027231415657759,0.894127010164631,-0.4892343799395707,22.25905676946485,0.0054,0.45,4
0.0043187104686441,0.0031662479179495,1.0922527502996202,-0.4407462842946461,23.143319642842872,0.0054,0.45,4
0.0042024703865481,0.0028775595095301,0.9661757970575068,-0.4787847284657535,22.55677486834659,0.0054,0.45,4
0.0042672023340029,0.0030209616759456,1.028945580163244,-0.4614489699955348,22.854791246987137,0.0054,0.45,4
0.0042218261259053,0.0032780044392083,1.1588776262234657,-0.4347396607611937,23.30327406209344,0.0054,0.45,4
0.0042776946952784,0.003403300181814,1.2117617035178128,-0.4111761828693263,23.544748235144628,0.0054,0.45,4
0.0043307220991947,0.0035383589029161,1.2677204665263424,-0.3832835590017575,23.735507774717178,0.0054,0.45,4
0.0044562586495205,0.0043902616003988,1.6196066198933443,-0.178531588887891,24.717251692585887,0.0054,0.45,4
0.0043537860776646,0.004489223400641,1.6865362558189203,-0.1648517180899965,24.859132051042657,0.0054,0.45,4
0.0044298527608257,0.0042269267201067,1.558547677507944,-0.2233575239044216,24.598703638646445,0.0054,0.45,4
0.0044238592585597,0.0040864673120065,1.4995565002291853,-0.2582693226537831,24.47762218334789,0.0054,0.45,4
0.0043472611004628,0.0040260649171665,1.4907099004458462,-0.2813979957738859,24.412487880041496,0.0054,0.45,4
0.0043666756111503,0.003674537563641,1.3251674183362785,-0.354242045208921,23.971428163026307,0.0054,0.45,4
0.0043951721784139,0.0038172751521024,1.385424262821976,-0.3220983408675574,24.1293461970398,0.0054,0.45,4
0.004315506137141,0.0039036572580906,1.442231653635018,-0.3126218286576712,24.277597164600227,0.0054,0.45,4
0.0042663830168586,0.0036194187195169,1.3180079775200273,-0.3753275621536341,23.878630848044097,0.0054,0.45,4
0.0042907900031956,0.0049367995683149,1.868880777976026,-0.0482808575093536,25.181478013600632,0.0054,0.45,4
0.0041726986724235,0.0050235757724892,1.9311726119608936,-0.0364299219649329,25.348365275271323,0.0054,0.45,4
0.0042382835325972,0.0048049267264201,1.8381627135825485,-0.0916102657334456,25.194958531937186,0.0054,0.45,4
0.0042168923598178,0.0046607945630191,1.7907549635064093,-0.1342332486535553,25.12527585208593,0.0054,0.45,4
0.0042168992302819,0.0045341702170087,1.7410699996324668,-0.1687413325939635,25.00813717690015,0.0054,0.45,4
0.0039970207513035,0.0052284778659698,2.044317209472654,0.0053064992173467,25.633078205657743,0.0054,0.45,4
0.003893883568201,0.0052652285371617,2.0851070724911174,0.0061700909762024,25.808352947008533,0.0054,0.45,4
0.0040662200758453,0.005120004819364,1.9923445814072127,-0.0196322536676944,25.5097527391936,0.0054,0.45,4
0.0026961899296675,0.0013588119577059,0.1070126083417708,-0.1695628636375584,16.27228921012829,0.0054,0.45,4
0.0026336802751508,0.0012806741493514,0.0715379200461794,-0.1241120686653234,15.830204822127667,0.0054,0.45,4
0.0025848407908807,0.0012084463526159,0.0444985306987295,-0.0843581672728355,15.47292054035342,0.0054,0.45,4
0.002552223465403,0.0011480085304517,0.0265689911720643,-0.0543972655567307,15.20317717459008,0.0054,0.45,4
0.0025267217774428,0.0011181285705657,0.0163675282659227,-0.0350830670557258,15.109375516127685,0.0054,0.45,4
0.0025282447494715,0.0010459855724907,0.0083892652321303,-0.0196588112399258,14.838189594657962,0.0054,0.45,4
0.0002349506887887,0.008001461045475,2.228247245206695,0.0723938794806675,38.01647222776175,0.0054,0.45,4
0.0003588127773839,0.0079327723530685,2.2898498239304206,0.109078019059736,37.09097771053953,0.0054,0.45,4
0.0004862519710437,0.0078637944136729,2.346073693877802,0.1451275620420393,36.20319838927685,0.0054,0.45,4
0.0006166318545739,0.0077933980483719,2.397594492530484,0.1797460443603016,35.36538477829486,0.0054,0.45,4
0.0007475708493879,0.0077198379109719,2.4455431588633547,0.2115300412900686,34.60509035207537,0.0054,0.45,4
0.0037573462646028,0.0054300484605812,2.1680185313283498,0.0429834731684933,26.05218813562948,0.0054,0.45,4
0.0037745067434764,0.0053041129676629,2.131202089749755,0.0067564383723025,25.99732452487181,0.0054,0.45,4
0.0036190730147729,0.0054954430921004,2.2246445217629947,0.0510113016076883,26.266332196971096,0.0054,0.45,4
0.0035259646692037,0.0059796895568175,2.326880911819593,0.1888376021674747,26.397012552751047,0.0054,0.45,4
0.0035301147694452,0.0058346555291985,2.310232943028602,0.1460930565257044,26.435197448890403,0.0054,0.45,4
0.0035295809717885,0.0056966385762199,2.290273168979468,0.104644076836139,26.451968059942804,0.0054,0.45,4
0.0035427233095205,0.0055901454896389,2.2671810147838465,0.0735235621210949,26.44908011345684,0.0054,0.45,4
0.0034988815626782,0.0055134921614318,2.264807716432109,0.0468792559202417,26.49384804474105,0.0054,0.45,4
0.0008779606970937,0.0076418301386521,2.490552541005425,0.2394995835999215,33.92963822524012,0.0054,0.45,4
0.0034022293781678,0.0060619822959288,2.36922936109503,0.2043592774048504,26.61769598094264,0.0054,0.45,4
0.0032758079528875,0.0061451238797182,2.409894086565838,0.2202165775422829,26.830793887981176,0.0054,0.45,4
0.0010085578270984,0.007561170065527,2.5308121563218866,0.2637880872134197,33.30137965514724,0.0054,0.45,4
0.0031447596516855,0.0062265387770354,2.4491678134589807,0.2351887544939277,27.08779759590309,0.0054,0.45,4
0.0011397027844118,0.0074815342233839,2.5639636508570187,0.2846513858558289,32.71133677478608,0.0054,0.45,4
0.0012693934649707,0.0074011716991066,2.5916213906946948,0.301401662675664,32.155974387676515,0.0054,0.45,4
0.0030185327102844,0.006316029418975,2.483975532325409,0.2526171177795267,27.341296626821727,0.0054,0.45,4
0.0028977396916598,0.0063840295384159,2.5149396350790494,0.2638747912335417,27.58167175824596,0.0054,0.45,4
0.0027805426318844,0.0064692184631391,2.5412413437961328,0.2796584067520892,27.86158159993824,0.0054,0.45,4
0.0026498971167072,0.006511758860731,2.5726934945770394,0.2818788845137112,28.183199460399603,0.0054,0.45,4
0.0025321379730787,0.0065827549128563,2.5952568410795327,0.2921655651648643,28.456901650499187,0.0054,0.45,4
0.0024078203237013,0.0066609708851982,2.6152029797745047,0.3027068932944147,28.733517056768253,0.0054,0.45,4
0.0022820145501168,0.0067392577419693,2.631917409591186,0.3115685519649977,29.081377120010725,0.0054,0.45,4
0.0021667051987716,0.0068339951752831,2.6382092853223624,0.3237772401756982,29.363082085044773,0.0054,0.45,4
0.0020187158043596,0.0068943245683121,2.656745302382708,0.3219049961358497,29.78207456939185,0.0054,0.45,4
0.0018991003567532,0.0069643852045325,2.6625833268003074,0.3233943483896558,30.1568329130874,0.0054,0.45,4
0.0017758696271145,0.0070432777328568,2.662132593285491,0.3240612476948522,30.49491562647756,0.0054,0.45,4
0.0016495332812235,0.007126664877913,2.6559444018877483,0.3224123097715599,30.90278544741372,0.0054,0.45,4
0.0015223614008783,0.0072179639221532,2.6410606468988003,0.3189275468503567,31.30393348350797,0.0054,0.45,4
0.0013963306624186,0.0073172763541792,2.615735339860992,0.3133855318867007,31.715880519556368,0.0054,0.45,4
0.0038370441668868,0.0017590612228472,0.4673969357104851,-0.4537328009418418,19.744189707271627,0.0054,0.45,4
0.003798102486254,0.0018999403346911,0.5167794974691249,-0.4680999304099947,20.006874005573813,0.0054,0.45,4
0.0036822123170103,0.0016825189896197,0.4189184349010538,-0.4338201675663345,19.34154225796718,0.0054,0.45,4
0.0034127702970347,0.0015531670847921,0.3287422932886717,-0.3850589731778902,18.539594987699,0.0054,0.45,4
0.0035440171635612,0.0016175671997707,0.3741528851490519,-0.4114835353114952,18.93686218028473,0.0054,0.45,4
0.0038416800218543,0.0020079801370859,0.5651970546046455,-0.4804443963372638,20.31898617980572,0.0054,0.45,4
0.0038773422329206,0.0021484199831203,0.6281199307473694,-0.4920989970867431,20.71237091145626,0.0054,0.45,4
0.0039119175815817,0.0022973839261016,0.696889485459205,-0.5001452186697711,21.1033208434002,0.0054,0.45,4
0.0039446757107249,0.0024585269524837,0.7732483859551758,-0.5040275782561378,21.49546449529421,0.0054,0.45,4
0.0030774382887666,0.0013668467371781,0.2004255657858791,-0.2869910381455398,17.323463094982028,0.0054,0.45,4
0.0032881054216844,0.0014897236161933,0.2834088231188873,-0.3545041551508598,18.11987803135409,0.0054,0.45,4
0.0031774318859978,0.0014279565001768,0.2406982845027323,-0.3217928005705799,17.714310701225006,0.0054,0.45,4
0.0029809282885529,0.0014121362005774,0.1927998620865635,-0.2730230876131548,17.22133141230861,0.0054,0.45,4
0.0028837230413796,0.001437459870872,0.1777995070102686,-0.2520789416249283,17.027598844639588,0.0054,0.45,4
0.0027702528065233,0.0014418572242987,0.1504932401822122,-0.2176485451575352,16.74576759225641,0.0054,0.45,4
0.00402546156995,0.0025846758493596,0.8335121006748706,-0.501410155256332,21.845383724716104,0.0054,0.45,4
0.0040819391896675,0.0026828625225644,0.8794157468695317,-0.4963594542935696,22.10115661616581,0.0054,0.45,4
0.0040799381428162,0.0027957343514913,0.934534607592136,-0.4916192647213741,22.34521599088873,0.0054,0.45,4
0.0040708841064685,0.0029112746013994,0.992342331252804,-0.4847307082379345,22.569383721490425,0.0054,0.45,4
0.0041824603773719,0.0031412838188656,1.0965197992887157,-0.4551891116573615,23.04516948415514,0.0054,0.45,4
0.0041344233027794,0.0030119423552264,1.0371868515413551,-0.4722543043719407,22.805756046405715,0.0054,0.45,4
0.0041169443277896,0.0032312313862217,1.1493177579601948,-0.449852658053809,23.231340120010813,0.0054,0.45,4
0.0041217416601202,0.0033163198737989,1.191646906454923,-0.4382075627519611,23.36379902197742,0.0054,0.45,4
0.0041759637370462,0.003385809233,1.218699464125281,-0.4232851352838544,23.511891376141875,0.0054,0.45,4
0.004192184624035,0.0035121500369916,1.2789030227886256,-0.4018044564137803,23.739576285638886,0.0054,0.45,4
0.0043249411980828,0.0043165863202605,1.6230138027217522,-0.2132609909768557,24.747829082803,0.0054,0.45,4
0.004212503669023,0.0043995256099929,1.686887425315044,-0.2049072581243371,24.90485412402277,0.0054,0.45,4
0.0043054245451087,0.0041475727633742,1.5548005256786368,-0.2576061213081228,24.588019863400977,0.0054,0.45,4
0.0042456723484149,0.0040208969415265,1.5117471254411845,-0.29421869196528,24.462746090231523,0.0054,0.45,4
0.0042050114233972,0.0039092991678183,1.4688159642882064,-0.3235040750245353,24.33488783951302,0.0054,0.45,4
0.0042409870156576,0.0037639909138001,1.3923443040173151,-0.3501965640046345,24.114002430158187,0.0054,0.45,4
0.0041693631244933,0.0036332264575247,1.3426501370723114,-0.382685470337134,23.940601781365125,0.0054,0.45,4
0.0041546569903875,0.0048865154280032,1.8906447937652209,-0.0777508010492619,25.3151970898857,0.0054,0.45,4
0.0040543711624156,0.0049604039925026,1.944715307044532,-0.0672542356953692,25.4674168333437,0.0054,0.45,4
0.0041242050834016,0.0047491399438145,1.8498350157425707,-0.1200002853428692,25.26767158378325,0.0054,0.45,4
0.0041078209925289,0.0046124671335507,1.8019291735460905,-0.1597034543323881,25.1762923284691,0.0054,0.45,4
0.0040997936073904,0.0044728541316634,1.747271740752571,-0.1981956935849421,25.064502137166706,0.0054,0.45,4
0.0039185969748092,0.005142862677613,2.0425291622652018,-0.0276989742674579,25.71013672581132,0.0054,0.45,4
0.0037889595453554,0.0051871694755951,2.094088312186823,-0.0268350774816226,25.931168826993225,0.0054,0.45,4
0.0039408653587307,0.0050192971950303,1.99709746529712,-0.0617797186070252,25.63956456308635,0.0054,0.45,4
0.002661040217112,0.0014404993069474,0.1205501994729566,-0.1784248277957999,16.411925295872464,0.0054,0.45,4
0.002597964050857,0.0013583394534272,0.0802332538655225,-0.1300353782995451,15.952490613493351,0.0054,0.45,4
0.0025495349922085,0.0012849222986783,0.0500470425559472,-0.0883543735061599,15.579567152851636,0.0054,0.45,4
0.0025172945383779,0.0012221789462406,0.0295802846205063,-0.0563238222437162,15.288015091888264,0.0054,0.45,4
0.0024928084552121,0.0011925943182644,0.0184217399585652,-0.0366001485429833,15.186012146592727,0.0054,0.45,4
0.0024966039098884,0.0011201419642882,0.0095123370040874,-0.020590781526636,14.919902516370763,0.0054,0.45,4
0.0002410840258503,0.0078559490961228,2.3615748154479035,0.0711346264499553,38.08382306616874,0.0054,0.45,4
0.0003661444169512,0.0077835967536884,2.418346902331672,0.1059862025231736,37.20048072132811,0.0054,0.45,4
0.0004935439193131,0.0077109848656833,2.4695270047729534,0.1394600604659722,36.36034894503663,0.0054,0.45,4
0.0006224645579977,0.0076370759927632,2.515735491228959,0.1707680141147363,35.57617828127318,0.0054,0.45,4
0.0007524100548118,0.0075614215803414,2.5571125651159434,0.1992621435068317,34.8518296087594,0.0054,0.45,4
0.0036418363061756,0.0053598761865774,2.1855693156191,0.0120062270070658,26.21844623098258,0.0054,0.45,4
0.0036617272608167,0.0052352227174858,2.145988176136388,-0.0237666215222313,26.15165993403765,0.0054,0.45,4
0.0035129278889968,0.0054129801798249,2.237676243006821,0.0174979903463492,26.45991782286241,0.0054,0.45,4
0.0034039888625412,0.0059118661419946,2.3567516545317893,0.1599849824552562,26.671667336985102,0.0054,0.45,4
0.00340744268946,0.0057614263129884,2.3372067784139863,0.1150720382347138,26.69661805870123,0.0054,0.45,4
0.003422417227791,0.0056104931356625,2.3076755986129,0.070473229071457,26.69320367188969,0.0054,0.45,4
0.0034037924093788,0.0054774209541612,2.285883254318785,0.028619104357801,26.717662975533013,0.0054,0.45,4
0.0008815700892878,0.0074837660259646,2.593831945475849,0.2240998212466756,34.19358266371444,0.0054,0.45,4
0.0032775446431909,0.0059926820008966,2.4015755709423434,0.1752905909091337,26.908708160982155,0.0054,0.45,4
0.0031504493011409,0.0060749609108098,2.4442538749343297,0.1911169543634646,27.166075055236195,0.0054,0.45,4
0.0010101735295039,0.0074033963195649,2.626209864837085,0.245097509594041,33.58347054614027,0.0054,0.45,4
0.0030224135369645,0.0061551772584784,2.4844721328472232,0.2061972392700685,27.43700257854205,0.0054,0.45,4
0.0011377445343843,0.0073234580610792,2.652536259613012,0.2624098596539299,33.0215608340258,0.0054,0.45,4
0.001262241868343,0.0072421495174465,2.67428151102952,0.2754123125725439,32.50900586263638,0.0054,0.45,4
0.0028978168945441,0.0062326119183876,2.52083314949753,0.2204547336301333,27.70896374431373,0.0054,0.45,4
0.0027763436363674,0.0063081524992352,2.553675364564999,0.2338944925873355,27.99001149519297,0.0054,0.45,4
0.0026563662662341,0.0063776002486737,2.5835209981875216,0.2451115303686283,28.27783212823964,0.0054,0.45,4
0.0025279765433083,0.006444131075148,2.613536457570349,0.2541708590575803,28.60404079033103,0.0054,0.45,4
0.0024031417764528,0.0065184332658687,2.638846739668391,0.2645939830304102,28.91565280148105,0.0054,0.45,4
0.0022772003357269,0.0065980197113031,2.6602469023566475,0.2748959762526691,29.25351156649328,0.0054,0.45,4
0.0021529077225629,0.0066789115785464,2.677146442767824,0.2840062593559799,29.593019701997267,0.0054,0.45,4
0.0020248839026889,0.0067547207332777,2.691949916924735,0.2895591867801692,29.943997864143487,0.0054,0.45,4
0.0018952875271135,0.0068277156473314,2.703933345202578,0.2920756882700019,30.360037371488144,0.0054,0.45,4
0.0017694954527926,0.0069045011994645,2.709881240923306,0.2935505704027542,30.748278779841247,0.0054,0.45,4
0.0016430082873691,0.006985347689689,2.710178705176949,0.2931069633375158,31.16164216363296,0.0054,0.45,4
0.0015156702031523,0.0070700509955872,2.7042287988206968,0.2903117043207561,31.593721819149845,0.0054,0.45,4
0.0013862763060528,0.0071603841025957,2.6907841623654574,0.2848385607115544,32.04522478924023,0.0054,0.45,4
0.0032978627281177,0.001625954452452,0.334196800464587,-0.3822278539161849,18.514764929569434,0.0054,0.45,4
0.0037087877790302,0.0019749625362257,0.5380972559392939,-0.4724997064608142,20.10329430220371,0.0054,0.45,4
0.0036927271211948,0.001831362658951,0.4769718834229231,-0.4546687490875047,19.717458338919148,0.0054,0.45,4
0.0035604370062411,0.0017683633894571,0.4336733752584381,-0.4364036638513678,19.332443148884085,0.0054,0.45,4
0.0034258653848836,0.0016958909593183,0.3839752840107051,-0.4116089983556304,18.94280524294084,0.0054,0.45,4
0.0039111093863454,0.0025852181950702,0.8350145621799688,-0.5052093079429817,21.78017654239528,0.0054,0.45,4
0.0038129647419317,0.0024051417562062,0.7445204965648112,-0.5047900302826598,21.2723123635618,0.0054,0.45,4
0.003753281285836,0.0021150153313137,0.6039990384927519,-0.4874186939712639,20.50356035335657,0.0054,0.45,4
0.0037865809852041,0.0022605616627176,0.6735788128424688,-0.4982537060169262,20.88605157191316,0.0054,0.45,4
0.0038162836130039,0.0025279196378408,0.8058626348852339,-0.5073099486385325,21.53944956165869,0.0054,0.45,4
0.0037306275377926,0.002470404759214,0.7748351408921953,-0.5073287080478591,21.3779361192788,0.0054,0.45,4
0.0030737035486731,0.0014869114121277,0.2380436499771191,-0.3123920018024494,17.672965184777407,0.0054,0.45,4
0.0031746594181133,0.0015582270429469,0.2847410427386014,-0.3481934396114004,18.070715091701143,0.0054,0.45,4
0.0029598595374281,0.001516302955108,0.2224150699890845,-0.2917959927746761,17.465330905100235,0.0054,0.45,4
0.002848779504608,0.0015311656148836,0.2005464153100728,-0.2652123416959231,17.240445194829885,0.0054,0.45,4
0.002731516287389,0.0015262840821329,0.1678854805062836,-0.2273591740728903,16.909553007531994,0.0054,0.45,4
0.003965356636766,0.0027129132076745,0.8980853106556805,-0.5009109122358685,22.09736873489561,0.0054,0.45,4
0.0039731389581779,0.0028682733113811,0.9768927372782892,-0.4934158821538508,22.421939171077792,0.0054,0.45,4
0.0040005655833948,0.002992873245397,1.0392935092812503,-0.4830533155464538,22.74933925091179,0.0054,0.45,4
0.0040364017587252,0.0031393657215195,1.1115732232637716,-0.4668789271546448,23.04026759291615,0.0054,0.45,4
0.0040222917194212,0.0032811830795487,1.1869200433580722,-0.4513192483949302,23.33447881654413,0.0054,0.45,4
0.0040663715802392,0.0034192716334422,1.2522646796759749,-0.4283641128172983,23.61950476544373,0.0054,0.45,4
0.0040693306719142,0.00358050346164,1.3341146908072523,-0.4018240097403978,23.86032094745116,0.0054,0.45,4
0.004190965623504,0.0042487344679746,1.627464893209002,-0.2457741253075586,24.760507504994152,0.0054,0.45,4
0.0040849173120398,0.0043316286990459,1.6906292916819552,-0.2365722173191844,24.94118688639664,0.0054,0.45,4
0.0041607047310544,0.004106342853909,1.5708017984019815,-0.2836669978011268,24.62496987189653,0.0054,0.45,4
0.0041285568546097,0.0039700663114076,1.5144432159203645,-0.3183915212079342,24.481860494592464,0.0054,0.45,4
0.0041122678214321,0.0038435814229194,1.457025240539796,-0.3473049657396809,24.268119270489983,0.0054,0.45,4
0.0040975168130827,0.0037109315693678,1.3946133703148276,-0.3752782658217741,24.109947939826487,0.0054,0.45,4
0.0040287369261763,0.0048213409099653,1.9033859657403625,-0.1098202537028369,25.4242747905425,0.0054,0.45,4
0.0039289809615972,0.0048893101510918,1.9563223217171413,-0.1006528602602434,25.573921364117663,0.0054,0.45,4
0.004009443449384,0.0046839659289878,1.857124368882104,-0.1505291788903595,25.351836379500018,0.0054,0.45,4
0.0039962207338698,0.0045444450171767,1.804744684560552,-0.1901569616026049,25.234269908256,0.0054,0.45,4
0.0039811515279264,0.0044059334059669,1.7498799539333645,-0.228457205624611,25.11252011961305,0.0054,0.45,4
0.0038069955064067,0.0050664184198715,2.051642001687082,-0.0608904733136316,25.850104881899,0.0054,0.45,4
0.003678047218427,0.0051091715337821,2.103358009863977,-0.0599514933546273,26.077880368525943,0.0054,0.45,4
0.0038158043133473,0.0049382147089702,2.006159357430088,-0.0975822857024058,25.773714843328605,0.0054,0.45,4
0.0038342566709766,0.0048407404460433,1.965873629342348,-0.1238792064542241,25.688669419849127,0.0054,0.45,4
0.0026213354755178,0.0015181464544452,0.1337091606116379,-0.1856572217921076,16.559399854414234,0.0054,0.45,4
0.0025588386115746,0.0014347617142151,0.0893371048970768,-0.135488149985396,16.075596132911965,0.0054,0.45,4
0.0025116892152555,0.0013598087709823,0.0558636487031765,-0.0921108121949777,15.685639179976832,0.0054,0.45,4
0.0024803640975141,0.001294706415856,0.0327348820153936,-0.0581594215810096,15.37285899519576,0.0054,0.45,4
0.0024569286188412,0.0012660097626006,0.0207145362260702,-0.0382688719795349,15.277687281639055,0.0054,0.45,4
0.0024627095839793,0.0011933015005716,0.0107132183280198,-0.0214903990608755,14.990002762705355,0.0054,0.45,4
0.0002454872744896,0.0077059526247113,2.483659490015903,0.068532086339892,38.15827524756801,0.0054,0.45,4
0.0003710759210738,0.0076312183388234,2.53452256518684,0.1010891645073801,37.31638644942137,0.0054,0.45,4
0.0004981710368746,0.007556247013217,2.5797647412105817,0.1317574571474716,36.51842919961274,0.0054,0.45,4
0.0006262893041363,0.0074804364777454,2.6197040541012977,0.1599468688558077,35.772233731857334,0.0054,0.45,4
0.0007545090908556,0.0074034303772233,2.654562474566706,0.1850414279258534,35.08046712627777,0.0054,0.45,4
0.0035318768882392,0.0052894944539201,2.200179044587926,-0.0183414796411786,26.38390462774306,0.0054,0.45,4
0.0035545956090906,0.0051619834712005,2.1565421621739,-0.0547827894256107,26.29387929937621,0.0054,0.45,4
0.0034120511850099,0.0053562789071852,2.2541907913004127,-0.007547550432589,26.66211535098208,0.0054,0.45,4
0.0032806370257809,0.0058407611561375,2.385921096323548,0.1299558461852074,26.948605413973016,0.0054,0.45,4
0.0032879995493715,0.0056893312313816,2.36221067794291,0.0846308911188906,26.94907015697021,0.0054,0.45,4
0.0032869559948751,0.0055501016317789,2.3369235080652504,0.0422379839873145,26.936895234153308,0.0054,0.45,4
0.003289520596924,0.0054211797090884,2.3075131130509248,0.0031960448508396,26.917416628019684,0.0054,0.45,4
0.0008827174597523,0.0073251771221169,2.6843640443771286,0.2067740210671253,34.439005115477165,0.0054,0.45,4
0.0031521543655839,0.0059213957863751,2.433150622826972,0.1454345040508735,27.219058427674543,0.0054,0.45,4
0.0030248722328258,0.0059998468253728,2.477421507465796,0.1604392388053022,27.50009907339994,0.0054,0.45,4
0.0010096383672235,0.0072458627546782,2.709157439270525,0.2247603667832483,33.84404120743698,0.0054,0.45,4
0.0028987737497407,0.0060774406918689,2.518762824638799,0.1751559843428007,27.788393802424128,0.0054,0.45,4
0.0011353171998348,0.0071666338165883,2.7285233604513635,0.2391462495636821,33.292158352787254,0.0054,0.45,4
0.0012608515573843,0.0070860914816751,2.743072330711339,0.2499575261590824,32.77661560322388,0.0054,0.45,4
0.0027742631418898,0.0061548480990248,2.556940585741827,0.1895891074025033,28.0894947855676,0.0054,0.45,4
0.002651557874759,0.0062298601068823,2.591794192388182,0.2029470138287475,28.39212856580454,0.0054,0.45,4
0.0025263701041438,0.0063004797797781,2.6246804225601394,0.2141902532464994,28.72172630606116,0.0054,0.45,4
0.0024000877078548,0.0063738239598026,2.65490073815733,0.2252270031192347,29.058696000372866,0.0054,0.45,4
0.0022741703312483,0.006451126525457,2.68141786563844,0.2361124663510591,29.40710032764036,0.0054,0.45,4
0.0021483622537717,0.0065297307535078,2.704093012858291,0.2458253349713069,29.767739337849264,0.0054,0.45,4
0.0020220021171473,0.0066075198285225,2.723172145312295,0.2535138122506017,30.1391938918992,0.0054,0.45,4
0.0018937617005836,0.0066853274362026,2.738684970626412,0.2589212412105063,30.5416602780218,0.0054,0.45,4
0.001765810671606,0.0067626808410954,2.7500212338311667,0.2619447719159538,30.956562152474103,0.0054,0.45,4
0.0016394198993723,0.0068417181253302,2.756183674518514,0.2629629709254011,31.38324984139967,0.0054,0.45,4
0.0015122893564059,0.0069227615065656,2.757195350768612,0.2614775291359616,31.83027437285134,0.0054,0.45,4
0.0013856742394161,0.0070045584180269,2.7528572601714174,0.2571670488942383,32.29538403860432,0.0054,0.45,4
0.0036387299054586,0.0020822092088467,0.5784999042003601,-0.4806258234998592,20.30564095217869,0.0054,0.45,4
0.0031803290757836,0.0016920417215601,0.3374500740307988,-0.376462637569678,18.46395730981749,0.0054,0.45,4
0.0033057939229555,0.0017669083507606,0.3920571191212913,-0.4091303009792463,18.90809843119328,0.0054,0.45,4
0.0035832848733281,0.0019393204214889,0.5080860475231935,-0.4617072996473944,19.800738121144644,0.0054,0.45,4
0.0034345160372953,0.0018435205391129,0.446009929813137,-0.436365572004802,19.346361273604824,0.0054,0.45,4
0.0038326459269288,0.0026633257078245,0.8756756903417483,-0.5069055339449521,21.98338766173813,0.0054,0.45,4
0.0037006085454038,0.0023548570688656,0.7149779487363488,-0.5027479182695834,21.041319965361627,0.0054,0.45,4
0.0036655765238588,0.0022277734348573,0.649748999929974,-0.4942389877294322,20.706200728246497,0.0054,0.45,4
0.0037236112409772,0.0025956773577812,0.8401091526980969,-0.5096389218910904,21.69070177127955,0.0054,0.45,4
0.003643467698108,0.0024400987656829,0.7560516382432414,-0.5065713589829415,21.23025292607324,0.0054,0.45,4
0.0036484200871867,0.0025251742452797,0.8013214156532221,-0.5095139353045709,21.479685371754965,0.0054,0.45,4
0.0030490247047643,0.0016208203353181,0.2814626044874725,-0.3366755408774508,17.99664588258615,0.0054,0.45,4
0.0029140132274749,0.001620032688731,0.2499146153284425,-0.304976064529167,17.695464181497304,0.0054,0.45,4
0.0028046661010334,0.0016197648763867,0.2221571613465027,-0.2753036425307456,17.416056631519186,0.0054,0.45,4
0.0026866439794742,0.0016084285658369,0.1852628719514119,-0.2354436948172731,17.067385696393654,0.0054,0.45,4
0.0030744939326455,0.0017527154320336,0.341219552621206,-0.3701361996968728,18.453269147066944,0.0054,0.45,4
0.0038587457564402,0.002804271410703,0.9491745078098968,-0.5022079957699015,22.23937826042213,0.0054,0.45,4
0.0038853691192403,0.0029421225968448,1.0210386586299849,-0.4937162241931618,22.599919413340213,0.0054,0.45,4
0.0039064972735271,0.0030793929700136,1.09281515432394,-0.4817778680756941,22.92524478882061,0.0054,0.45,4
0.0039222828883668,0.0032219154947569,1.1676844399277522,-0.4661403242364531,23.20376361202479,0.0054,0.45,4
0.0039373856757475,0.0033608415023092,1.24015887088928,-0.4475765868288449,23.516115669509976,0.0054,0.45,4
0.0039559587022246,0.0035055651116309,1.3142139570165363,-0.4245991299684729,23.76519914535177,0.0054,0.45,4
0.0039723128642657,0.0036469341665973,1.385331533820837,-0.3991844388279681,24.04172222090146,0.0054,0.45,4
0.0040610345110539,0.0041933124021594,1.6345679237712465,-0.2736006941279052,24.80166030986893,0.0054,0.45,4
0.0039640644367027,0.0042693472087605,1.6932242181415065,-0.2650338628914306,24.9805884113246,0.0054,0.45,4
0.0040325745037221,0.0040574742370926,1.5777482511997185,-0.3087111680118414,24.64198442930564,0.0054,0.45,4
0.0040089957011575,0.0039229627043077,1.5177675478250323,-0.3410529888787721,24.46275447830531,0.0054,0.45,4
0.003990922048787,0.0037868591421228,1.4535003256022765,-0.3709437131252099,24.26359367984607,0.0054,0.45,4
0.0038995357478148,0.0047558348546279,1.9156771915699164,-0.1416669761774824,25.50398574412769,0.0054,0.45,4
0.0037977468660596,0.0047705633082332,1.949976448177164,-0.1474214082425636,25.66534099643446,0.0054,0.45,4
0.0038986530755369,0.0046165623264263,1.860946713695104,-0.1805267554305312,25.40466808957484,0.0054,0.45,4
0.0038804617505054,0.0044748871765247,1.806319150364738,-0.2206239017665474,25.28611743099302,0.0054,0.45,4
0.0038614305298162,0.0043423980373805,1.7523909170454115,-0.2569805124025046,25.15222260097532,0.0054,0.45,4
0.0036973414206901,0.0049792250877908,2.054918996280863,-0.0965811560951635,25.986915622985663,0.0054,0.45,4
0.003558546823682,0.0050248844819405,2.111378027413254,-0.0952363221948303,26.20351284377304,0.0054,0.45,4
0.0037255948850809,0.0048420808380885,1.9976763396843185,-0.1338422045134254,25.85874346092879,0.0054,0.45,4
0.0025754967579364,0.0015959250909224,0.1471662550947486,-0.1917680994120991,16.696037695636083,0.0054,0.45,4
0.0026383725004994,0.0016897846498698,0.2038636084670939,-0.2432604163171925,17.22860259033251,0.0054,0.45,4
0.0025161741824166,0.0015098735106677,0.0987189125379017,-0.1403617120585758,16.201401225112388,0.0054,0.45,4
0.0024710572095698,0.0014333240062289,0.0619168332668956,-0.0955559382743171,15.787503161399878,0.0054,0.45,4
0.0024413734962551,0.001367304563318,0.0363689639556041,-0.0603646777221157,15.462674984716145,0.0054,0.45,4
0.0024179120286968,0.0013390399103385,0.0230452078237114,-0.0396752302597107,15.363736245429516,0.0054,0.45,4
0.0024266121715226,0.0012654024528518,0.0119895230144053,-0.0223755683431105,15.066378059821364,0.0054,0.45,4
0.0002483276114685,0.0075531155066722,2.59333217262418,0.0648417628565222,38.23491927318082,0.0054,0.45,4
0.0003743064936157,0.0074769927924656,2.637792295397793,0.0948885454787649,37.43007179027055,0.0054,0.45,4
0.0005011291944618,0.0074005995290377,2.6767453102859915,0.1226796834450379,36.6673225502546,0.0054,0.45,4
0.0006283174206304,0.0073237032541903,2.7103198846382,0.1477380362754659,35.95241498168274,0.0054,0.45,4
0.0007556456222729,0.0072460833578087,2.738663498234199,0.1697325096339735,35.2823327614152,0.0054,0.45,4
0.003432877742578,0.0052241060444339,2.211540333859159,-0.0459039569685135,26.55195186249708,0.0054,0.45,4
0.0034542838439002,0.0050999512993575,2.167008195060682,-0.0814088843647239,26.45999348859917,0.0054,0.45,4
0.0034474960075256,0.0050099495974224,2.13891338585836,-0.108558236865888,26.37805672652052,0.0054,0.45,4
0.0033038203944712,0.0052953905443202,2.270771787592325,-0.0339358091336599,26.84919755649872,0.0054,0.45,4
0.0031540691928977,0.0057676786177225,2.4147343740993352,0.0991902893385712,27.24384478197491,0.0054,0.45,4
0.0031572467663953,0.0056198377222129,2.389915984954881,0.0545056209454387,27.235294515378,0.0054,0.45,4
0.0031608949415887,0.0054823549112832,2.360811969298968,0.0129182937987135,27.20068937192443,0.0054,0.45,4
0.0031664256290334,0.0053577588545876,2.3290374703910346,-0.0245322455877124,27.13721995846333,0.0054,0.45,4
0.0008826431832039,0.0071678027580934,2.7618280252778984,0.1883985317165059,34.65609170577785,0.0054,0.45,4
0.0030268776353458,0.0058451692339919,2.462975031968624,0.1142265737445081,27.53862885657844,0.0054,0.45,4
0.0029000003939512,0.0059222498467832,2.508764725112602,0.129197234639696,27.841880324964023,0.0054,0.45,4
0.0010090304061787,0.0070891755516099,2.779783289437745,0.203641951784712,34.06855342035163,0.0054,0.45,4
0.0027734192558087,0.0059998137753567,2.551988568095029,0.1441576680589404,28.15658188007053,0.0054,0.45,4
0.0011350568084717,0.0070105227878305,2.7925000959881845,0.2155433462271061,33.515735558797815,0.0054,0.45,4
0.001261088447779,0.0069317350204411,2.800117101244948,0.2241961316955905,32.993234643863524,0.0054,0.45,4
0.0026479324336336,0.0060771849980382,2.5921397418599885,0.1587552714789391,28.48119522870627,0.0054,0.45,4
0.002523779586051,0.006151759428092,2.628984885529679,0.1720464225773983,28.81658827346692,0.0054,0.45,4
0.0023985056739357,0.0062254752477342,2.66325763723106,0.1842364379281813,29.168113979892897,0.0054,0.45,4
0.0022726122623561,0.0063014887681123,2.694512716776627,0.1959656714803167,29.53104291298089,0.0054,0.45,4
0.0021464695911913,0.0063792673779784,2.72225449342678,0.2067935199993928,29.90621973748748,0.0054,0.45,4
0.0020199462534986,0.0064578421575811,2.7462694019398524,0.2161596076859594,30.29532987079395,0.0054,0.45,4
0.0018929110704764,0.0065365534808843,2.7664300817730414,0.2235768271544466,30.70300465002828,0.0054,0.45,4
0.0017656712690343,0.0066149860724547,2.7825180955319087,0.2287242602208383,31.127948462105987,0.0054,0.45,4
0.0016392591263933,0.0066933222915344,2.794129770382124,0.2315283144043155,31.56765933206321,0.0054,0.45,4
0.0015131070233443,0.0067722047495414,2.8010731839832483,0.2318468512463647,32.023472477982445,0.0054,0.45,4
0.0013867989240155,0.0068513180431384,2.803294148963805,0.2293598548649531,32.49968980303321,0.0054,0.45,4
0.0035239009488379,0.0020662838731,0.5587978319200103,-0.4731503561761512,20.069057979083887,0.0054,0.45,4
0.0035421044741234,0.0021936075296791,0.6225829570151998,-0.4874493146587892,20.446317680245084,0.0054,0.45,4
0.003192569954503,0.0018306979858098,0.3991784887222583,-0.4051659539985877,18.9193337292478,0.0054,0.45,4
0.003303635883241,0.0019133545899786,0.4564089214531348,-0.4336373295315948,19.328538133673945,0.0054,0.45,4
0.003429663717618,0.0019875238799736,0.5097414795012501,-0.456658481201779,19.747892617062348,0.0054,0.45,4
0.0037207687976548,0.0027539539145101,0.9261980577206144,-0.5089761774767031,22.08179278876079,0.0054,0.45,4
0.0035667423146703,0.0023612077634203,0.7102738688930074,-0.5015669876064585,20.914043911781395,0.0054,0.45,4
0.0035912999515174,0.0026290370162331,0.8573122001541157,-0.5121285731590283,21.71805672783642,0.0054,0.45,4
0.0035525726819889,0.0024983766693183,0.7835146155073351,-0.5085320653374267,21.294070150481755,0.0054,0.45,4
0.0029661323047896,0.0017195190065826,0.303177038552946,-0.3408240403277245,18.07921030086449,0.0054,0.45,4
0.0028578706618992,0.0017109660996981,0.2733835415905759,-0.3131970136772874,17.82696068428172,0.0054,0.45,4
0.0027546745138699,0.0017044385195386,0.2434983858901548,-0.2835701341590906,17.577431962637657,0.0054,0.45,4
0.0029967917483684,0.0018068550865766,0.3488656749915141,-0.3667799435412697,18.44478756832867,0.0054,0.45,4
0.0030761538570586,0.0018708116933805,0.3953571636776897,-0.3946361771135695,18.84484872141909,0.0054,0.45,4
0.0027012851178218,0.0017842339295399,0.2644116680871769,-0.2904274982615344,17.769978690536032,0.0054,0.45,4
0.003775195093995,0.0028850396494884,0.9963508449815762,-0.5024352635083912,22.442439115364536,0.0054,0.45,4
0.0037980720627793,0.0030228850030168,1.0709111568434888,-0.4928891901459495,22.77717446068732,0.0054,0.45,4
0.0038099683486412,0.003164210607909,1.148157392323094,-0.4799709869669843,23.096258798790984,0.0054,0.45,4
0.0038233193131331,0.0033037609152735,1.2239484361242494,-0.4636313415171328,23.40290074103768,0.0054,0.45,4
0.0038375673413663,0.0034432278313797,1.2987506803841986,-0.4438590976339751,23.69335963342824,0.0054,0.45,4
0.0038535088085652,0.0035848215206844,1.3731298774995115,-0.4204382487470843,23.96808258813596,0.0054,0.45,4
0.003868726720457,0.003727795204078,1.4465665797031384,-0.3937377177745854,24.22807310906884,0.0054,0.45,4
0.0039322122844924,0.0041413175336414,1.6411836781300595,-0.2993577955856231,24.832385201167707,0.0054,0.45,4
0.0038613154588366,0.0042256456793381,1.6982260200274322,-0.2860874672739496,25.00751194328496,0.0054,0.45,4
0.0039039428149914,0.0040108437019718,1.5841656972639313,-0.3321974508828081,24.67411364603083,0.0054,0.45,4
0.0038857094130908,0.00386895191892,1.5165763215231678,-0.3643922323932879,24.46458498763152,0.0054,0.45,4
0.003755955288817,0.0042571529538933,1.739093453005611,-0.2884301368232818,25.17712276071449,0.0054,0.45,4
0.0037989322850304,0.0046683609117159,1.90947711842588,-0.1760133576388378,25.58601618506476,0.0054,0.45,4
0.0037235823607614,0.0047285338227033,1.9546074430949567,-0.1663071052067802,25.751704539136064,0.0054,0.45,4
0.0037823022006076,0.0045390629010296,1.860186989180605,-0.2130414089990494,25.48704748009417,0.0054,0.45,4
0.0037628548800756,0.004400442641764,1.804184406528945,-0.2515327843173742,25.34513486588065,0.0054,0.45,4
0.003596088344279,0.0048890188883956,2.052359039324556,-0.1317617234395679,26.04804843860644,0.0054,0.45,4
0.0034819753218842,0.0049248914956661,2.0986387377438738,-0.1308262066433332,26.266423002912216,0.0054,0.45,4
0.0036143442194808,0.0047482696045185,1.9933290898705944,-0.1705122928915529,25.92860127045481,0.0054,0.45,4
0.0033806982500857,0.0050465262338135,2.1711525729504206,-0.1028763571379099,26.55634995219772,0.0054,0.45,4
0.0033771694988551,0.0049596649037739,2.14188091050319,-0.1287801194794016,26.48827511011969,0.0054,0.45,4
0.0025896837281135,0.0017672978732465,0.2232703734656823,-0.2507345233706131,17.406276182320127,0.0054,0.45,4
0.002524089909256,0.0016708993503899,0.1599329541673813,-0.1961002135890442,16.828446451629834,0.0054,0.45,4
0.0024705623832859,0.0015834756211011,0.1084694775035734,-0.1448306911044153,16.326010761429746,0.0054,0.45,4
0.0024278111341187,0.0015055091805966,0.0682627549082354,-0.0987657101801165,15.892176678570976,0.0054,0.45,4
0.0024002660832033,0.0014400925880571,0.0406456111497979,-0.0630531865000899,15.548299695304935,0.0054,0.45,4
0.0023774244991473,0.0014097543118589,0.0255307307907027,-0.0410978130443494,15.440826425517416,0.0054,0.45,4
0.0023883611645302,0.0013363862836423,0.0133532628283951,-0.0232382585938372,15.13265208287838,0.0054,0.45,4
0.0002503003340554,0.0073987340726516,2.69015767696469,0.0604463775797283,38.309002733422176,0.0054,0.45,4
0.0003762623458678,0.0073217383795661,2.728256088163388,0.0877552693798904,37.53749326467852,0.0054,0.45,4
0.0005027075013398,0.0072446579682348,2.760879965040498,0.1126146686494327,36.80398085638486,0.0054,0.45,4
0.0006294475980744,0.0071671987572504,2.788193868762924,0.1346820779336072,36.11179945173223,0.0054,0.45,4
0.0007561535188857,0.0070893746734439,2.810256068161245,0.1536835144974047,35.45884806185372,0.0054,0.45,4
0.0033384037718664,0.0051414152673122,2.214905456315355,-0.077837633439836,26.72042013652044,0.0054,0.45,4
0.0031844047401313,0.0052279828152735,2.287490061105572,-0.0625396923647431,27.04296445759024,0.0054,0.45,4
0.0030288646028743,0.0056923932939771,2.4414146797159257,0.0681823392091843,27.54649504053364,0.0054,0.45,4
0.00303051825221,0.0055426832412973,2.413422950132429,0.0228758060569762,27.524495229278298,0.0054,0.45,4
0.0030388990619962,0.0054041128892386,2.37938611922765,-0.0186095399644769,27.46546987130792,0.0054,0.45,4
0.0030745784327043,0.0052936572606403,2.3394284173341267,-0.0497475454638894,27.35029603408829,0.0054,0.45,4
0.0008826411910292,0.0070112634165655,2.8271214046098154,0.1694696212617401,34.84247859669606,0.0054,0.45,4
0.0029015422576817,0.0057671884566333,2.490986613315709,0.0828176427027882,27.862324634696154,0.0054,0.45,4
0.0027745644718136,0.0058439348657366,2.5384497695051924,0.0980600674433732,28.18996746135446,0.0054,0.45,4
0.0010088766398694,0.0069330078646786,2.838836118895467,0.1820021127534143,34.25890967524356,0.0054,0.45,4
0.0026478398686516,0.0059217382703094,2.583384756283054,0.1134240520483347,28.530734331794022,0.0054,0.45,4
0.0011349646032503,0.006854722266263,2.845471470290328,0.1913228975902397,33.704837223139315,0.0054,0.45,4
0.0012611670058081,0.0067766945197293,2.8470483419894967,0.1975859210527597,33.17686760182068,0.0054,0.45,4
0.0025222017751923,0.0059990556237255,2.6251626563477988,0.1282668071071602,28.88254091046801,0.0054,0.45,4
0.0023970641454435,0.0060743857908899,2.663776712815704,0.1419095538543815,29.24611968575179,0.0054,0.45,4
0.0022713950141899,0.0061504401135554,2.699487178917255,0.1548263611905341,29.623176072977937,0.0054,0.45,4
0.0021453516221352,0.0062277181619406,2.731957689164989,0.1668746251809398,30.0130842273301,0.0054,0.45,4
0.0020190679486397,0.0063056359332009,2.760863865214658,0.1776076017332164,30.41683058416765,0.0054,0.45,4
0.0018925981120042,0.0063837750305463,2.7859719638971803,0.1866333813604057,30.836335807302245,0.0054,0.45,4
0.0017659268104596,0.0064624123294926,2.807038393780213,0.1937472585754609,31.27125320625061,0.0054,0.45,4
0.001639523202885,0.0065409596746493,2.823829106792878,0.198602378055744,31.721906827150388,0.0054,0.45,4
0.0015134874430408,0.0066191088589373,2.836234924501224,0.2009316688778329,32.188015962221414,0.0054,0.45,4
0.0013875325250814,0.0066976964548832,2.844005942578257,0.2006822267459465,32.67213245041683,0.0054,0.45,4
0.0036705231978696,0.0028690381238884,0.9917807814410988,-0.5071915542293577,22.32775141318224,0.0054,0.45,4
0.0034201789454315,0.0021308170916001,0.5781920025280676,-0.4744323114029428,20.181103024708985,0.0054,0.45,4
0.0034374573113675,0.0022864210505733,0.6608369736100407,-0.4917546798201668,20.59373256974272,0.0054,0.45,4
0.0031660226945923,0.0019829748107201,0.466796419089495,-0.4290541676899403,19.37154277888622,0.0054,0.45,4
0.0032932504428414,0.0020685027584839,0.5299863347671452,-0.4563319153877243,19.79449442626773,0.0054,0.45,4
0.0035848854675469,0.0027937451125065,0.9508479004518664,-0.5116371946399019,22.13127390079361,0.0054,0.45,4
0.0034753980395619,0.002712339519182,0.9039807291195544,-0.5137704535708153,21.84797993248327,0.0054,0.45,4
0.0034534406348377,0.0024322587784777,0.7417038798527805,-0.5034077262167007,21.06157001864945,0.0054,0.45,4
0.003463753857299,0.0025701478903548,0.8205492401849411,-0.5105576293333768,21.48567258852636,0.0054,0.45,4
0.0033471172470089,0.0023682636554582,0.6977946662999983,-0.4949691288823126,20.79332700108814,0.0054,0.45,4
0.0029046070851297,0.0018057286191825,0.3272247920404045,-0.3474437025662716,18.26050379000186,0.0054,0.45,4
0.0028063714961908,0.0017973446511188,0.2989887728891028,-0.3222493218559325,18.01241475726019,0.0054,0.45,4
0.0029658916717962,0.0018878581401197,0.3805290653549135,-0.3786806989667302,18.66684228381737,0.0054,0.45,4
0.0030327675856005,0.0019710202213649,0.4361858521404876,-0.4075640029563187,19.17192374077845,0.0054,0.45,4
0.0027451181341383,0.0018704969635863,0.3185097202648874,-0.3260603676875453,18.21337434766951,0.0054,0.45,4
0.0026452310445367,0.0018618975058454,0.2861875540616583,-0.2965899182584572,17.919738958257756,0.0054,0.45,4
0.003069950136552,0.0020598463488793,0.4900565973785821,-0.4296695445723323,19.42730091840053,0.0054,0.45,4
0.0036907309761574,0.0029810162311917,1.0545419319882037,-0.501058518389657,22.637912703099747,0.0054,0.45,4
0.0036992983625491,0.0031102423804706,1.1278111649117246,-0.4914128803540353,22.96279698972449,0.0054,0.45,4
0.0037101684514162,0.0032468458859546,1.2049824093330337,-0.4777469934761447,23.29122807185785,0.0054,0.45,4
0.0037223093065619,0.0033854336311047,1.282503576872534,-0.4603739377190383,23.603157470820296,0.0054,0.45,4
0.0037350218484376,0.0035255805504978,1.359658826504775,-0.4394290811992087,23.90113481730494,0.0054,0.45,4
0.003748038439626,0.0036676389005785,1.436183711989694,-0.4149559212711382,24.18081257472133,0.0054,0.45,4
0.0037617128866094,0.0038116015843593,1.5115205079758338,-0.3870369510722795,24.44181234958012,0.0054,0.45,4
0.0037929147546105,0.0041180126632899,1.662592294171395,-0.318404093554062,24.92002148129205,0.0054,0.45,4
0.0037757642668938,0.0039603446441789,1.5867511945188877,-0.3552388324689229,24.692549707638648,0.0054,0.45,4
0.0036596586950411,0.0041844497036661,1.726945570717583,-0.3146710872039189,25.142326263008304,0.0054,0.45,4
0.0036525774105441,0.0043261305566997,1.797779732705574,-0.2805688540101486,25.37335258672213,0.0054,0.45,4
0.0036752471803772,0.0046138958609892,1.9212302683048463,-0.202620512000361,25.67817318565585,0.0054,0.45,4
0.0036702125824971,0.0044642412395863,1.8572788421997368,-0.2433325854686852,25.527413576123426,0.0054,0.45,4
0.0034893191590875,0.0048032985609467,2.0504553513575785,-0.1653494423121911,26.15168485271621,0.0054,0.45,4
0.0033796066671649,0.0048512827018531,2.100686449099033,-0.1601208566458574,26.39390258323388,0.0054,0.45,4
0.0034964979721736,0.0046980215696775,2.005911327964944,-0.1944705515142969,26.057010991095545,0.0054,0.45,4
0.0035629393896211,0.0046298019636782,1.9587985880608,-0.2079250895630707,25.871849075158224,0.0054,0.45,4
0.0032846656921183,0.0050235162360705,2.19174924215751,-0.1167566017422662,26.732822368993528,0.0054,0.45,4
0.0032729497088276,0.0049124606725626,2.1549255434542203,-0.1501375543503059,26.64210196755917,0.0054,0.45,4
0.0025341309209026,0.0018404100159849,0.2409593014602256,-0.2555450073980871,17.56723744113616,0.0054,0.45,4
0.0024751297929882,0.0017446647543182,0.1751837645123909,-0.2022164310250757,16.994694917836558,0.0054,0.45,4
0.0024243540084915,0.0016550513190064,0.1191934497055015,-0.1496693072879087,16.448912244988374,0.0054,0.45,4
0.0023822862917711,0.0015763848156866,0.0750055341575991,-0.1018664615308088,15.993976398777445,0.0054,0.45,4
0.0023566073695483,0.0015086945882696,0.0443147489958093,-0.0645298776757242,15.636822444429134,0.0054,0.45,4
0.002335623596669,0.001478076369027,0.0281532993130286,-0.0425104058619063,15.529694637869992,0.0054,0.45,4
0.0023480046887016,0.0014061953054549,0.0148180669848271,-0.0241013406940662,15.19271459199732,0.0054,0.45,4
0.000251151076563,0.0072435125379224,2.774387699603921,0.0554448641255916,38.37981144026907,0.0054,0.45,4
0.000377248694634,0.0071662699619427,2.8061690055680724,0.0799932021675578,37.63555376942737,0.0054,0.45,4
0.0005036165474522,0.0070886819698886,2.832744547731572,0.1019564296845406,36.9248229157837,0.0054,0.45,4
0.0006300408732401,0.0070109968882801,2.854027834953289,0.1210674341031061,36.25062223352708,0.0054,0.45,4
0.0007564173499654,0.0069331624036227,2.8701105890160794,0.1371466410799983,35.610149016698024,0.0054,0.45,4
0.0031769404921879,0.0050991606332391,2.2493430873070115,-0.1015766747999555,26.97536892543162,0.0054,0.45,4
0.0030433669335527,0.0051826275059981,2.3160010198041223,-0.084967630556386,27.333337168639563,0.0054,0.45,4
0.0029029335127207,0.0056118024920155,2.4656058701231864,0.0360765103441275,27.85298305289866,0.0054,0.45,4
0.0029081830871321,0.005455614462439,2.4313526127873946,-0.0107105487689386,27.801066742106133,0.0054,0.45,4
0.0029397957988116,0.0052958042381111,2.380785877167824,-0.0570320855280754,27.67772904024323,0.0054,0.45,4
0.0008826906728059,0.0068552072136603,2.8810661160099422,0.1500988301033061,35.00071909169463,0.0054,0.45,4
0.0027760208026401,0.005687563468679,2.5168358029441227,0.0514862436135508,28.19010419673143,0.0054,0.45,4
0.0026490671274282,0.0057655745208536,2.566077700153127,0.0675508590649571,28.54514942043374,0.0054,0.45,4
0.0010088684197881,0.006777189917019,2.886970921552496,0.1599055663690814,34.41939605741883,0.0054,0.45,4
0.0025221397815445,0.0058436504550936,2.612653337184806,0.0833646475236011,28.913275874243908,0.0054,0.45,4
0.0011350267669875,0.0066991768820382,2.8879086925407425,0.1666157226646122,33.86317061747268,0.0054,0.45,4
0.0012611903530306,0.0066212561631176,2.883986260854321,0.1703279858088454,33.33004808060132,0.0054,0.45,4
0.0023962385607865,0.0059207198380114,2.655956724091817,0.0984347402257254,29.292049706166296,0.0054,0.45,4
0.0022705053310468,0.0059976659187546,2.696174217091121,0.1127403263485706,29.68323307011345,0.0054,0.45,4
0.0021445905435642,0.0060748769818662,2.733206968974081,0.1261046032132863,30.0874363167129,0.0054,0.45,4
0.0020184613732815,0.0061526162030072,2.766819906010301,0.1383114124749327,30.50510614579672,0.0054,0.45,4
0.0018922137224282,0.0062304943826487,2.796748137843991,0.1489779946351236,30.93727516517629,0.0054,0.45,4
0.0017658927895607,0.0063085085792839,2.822772495634346,0.157836455938667,31.384230486076977,0.0054,0.45,4
0.0016396110213298,0.0063866396435737,2.844672845968884,0.1646353358766183,31.84618889879926,0.0054,0.45,4
0.0015134643412559,0.0064648672492536,2.8622563763104214,0.1691417088234754,32.323596461855054,0.0054,0.45,4
0.0013873804259473,0.0065430334677737,2.875406463060123,0.1711013050993594,32.81759781284125,0.0054,0.45,4
0.0035810433174789,0.0029232155797514,1.0265950612175692,-0.5081512863019063,22.50901452885913,0.0054,0.45,4
0.0032947062559444,0.002233278121329,0.617272929299527,-0.478290307506887,20.262061676947003,0.0054,0.45,4
0.00315935022468,0.002142186240906,0.5490950690866433,-0.4540951548213457,19.86169139791925,0.0054,0.45,4
0.0034780829238024,0.0028526255676574,0.9875746335965356,-0.5129072529401496,22.289937852889743,0.0054,0.45,4
0.0033733484531547,0.0027797198034387,0.944050977337385,-0.5146727912284192,22.04374546434653,0.0054,0.45,4
0.0032412894966226,0.0023493458082719,0.6768137537558087,-0.4874504512672481,20.611661626938343,0.0054,0.45,4
0.0033623503781848,0.0026449872485291,0.8613432709720249,-0.5121275372382619,21.616631182136725,0.0054,0.45,4
0.0033531293418978,0.0025092952941027,0.7796196740746403,-0.5055476725912732,21.238900118579952,0.0054,0.45,4
0.0032515437635,0.0024566891407069,0.7411347736181967,-0.4981525751431954,20.954825768955505,0.0054,0.45,4
0.0028554461690812,0.0019024494712627,0.3623743993476265,-0.3599335295345557,18.51531214181816,0.0054,0.45,4
0.0029353158901851,0.0019686944557584,0.4149662766746765,-0.3905285036688073,18.93664007577536,0.0054,0.45,4
0.002967041149671,0.002054953971765,0.4678201020659411,-0.4138850303623362,19.22503000736281,0.0054,0.45,4
0.0027754585465252,0.0019597952325054,0.3730634713200074,-0.3562655036072937,18.591926915829337,0.0054,0.45,4
0.0026841891312042,0.0019538674768435,0.3458820187163185,-0.3331358687116661,18.336471865129194,0.0054,0.45,4
0.0025903352553809,0.0019388003507358,0.3106954088111461,-0.3037123269575535,18.1190186829451,0.0054,0.45,4
0.0030245702377515,0.0021480972912837,0.530626617316763,-0.4393938591211837,19.75649105595439,0.0054,0.45,4
0.0035892098127702,0.003056289069212,1.1046775073862056,-0.5007010083563648,22.837781254129933,0.0054,0.45,4
0.0035975641209224,0.0031901462505692,1.1832283101970136,-0.4897705776113845,23.169996814380543,0.0054,0.45,4
0.0036083938143303,0.0033272522444559,1.2630218799304742,-0.4749135041018854,23.506360948550995,0.0054,0.45,4
0.0036192069426242,0.0034659344585737,1.3427149887750265,-0.456431643269209,23.82372456473245,0.0054,0.45,4
0.0036293924557792,0.0036064454097652,1.4220768839620153,-0.4344167805458223,24.128836339022232,0.0054,0.45,4
0.0036398283504289,0.0037495993996944,1.5009248936610853,-0.4087666554650713,24.412683604286915,0.0054,0.45,4
0.003652210130555,0.0038952794400932,1.578322458747831,-0.3794447063714642,24.67597816728876,0.0054,0.45,4
0.0036611290760052,0.0040412619506994,1.653693730964885,-0.3475534208348818,24.93239249398197,0.0054,0.45,4
0.0035536918504358,0.0042508679186862,1.7856097836765283,-0.3075768205425578,25.36816803098543,0.0054,0.45,4
0.0035486399799904,0.0041140175166905,1.7169665004776336,-0.3403503559769036,25.185100532879208,0.0054,0.45,4
0.0032682528405799,0.0047944025244878,2.1099846686878205,-0.1844401212360917,26.512848960112308,0.0054,0.45,4
0.0035543758416993,0.0043867510543212,1.8515728622808365,-0.2735136613264015,25.609319653548283,0.0054,0.45,4
0.0035693521072447,0.0045167400078896,1.9075718373590496,-0.2381562761294213,25.7366249889212,0.0054,0.45,4
0.0033879734738124,0.0047129780537624,2.042682642199523,-0.198883373307096,26.253438196684467,0.0054,0.45,4
0.0034555410511958,0.0045951641302691,1.973236467055784,-0.2261985907766761,25.98488632690464,0.0054,0.45,4
0.0034616910587319,0.0043175938763135,1.841445353529905,-0.2983471727510782,25.606539635430227,0.0054,0.45,4
0.0031618324309283,0.0049818697057863,2.2130438981249747,-0.1371918682978773,26.91907254412398,0.0054,0.45,4
0.003159000878397,0.0048697339809118,2.1714339914643994,-0.1699275519441172,26.823981578193724,0.0054,0.45,4
0.003165466159118,0.0047500402658435,2.120598204580075,-0.203579464189176,26.69352180117809,0.0054,0.45,4
0.0024795213559079,0.0019139698608952,0.2617070549096745,-0.2618282784198155,17.759434483151168,0.0054,0.45,4
0.0024226802109322,0.0018166865999081,0.1907814704997179,-0.2075300463405932,17.157615362571793,0.0054,0.45,4
0.0023740390460718,0.0017255666131779,0.1300289822355745,-0.1537117491169848,16.58955495576978,0.0054,0.45,4
0.0023347156275884,0.0016459133584439,0.0822341948164887,-0.1050008419599215,16.11588152859753,0.0054,0.45,4
0.0023111006766955,0.0015774936837081,0.0487280535030182,-0.0666265614231546,15.726483358345194,0.0054,0.45,4
0.0022904519156143,0.0015473884830651,0.0311275294559395,-0.0440373090574842,15.609636970019006,0.0054,0.45,4
0.0023055894787143,0.001474773113629,0.0163673196597468,-0.0249504634876197,15.274841472458125,0.0054,0.45,4
0.0002517041075708,0.0070879922502276,2.846392422139759,0.0501616740706696,38.44222812598517,0.0054,0.45,4
0.0003778944713859,0.0070104549759777,2.872258212738451,0.0718705720780874,37.72134936818515,0.0054,0.45,4
0.000504106943808,0.0069328068351728,2.8929465609877405,0.0909073575185598,37.02970359978799,0.0054,0.45,4
0.0006303431749455,0.0068550834895328,2.9084699353238963,0.1070803552834567,36.36947897006703,0.0054,0.45,4
0.0007565634918194,0.0067772946319018,2.9188857724748374,0.1202571552898253,35.73796733552272,0.0054,0.45,4
0.0030413348873533,0.0050573442962874,2.275345057174647,-0.1222682017137489,27.248303910467303,0.0054,0.45,4
0.002923598060403,0.0051411312032614,2.338446980289336,-0.1039681897398869,27.606123636207474,0.0054,0.45,4
0.002781100908578,0.0055315018961381,2.486357895157388,0.0050605680019867,28.147401115027662,0.0054,0.45,4
0.0027888194847141,0.0053722841150761,2.446516317006868,-0.0421037133986602,28.05119632570092,0.0054,0.45,4
0.0028008854265548,0.0052234920319911,2.4007461818657667,-0.0856705468854892,27.93282769381344,0.0054,0.45,4
0.0008827457452547,0.0066994560893092,2.9242648117902275,0.1303730629867356,35.13288114723801,0.0054,0.45,4
0.0026513251191761,0.0056091555892837,2.5403695028612314,0.0214413700348228,28.52162275444397,0.0054,0.45,4
0.0025241132508463,0.0056873942755646,2.5912377874026045,0.0380425974401209,28.90692537572849,0.0054,0.45,4
0.0010089002133874,0.0066215927290118,2.924688220083485,0.1374277953901517,34.55189437665364,0.0054,0.45,4
0.0023960149870862,0.005765834452268,2.639641251296332,0.0543278443775827,29.30322651278638,0.0054,0.45,4
0.0011350489098516,0.0065437316886442,2.9202505426570635,0.1414769060266995,33.99273657472671,0.0054,0.45,4
0.0012611932487865,0.0064658707609984,2.911068834790925,0.1426175848688912,33.45369860695957,0.0054,0.45,4
0.0022700016880565,0.005843390206062,2.684371729469539,0.0698973837133722,29.70990944193113,0.0054,0.45,4
0.0021440800310067,0.0059207794587289,2.7259038434768086,0.0846085098916424,30.128663793707563,0.0054,0.45,4
0.0020180570185449,0.0059985728853541,2.76411162209892,0.0983262129446388,30.560587655343458,0.0054,0.45,4
0.0018919448967583,0.0060764247711364,2.79873457264518,0.1106723870036902,31.00623050431808,0.0054,0.45,4
0.001765773042209,0.0061542388010955,2.8295562398779044,0.1213498164852196,31.465914884930736,0.0054,0.45,4
0.0016395914890099,0.0062321004037128,2.8563742612739493,0.130120645880917,31.93986393851097,0.0054,0.45,4
0.0015134447068837,0.0063099753211419,2.879003283953665,0.1367334705331774,32.428597472425686,0.0054,0.45,4
0.001387325457183,0.0063878930939306,2.897282322766684,0.1409674605578662,32.932900955433354,0.0054,0.45,4
0.0034777553743597,0.002990989594655,1.0716664363964286,-0.5083871987816049,22.68793359447153,0.0054,0.45,4
0.0031624614529813,0.0022815763606303,0.6280456582550943,-0.4736747070725857,20.36637087266036,0.0054,0.45,4
0.0030703039384134,0.0022368291017011,0.5891604999883673,-0.4588680388287544,20.02789044987934,0.0054,0.45,4
0.0033749456618473,0.0029166939320897,1.0291473405608995,-0.5132604478254752,22.45223509062487,0.0054,0.45,4
0.0032778272780054,0.0028419541403217,0.9829795181582596,-0.5149446318020764,22.228945352321805,0.0054,0.45,4
0.0032690008891235,0.002711202262401,0.8995058352779147,-0.5129138068937332,21.84123400375802,0.0054,0.45,4
0.0031497926684086,0.002405928411381,0.7008643785636032,-0.4875665448734667,20.772353061984703,0.0054,0.45,4
0.0032394718336027,0.0025872188304767,0.8202022010199804,-0.5069130104496914,21.37982871115268,0.0054,0.45,4
0.0031605371251554,0.0025081650253978,0.7652067314769795,-0.4978558481250298,21.0760760924839,0.0054,0.45,4
0.0028554358325886,0.0020271924176417,0.4287370463336034,-0.3888524673509984,18.98574467574021,0.0054,0.45,4
0.0029134867474742,0.0021364236290614,0.5033464759359186,-0.4217039188420241,19.49802582308317,0.0054,0.45,4
0.0027405879590683,0.0020414767617151,0.4098910803647677,-0.3690840618397245,18.898170931975702,0.0054,0.45,4
0.0026353192602974,0.0020295587708683,0.3754013064575241,-0.3418406772901878,18.61535187854248,0.0054,0.45,4
0.0025352944492564,0.002013868966425,0.336998713288273,-0.3110000616152482,18.35694471505531,0.0054,0.45,4
0.0029499386906515,0.0022438152758157,0.5742427778293965,-0.4465406165425415,20.00022953919625,0.0054,0.45,4
0.0034818561586335,0.0031284760054853,1.1556192477797722,-0.5000787260739146,23.03262474868541,0.0054,0.45,4
0.0034945533947728,0.0032684927886881,1.2401636372996716,-0.4873721427032846,23.40006095814503,0.0054,0.45,4
0.0035056237070613,0.0034064417733658,1.3225871314388613,-0.4712806503706923,23.73924095907669,0.0054,0.45,4
0.0035134760292249,0.0035445340438009,1.404139325071016,-0.4518527918436524,24.064191758784883,0.0054,0.45,4
0.0035204130700488,0.003685425015624,1.4857105650633404,-0.428861902798197,24.373342308050965,0.0054,0.45,4
0.0035270557517281,0.0038312347584187,1.5678725702859095,-0.4017972016047841,24.685448994700696,0.0054,0.45,4
0.0035425453826423,0.0039733812507104,1.64340909000625,-0.3718299391784936,24.91299432522243,0.0054,0.45,4
0.0034532043011513,0.0040518799582731,1.705302472943135,-0.3615246570578873,25.158710214085524,0.0054,0.45,4
0.0034216105756229,0.004182264319211,1.7821974993057208,-0.3342460885934896,25.438961795051743,0.0054,0.45,4
0.003252450844855,0.0046646783897238,2.059578783262316,-0.2218683812324934,26.39601857218958,0.0054,0.45,4
0.0034187300409505,0.0044449327270044,1.9143379803181249,-0.269220667077155,25.8618159675548,0.0054,0.45,4
0.0033257254503792,0.0045680091006312,1.9963387552102163,-0.2432901904297304,26.170879458195326,0.0054,0.45,4
0.003346193540899,0.0043121033396633,1.867446970972037,-0.3082199664931284,25.77472847785839,0.0054,0.45,4
0.0031396514861741,0.0046612397806803,2.089065301708963,-0.2297994377372506,26.615822606323,0.0054,0.45,4
0.003046482647607,0.0049362338585196,2.229668429814876,-0.1573838010582937,27.1243181463912,0.0054,0.45,4
0.0030521431740105,0.004825731187704,2.184272969540826,-0.1887602785752909,26.999255381845696,0.0054,0.45,4
0.0030589981966776,0.0047131779263382,2.1344993877885,-0.2200092604574226,26.85346577394456,0.0054,0.45,4
0.002422860010037,0.0019860859736455,0.2837100471288269,-0.2678874451984775,17.976878275341935,0.0054,0.45,4
0.0023685541718044,0.0018873354332553,0.2075603862992146,-0.2129039864976941,17.348012988656418,0.0054,0.45,4
0.0023222314150392,0.0017948931461108,0.141902606168769,-0.1580322447307978,16.746119793640176,0.0054,0.45,4
0.002285226920817,0.0017140011975905,0.0899811612018883,-0.1081399079670526,16.242898483528638,0.0054,0.45,4
0.0022636199158209,0.0016449142869316,0.0534665391876197,-0.0687359733707739,15.835366805591972,0.0054,0.45,4
0.0022437682294954,0.0016140900627431,0.034120037564007,-0.0453726918244391,15.716019196997848,0.0054,0.45,4
0.0022611605559538,0.0015420645125778,0.0180531201216118,-0.0258067032527041,15.334289788341865,0.0054,0.45,4
0.0002520890075552,0.0069324162958879,2.9067320559469283,0.0446991525775275,38.49628140828573,0.0054,0.45,4
0.0003781970390265,0.0068547902602311,2.9269299014375485,0.0635001816641639,37.79541219041881,0.0054,0.45,4
0.0005043348855982,0.0067771107509512,2.9420423750774005,0.0796002156791619,37.11892645367632,0.0054,0.45,4
0.0006304889792347,0.0066993959376622,2.952085921727416,0.0928340203438693,36.4691102168106,0.0054,0.45,4
0.0007566422388356,0.0066216543797643,2.957110557442572,0.1031006266868537,35.84360892732314,0.0054,0.45,4
0.0029260887755329,0.0050055395834673,2.290601874594848,-0.1436051966411312,27.48460539433864,0.0054,0.45,4
0.0028055959504282,0.0050836150144193,2.353677680395529,-0.1265119806500108,27.80982290094813,0.0054,0.45,4
0.0026597456303751,0.0054526482605368,2.504814517532665,-0.0244286418993465,28.45530678445093,0.0054,0.45,4
0.0026711923323119,0.0052986414835729,2.4612366913863912,-0.0692892691750251,28.34373052693707,0.0054,0.45,4
0.0026880568970356,0.0051516496270257,2.4109352178985883,-0.1115655448475325,28.19846961345824,0.0054,0.45,4
0.0008827856169741,0.0065438935427665,2.95718118873989,0.1103610333370156,35.240548357773086,0.0054,0.45,4
0.0025287662634304,0.0055306286057076,2.5607446914821548,-0.0074150990785996,28.860344214527966,0.0054,0.45,4
0.0023979073625565,0.0056094151352337,2.61420810052731,0.0097142959591833,29.276489037185048,0.0054,0.45,4
0.0010089220903478,0.0064661216195346,2.9523768351704387,0.1146342457276465,34.658069575127065,0.0054,0.45,4
0.0022700895794033,0.0056878316438565,2.663870008929773,0.026504133602592,29.70149439009709,0.0054,0.45,4
0.0011350558279468,0.0063883459817366,2.9427910637842136,0.1159910417980246,34.09445745315035,0.0054,0.45,4
0.0012611838627282,0.0063105669045579,2.928533351112077,0.1145468045439356,33.54832570435537,0.0054,0.45,4
0.0021438508814466,0.0057656892751501,2.7099335944477265,0.0425858808588556,30.136166162677284,0.0054,0.45,4
0.0020177601304183,0.0058436876446208,2.7526904819605,0.0578107145142232,30.583024658672787,0.0054,0.45,4
0.0018917492741381,0.0059216174228805,2.791907373916331,0.0718340513610093,31.042764588712966,0.0054,0.45,4
0.0017656768110494,0.0059994608900906,2.8274109701488395,0.0843658178717931,31.5158915989407,0.0054,0.45,4
0.0016395566855885,0.0060772508247162,2.859004555211305,0.0951436449326409,32.002642707540694,0.0054,0.45,4
0.0015134264759568,0.0061550221085554,2.886498907779264,0.1039198189684534,32.50326354793045,0.0054,0.45,4
0.0013873047938921,0.0062327800071025,2.9097252944421736,0.1104572137555857,33.01825195716208,0.0054,0.45,4
0.0033579051989979,0.0030654286418637,1.1240372221431345,-0.5080820643680038,22.86634933653939,0.0054,0.45,4
0.0030497920800538,0.002353995751149,0.6570166534840974,-0.4736993836050197,20.486359469712166,0.0054,0.45,4
0.0032614536016243,0.0029548180993909,1.0562994117894584,-0.5137107256395294,22.57910523013308,0.0054,0.45,4
0.0031939387241534,0.0028811936544512,1.0086151281337568,-0.5146132086004891,22.3357025136164,0.0054,0.45,4
0.0031807970521464,0.0027835004672611,0.943887009999074,-0.5135161710236175,21.997293976792232,0.0054,0.45,4
0.0031732930025764,0.0026806294119341,0.8762952634227634,-0.5095924783331461,21.683703146299013,0.0054,0.45,4
0.003068166225987,0.0024886152447766,0.7441539495567141,-0.4907264570791447,20.95837748939592,0.0054,0.45,4
0.0031096985128901,0.0025983508988429,0.8188495118978617,-0.5024081009397753,21.390658728877188,0.0054,0.45,4
0.0028060018634792,0.0021233364276451,0.4732135006811068,-0.4010870086522596,19.291101959849858,0.0054,0.45,4
0.002852762953406,0.0021993280832494,0.5292831642126082,-0.4245874571804618,19.658675784222872,0.0054,0.45,4
0.0028464086287458,0.0022767974949888,0.5767614598515649,-0.4383642155173998,19.939769855451427,0.0054,0.45,4
0.0026907129608098,0.0021216491497455,0.4454442874149125,-0.3783811029689428,19.12830233944173,0.0054,0.45,4
0.0025802273348467,0.0021067884509847,0.4071870652139965,-0.3498513258766585,18.86846516356417,0.0054,0.45,4
0.0024759065396236,0.002087922243163,0.3644274024963521,-0.3174229498164473,18.593296562414963,0.0054,0.45,4
0.0028922479244256,0.0023552368605879,0.635022274995408,-0.4576201332578792,20.370605454051034,0.0054,0.45,4
0.003378153749292,0.0032132622287074,1.2165163162397026,-0.4973514168948902,23.315905506928303,0.0054,0.45,4
0.0033924301202053,0.0033481713174914,1.3000738582927074,-0.4838050516934439,23.6130787479764,0.0054,0.45,4
0.0032758287926375,0.0031649228190659,1.1930439478463355,-0.5040624803686583,23.18153383604909,0.0054,0.45,4
0.0034008521298963,0.003483142331124,1.3829406936186663,-0.466964767495801,24.01523071615411,0.0054,0.45,4
0.0034051078086817,0.0036198495274841,1.4658294672357928,-0.4468392642509839,24.28378440752149,0.0054,0.45,4
0.0034066602369509,0.0037610883469576,1.5499062474772582,-0.4229487980556735,24.659535824167182,0.0054,0.45,4
0.0033963553217018,0.0039232715395465,1.6458951396098966,-0.3927616768357845,24.95430476562544,0.0054,0.45,4
0.0033432237878541,0.0040595242081876,1.7336613392662572,-0.3674562981789902,25.35262047266212,0.0054,0.45,4
0.0032890595708521,0.004179165028687,1.8114951747073456,-0.3438876952064036,25.621882184511723,0.0054,0.45,4
0.0031695756205531,0.0045476026602442,2.0288169283065884,-0.2589409430678102,26.375188462212293,0.0054,0.45,4
0.0032629561645329,0.0044286106539893,1.9467095259532776,-0.2842677790949086,26.07297028660042,0.0054,0.45,4
0.0032170677882755,0.0042977790351394,1.891754682300595,-0.3200187863470735,25.949261943975674,0.0054,0.45,4
0.0030492983238696,0.00461047534072,2.090524482641776,-0.2486824465432842,26.716822209787384,0.0054,0.45,4
0.003041727210829,0.0045064547565316,2.0424899265930865,-0.2766780436365223,26.592141646490443,0.0054,0.45,4
0.0029415834205133,0.0048768390545163,2.236510737885109,-0.1799776041080517,27.32232262342023,0.0054,0.45,4
0.0029705609702357,0.0047762558832191,2.186469825113903,-0.2069418484315833,27.13408330589161,0.0054,0.45,4
0.0029437927496504,0.0046863317708626,2.1542045570035646,-0.2331690627177345,27.05168832678672,0.0054,0.45,4
0.0023606526377708,0.0020557430427868,0.3051355787127139,-0.2721887276707399,18.21155900949717,0.0054,0.45,4
0.0023112189754215,0.0019558387779659,0.2245113193058631,-0.2174362563064335,17.549095775874495,0.0054,0.45,4
0.0022692559983407,0.0018625503544617,0.154783483418964,-0.1625357190866651,16.92805380058446,0.0054,0.45,4
0.0022338555215384,0.0017805579858909,0.0982684732297226,-0.1112574641828076,16.387765305806848,0.0054,0.45,4
0.0022142342559094,0.0017116236129577,0.0588576308640628,-0.071175392721046,15.952897792668985,0.0054,0.45,4
0.002195354336894,0.0016794469233257,0.0374387661281225,-0.0468375762172568,15.817004271425397,0.0054,0.45,4
0.0022147618817696,0.001608013926749,0.0198501830605499,-0.0266674558847829,15.425509044719936,0.0054,0.45,4
0.0002522001071266,0.0067768999959759,2.9559625478905875,0.0390909852935848,38.54288003821452,0.0054,0.45,4
0.0003783098745214,0.0066992437485546,2.97075174585978,0.0549718049080369,37.85792165744862,0.0054,0.45,4
0.0005044271915912,0.0066215606035364,2.980541835982749,0.0681189277402191,37.19292713578111,0.0054,0.45,4
0.0006305527394436,0.0065438630126832,2.985344297858735,0.0783976576027973,36.55034164310587,0.0054,0.45,4
0.0007566805898713,0.0064661555299403,2.9852016848409773,0.0857346546469527,35.92814657071569,0.0054,0.45,4
0.0027979376351247,0.0049380744036896,2.3020493387856606,-0.1688293363051302,27.69923029920131,0.0054,0.45,4
0.0026965413241007,0.005043822303539,2.370872701105549,-0.1423811118245841,28.06216948793199,0.0054,0.45,4
0.0025374640759345,0.0053736788717739,2.520891924334206,-0.0527167320308312,28.769467710401376,0.0054,0.45,4
0.0025521824793058,0.0052180959951469,2.4716721663143475,-0.0971918861316279,28.63192251982673,0.0054,0.45,4
0.0025813803906926,0.005078038397235,2.416347933263552,-0.1364016777461914,28.44495574880801,0.0054,0.45,4
0.0008828072625677,0.0063884409674628,2.980171893875156,0.0901156829344017,35.32483658821912,0.0054,0.45,4
0.0024029601304911,0.0054514886118584,2.579197793318769,-0.0352279872145994,29.206864960639624,0.0054,0.45,4
0.0022710398217941,0.0055313900784973,2.6345325569095803,-0.0171751251479172,29.654675808026912,0.0054,0.45,4
0.0010089328105697,0.0063107222568304,2.9703285069058776,0.0915816900236777,34.73897354299306,0.0054,0.45,4
0.0021438177732812,0.0056099875084107,2.685285183363618,0.0002713235222893,30.10901907928419,0.0054,0.45,4
0.0011350569827459,0.0062330020730511,2.9557610136138783,0.0902236328051324,34.16929009581971,0.0054,0.45,4
0.0012611779754621,0.0061552858853452,2.936575167809216,0.0861776311023602,33.61474444238903,0.0054,0.45,4
0.0020175231110124,0.0056882628553059,2.732537383364092,0.0169667211032546,30.571878701198305,0.0054,0.45,4
0.001891542929291,0.0057663413655083,2.7762689475785405,0.0326385292222028,31.046561741750907,0.0054,0.45,4
0.0017655711994522,0.0058442579791916,2.816352199128825,0.0470030779085548,31.53392777903679,0.0054,0.45,4
0.0016395202202787,0.0059220871613972,2.8526119616957755,0.059794747959438,32.0342989161631,0.0054,0.45,4
0.0015134151994854,0.0059998681571728,2.8848532311229884,0.0707523590111177,32.54774384858416,0.0054,0.45,4
0.0013872962441046,0.0060775838917715,2.9128929702752444,0.0796201040360803,33.074439280390884,0.0054,0.45,4
0.0032180219710826,0.0030654741569046,1.130551407695602,-0.5105439795915377,22.933964103928545,0.0054,0.45,4
0.0029453331348967,0.0024675565735412,0.7166073547117541,-0.4789279224931667,20.74549208826897,0.0054,0.45,4
0.0031514763589626,0.0029604719167085,1.062071327689327,-0.513970550138877,22.608756379180537,0.0054,0.45,4
0.0031032242069598,0.0028631493335548,0.9959172024908084,-0.513661042309264,22.275599519258986,0.0054,0.45,4
0.0030674983957438,0.002722874159811,0.8992787184514422,-0.508465648189902,21.77790165342193,0.0054,0.45,4
0.0029958884011557,0.0025975250722203,0.8093829728487067,-0.4965350580426449,21.33723481500536,0.0054,0.45,4
0.0027537229396063,0.0022253495434738,0.5252947316167461,-0.4141506518628733,19.59908443229187,0.0054,0.45,4
0.0027783170510156,0.0023326758800869,0.6006254101220349,-0.4392888984703268,20.118007753226888,0.0054,0.45,4
0.0024119746009775,0.0021599324455953,0.3922221015432143,-0.3225801210882524,18.85997834490698,0.0054,0.45,4
0.0026279097190937,0.0022044183955831,0.4828475091444408,-0.3859635042382126,19.406959249449034,0.0054,0.45,4
0.0025162330184188,0.0021833229619733,0.4393630283734897,-0.3559683558716224,19.12012204717228,0.0054,0.45,4
0.0027975027691805,0.0024414275029483,0.6783095582108475,-0.4602855349964665,20.637441394453223,0.0054,0.45,4
0.0033071753293832,0.0034222562719395,1.3565763672612612,-0.4790277278677105,23.89555888529665,0.0054,0.45,4
0.0032565750038783,0.0032950344147203,1.2797386736219176,-0.4944749538750924,23.58107317925564,0.0054,0.45,4
0.003173476335832,0.0031869004980843,1.214402968356107,-0.5049379764205107,23.332466953093512,0.0054,0.45,4
0.0033147467040653,0.0036888295029886,1.5223232562073588,-0.4406942220159727,24.565600895979628,0.0054,0.45,4
0.0032730797952422,0.0035565069898155,1.4463874374892514,-0.4632576159696212,24.27244451319825,0.0054,0.45,4
0.0032704916032646,0.0038238876689773,1.6121365047759542,-0.4196203988401405,24.91425258029888,0.0054,0.45,4
0.0032806423516687,0.0039628477432236,1.6920933695197031,-0.3917343013757668,25.20147553485692,0.0054,0.45,4
0.0032208075830402,0.0040588485391559,1.760007444889796,-0.3749649451797217,25.48801274526436,0.0054,0.45,4
0.0031751530061545,0.0041757662417093,1.8359713330806688,-0.3513477108033863,25.773449186901583,0.0054,0.45,4
0.0031120537997437,0.0043925311777123,1.9672550767938333,-0.3024650199243299,26.24913227923448,0.0054,0.45,4
0.0031129178412839,0.004263268966947,1.8984853869019915,-0.3340647704248181,26.045771396590645,0.0054,0.45,4
0.0029381652474816,0.0045850549218411,2.10826160154792,-0.260779857060374,26.918906966930248,0.0054,0.45,4
0.002917603182002,0.0044848416362931,2.0640020563625137,-0.2879300050917683,26.795029315970364,0.0054,0.45,4
0.0029893030924253,0.0044162386398994,2.010314727065501,-0.3023130028740273,26.52733367303428,0.0054,0.45,4
0.0028562873103741,0.0047791994767547,2.2198420537902623,-0.2112892921851925,27.393266071394752,0.0054,0.45,4
0.0027204735660001,0.0048405900409832,2.283798777551499,-0.199090291579241,27.76497167780712,0.0054,0.45,4
0.0028400496313846,0.0046641473777088,2.1722282951470686,-0.2434692828285793,27.26639161375073,0.0054,0.45,4
0.0022996895278144,0.0021257984600931,0.3302635033553492,-0.2779177148561071,18.46090403204892,0.0054,0.45,4
0.0022545694440584,0.0020233876178193,0.243881573325275,-0.2228756177447341,17.772590490719825,0.0054,0.45,4
0.0022114925952864,0.0019287896065447,0.1673074266410018,-0.1656988235205102,17.109338621547185,0.0054,0.45,4
0.0021805711949238,0.0018455448976475,0.1070511797369809,-0.1142855416519346,16.55579388206564,0.0054,0.45,4
0.0021629357288964,0.001775342801513,0.0639687778469653,-0.0729239212530732,16.092377378198908,0.0054,0.45,4
0.0021456041442515,0.0017425408788116,0.040886389437603,-0.0482177001415469,15.95217841904721,0.0054,0.45,4
0.0021664368756162,0.0016725655395415,0.0217854126774838,-0.0275248631197122,15.51236140049598,0.0054,0.45,4
0.0002522279561729,0.0066214557193017,2.9945828863907056,0.0334051339970975,38.58162206961202,0.0054,0.45,4
0.0003783437538986,0.0065437883481336,3.004187982178495,0.0463403774853642,37.90895817240664,0.0054,0.45,4
0.000504459221671,0.006466109398745,3.008864245523565,0.0565124085945032,37.25216171841543,0.0054,0.45,4
0.0006305772309465,0.0063884253177288,3.0086167863226234,0.0638140442491727,36.61385839251751,0.0054,0.45,4
0.0007566968060327,0.0063107380993012,3.0034802967336325,0.0681985941778643,35.99236309199674,0.0054,0.45,4
0.002635511278364,0.0049413068059769,2.349290914950165,-0.1735793021892871,28.11350672443149,0.0054,0.45,4
0.0024991534413995,0.0049951583210695,2.408444560261948,-0.1618251710031042,28.54218839401998,0.0054,0.45,4
0.0024108026292594,0.0052906251628864,2.5341781141679616,-0.0807661468164441,29.08842815521296,0.0054,0.45,4
0.0024243929525455,0.005115943426838,2.474251785834723,-0.1297530951362357,28.921491445617114,0.0054,0.45,4
0.0008828169428995,0.00623304844988,2.993505852846268,0.0696769447179497,35.38652638137936,0.0054,0.45,4
0.0022732976201872,0.0053730408994459,2.5958864271576494,-0.0612539232868415,29.56697190855572,0.0054,0.45,4
0.0021438200044848,0.005453698180186,2.651947095856712,-0.0421766099540191,30.046354821810365,0.0054,0.45,4
0.0010089372211768,0.0061553579218363,2.978762196771242,0.0683137269789678,34.79529675991989,0.0054,0.45,4
0.0020171660428029,0.0055326163108494,2.703719069861307,-0.0239884871171308,30.527361565792308,0.0054,0.45,4
0.0011350569982012,0.0060776681563545,2.959336436810109,0.0642223954945772,34.21779986197706,0.0054,0.45,4
0.0012611755464083,0.00599998145644,2.9353349453853803,0.057559929280277,33.653358778661094,0.0054,0.45,4
0.0018912623806797,0.0056108995952018,2.751859047084157,-0.0067175428282715,31.01738562240064,0.0054,0.45,4
0.0017654004308484,0.0056888722418014,2.796415083373143,0.00942346334122,31.51976573649381,0.0054,0.45,4
0.0016394465513501,0.0057667322657269,2.8372375042367746,0.0241911604997815,32.03464463243851,0.0054,0.45,4
0.0015133971575013,0.0058445477081148,2.87412718365263,0.0373150602118383,32.561901227268784,0.0054,0.45,4
0.0013872924723015,0.005922295783058,2.906884048184548,0.0485202309624432,33.10147163259512,0.0054,0.45,4
0.0031041659234129,0.0030688321562198,1.1372300685570844,-0.5114416096881119,22.98134243333781,0.0054,0.45,4
0.0028708130995118,0.0025633717333146,0.773379072104937,-0.4839543414709212,21.11221566821925,0.0054,0.45,4
0.0030445363962353,0.0029520429635834,1.0571489066621689,-0.5132711909894092,22.586642676967987,0.0054,0.45,4
0.0029943784011886,0.0028314753418194,0.9715079902832676,-0.5104032025510392,22.14352449352773,0.0054,0.45,4
0.0029171711648924,0.0027050668789596,0.877887897892972,-0.5004901207839786,21.69677938770865,0.0054,0.45,4
0.0023448143911011,0.0022286542385297,0.4198192070520311,-0.3263987758109645,19.13102586152749,0.0054,0.45,4
0.002671843101761,0.0023040017967361,0.5600277849636165,-0.4169999589014505,19.865931741003696,0.0054,0.45,4
0.0027088273838669,0.0023830566541281,0.622447969193239,-0.438508255103556,20.256861897642253,0.0054,0.45,4
0.0024456798774126,0.0022566693667927,0.4708552637428999,-0.3601415617300665,19.40059751369179,0.0054,0.45,4
0.0025561401256556,0.0022842918953987,0.5198004642530677,-0.3911525978589338,19.651521518817564,0.0054,0.45,4
0.0026931408166688,0.0024590515832942,0.6738675141927124,-0.4499933350241887,20.61717844707076,0.0054,0.45,4
0.0027390828418882,0.0025399505728589,0.739698046661127,-0.4682181643252052,20.998673655355336,0.0054,0.45,4
0.003194361581179,0.0034279182364173,1.3734165453704108,-0.482840533201398,24.00497465088674,0.0054,0.45,4
0.0031224089132375,0.003302673277693,1.296743253631625,-0.4972050773406415,23.687273803205983,0.0054,0.45,4
0.0030527148539959,0.0031834355709612,1.2192080935313645,-0.5065310952439543,23.361780388153907,0.0054,0.45,4
0.0031971525920158,0.0036894017367126,1.541947956332682,-0.4465560182410532,24.67842472860462,0.0054,0.45,4
0.0031310055566586,0.0035524984697451,1.4634337336726444,-0.4693868649612435,24.39052947158359,0.0054,0.45,4
0.0031230790543423,0.0038053443059399,1.6274453077625033,-0.4299947062719781,25.038602389370453,0.0054,0.45,4
0.003171862723732,0.0039348881725303,1.697623615149711,-0.4033807634813455,25.268375981955334,0.0054,0.45,4
0.0031027108721373,0.0040521433406264,1.7815698768276491,-0.3824923998617472,25.64935867050613,0.0054,0.45,4
0.0030449383631448,0.0041601645647743,1.8568469294384728,-0.3614178622047817,25.92721669844457,0.0054,0.45,4
0.0029908288816072,0.0042877635331044,1.9412472995697048,-0.3340581385171863,26.3249452767802,0.0054,0.45,4
0.002836232070531,0.0045583834982253,2.122152868766865,-0.2717921499560998,27.10694735021868,0.0054,0.45,4
0.0028257365520856,0.0044704616623404,2.080006542270227,-0.2948382240615572,26.973089957717328,0.0054,0.45,4
0.0028741192044389,0.0043722482746465,2.015794169929445,-0.3179521365304425,26.66349286976933,0.0054,0.45,4
0.0027220515000974,0.0047293118546272,2.2343966968434947,-0.2296914469043268,27.609708365484323,0.0054,0.45,4
0.0026254733356622,0.0048131939992494,2.298378520815302,-0.2094181563394303,28.015818138428447,0.0054,0.45,4
0.0027276025885595,0.0046242635421536,2.183245193002327,-0.25773978035362,27.457980377924688,0.0054,0.45,4
0.0022378420915813,0.0021933646912265,0.3565337601540914,-0.2831152102496306,18.74702600257748,0.0054,0.45,4
0.0021907469381649,0.0020879502956801,0.2612439652637319,-0.2255120547683928,18.00640388323608,0.0054,0.45,4
0.0021536532313859,0.0019929917903922,0.181111193313467,-0.1693406350533947,17.339803581686553,0.0054,0.45,4
0.0021253381830557,0.0019089499863016,0.1163322078347601,-0.1171567668738339,16.738106031322932,0.0054,0.45,4
0.0021097718842418,0.0018382810014052,0.0697271650511443,-0.0749438651700372,16.244752778366287,0.0054,0.45,4
0.0020927011371231,0.0018058893627919,0.0447447891491641,-0.0496775273335911,16.092313654412568,0.0054,0.45,4
0.0021162289810851,0.0017356636122373,0.0238317713822363,-0.028365447918739,15.641266753580911,0.0054,0.45,4
0.0002522352431782,0.0064660598392837,3.02301326596982,0.0276682730402608,38.61259690181951,0.0054,0.45,4
0.0003783523491459,0.0063883905595108,3.027614283657176,0.0376340026650669,37.94881595535546,0.0054,0.45,4
0.0005044685009058,0.0063107164279986,3.02734003970798,0.0448076709589906,37.29707430098697,0.0054,0.45,4
0.0006305852109466,0.0062330405695416,3.0221880807055546,0.0491093680008885,36.66018513104644,0.0054,0.45,4
0.0007567026365334,0.0061553638789818,3.012185821969038,0.0505193712878641,36.03679443770654,0.0054,0.45,4
0.002501469191664,0.0048708540151619,2.357359195863072,-0.1961896791252038,28.40407516249067,0.0054,0.45,4
0.0023828774999138,0.0049619067123153,2.4275522426959206,-0.1729546263694361,28.891118260543127,0.0054,0.45,4
0.002275456729716,0.0052115004213522,2.547603589942665,-0.1058984088103555,29.436136459902325,0.0054,0.45,4
0.0022691459200562,0.0050562758577377,2.495156335053587,-0.1483530305877249,29.31380725493173,0.0054,0.45,4
0.0008828206557949,0.0060776863418892,2.9973790014424604,0.0490748178727669,35.42609581606262,0.0054,0.45,4
0.0021417417888795,0.0052978508818223,2.610725989711856,-0.0843240807714055,29.95444668670854,0.0054,0.45,4
0.002016477125201,0.0053769813703439,2.666342481237519,-0.0648400202371859,30.45012419342448,0.0054,0.45,4
0.0010089389433915,0.0060000087917823,2.977833836164715,0.0448657305283731,34.827402511074816,0.0054,0.45,4
0.001890844399803,0.0054555965987937,2.7187638581151283,-0.046022393141766,30.95496998557078,0.0054,0.45,4
0.0011350569687314,0.0059223336876635,2.953638250349711,0.0380303072195249,34.240209213652435,0.0054,0.45,4
0.0012611734372987,0.0058446477672013,2.924901944162772,0.0287462868741923,33.66418740838093,0.0054,0.45,4
0.0017651412779294,0.005533631238885,2.767670911255442,-0.0281785938458738,31.47285343288732,0.0054,0.45,4
0.0016393151033806,0.0056113732917312,2.812924902209671,-0.0115280064694748,32.00332897925332,0.0054,0.45,4
0.0015133445472227,0.0056891621919991,2.854365894752114,0.0037087827346,32.54550961233559,0.0054,0.45,4
0.0013872825883264,0.0057669268032959,2.891756643448583,0.0172247834088235,33.099224980905824,0.0054,0.45,4
0.0029898074633468,0.0030650675537715,1.1378633976350618,-0.5111558165010669,22.986975361100694,0.0054,0.45,4
0.00279385093254,0.0026450939907297,0.8236876439924915,-0.486431476114337,21.437247979300896,0.0054,0.45,4
0.002932339152296,0.0029474287213129,1.053353342773448,-0.5109030376131631,22.573005377087146,0.0054,0.45,4
0.0028788434362286,0.0028341502207333,0.9689019921301396,-0.5057577941329557,22.19401018835239,0.0054,0.45,4
0.0028121174007784,0.0027499848843938,0.9028950751534432,-0.4969482304042055,21.84200489423448,0.0054,0.45,4
0.0022758266852192,0.0022958844271934,0.4489044551466764,-0.3296788574626799,19.3982483744135,0.0054,0.45,4
0.0023727470331868,0.0023213000730524,0.4983838900760256,-0.3615876482774023,19.67667480185368,0.0054,0.45,4
0.0026009950062571,0.0023999473101546,0.6132052273836993,-0.4253989756251993,20.237261782819747,0.0054,0.45,4
0.0024736935245263,0.0023623657076491,0.5565283575327689,-0.3941845695521911,19.978039358611344,0.0054,0.45,4
0.0026236103779061,0.0025213861926564,0.7081534058182576,-0.4515393199452378,20.80791407298003,0.0054,0.45,4
0.0026646807097237,0.0026249364572746,0.7933132554530361,-0.471804443128157,21.30722903330678,0.0054,0.45,4
0.0029379168117877,0.0041684180508308,1.8856897050174275,-0.363737743531598,26.16189000269044,0.0054,0.45,4
0.0030622021847153,0.0034236121474427,1.3851150493872206,-0.4868218723798145,24.09169823770883,0.0054,0.45,4
0.0029951235478787,0.0032991388281738,1.3045989865079173,-0.4992610496604375,23.7653819263462,0.0054,0.45,4
0.002931204091079,0.0031779114764791,1.221405245281484,-0.5067376065229533,23.40993753759412,0.0054,0.45,4
0.0030603873966173,0.0036721347490746,1.5523581276926472,-0.4544622660588064,24.796379405891667,0.0054,0.45,4
0.0029974344740706,0.0035437922310415,1.475034129518306,-0.4741158983521857,24.496245138608803,0.0054,0.45,4
0.0029845813536693,0.0037804377588382,1.6356012694190711,-0.4393017580043116,25.19847432433399,0.0054,0.45,4
0.0030419445692997,0.0039200192038424,1.714049134497822,-0.411972492396628,25.44385765893824,0.0054,0.45,4
0.0029553205081706,0.0040420976100476,1.806769696718746,-0.390679711383481,25.8302595232893,0.0054,0.45,4
0.0028633238982978,0.0042414853742432,1.9452391537113087,-0.3495001300709366,26.46666185141584,0.0054,0.45,4
0.0027316251127739,0.0045193411955056,2.129536884778924,-0.2850087463429167,27.28775688893151,0.0054,0.45,4
0.0027513469034028,0.0044047660788544,2.063662631527436,-0.3133974687357059,27.02358291423162,0.0054,0.45,4
0.0027589263940641,0.0042917435102121,1.998487753304048,-0.3404895223411268,26.79252112150573,0.0054,0.45,4
0.0026209649033419,0.0046960030919761,2.246184460072502,-0.241218070915854,27.83415814082232,0.0054,0.45,4
0.0025387567663857,0.0047645643957946,2.300048280082802,-0.2243399671257001,28.127565785814017,0.0054,0.45,4
0.0026140867267004,0.0045788659006539,2.1903241482435765,-0.2721342398972325,27.6677599198844,0.0054,0.45,4
0.0024555928227673,0.0047725752559383,2.325983393615906,-0.2232599002355702,28.419696823581567,0.0054,0.45,4
0.0021697517097128,0.0022560180803687,0.3798874452180069,-0.2852690183198337,19.028622790413475,0.0054,0.45,4
0.0022067012226749,0.0023626196614308,0.4808721457894216,-0.3332562103060061,19.73111677098177,0.0054,0.45,4
0.0021292596072077,0.002151832235018,0.2819872408277453,-0.2298185025888063,18.293681154212354,0.0054,0.45,4
0.0020956031209532,0.0020554111702569,0.1963420402308237,-0.1733019917403782,17.57203610068851,0.0054,0.45,4
0.0020681752510251,0.0019707450237569,0.1261113164108749,-0.1198253310558266,16.943668206910857,0.0054,0.45,4
0.0020547441283595,0.0018996598425822,0.0758397534359915,-0.0768717877140643,16.430578583925865,0.0054,0.45,4
0.0020385650279776,0.0018667312724615,0.0486868715535966,-0.0509692118338255,16.274325393569345,0.0054,0.45,4
0.002064182259304,0.0017972529839843,0.0260287241397085,-0.0291827437950839,15.76059346592147,0.0054,0.45,4
0.0002522362693807,0.0063106942403689,3.041586414182825,0.0218910823654884,38.63603255669893,0.0054,0.45,4
0.000378353584024,0.0062330252324383,3.041321579902013,0.0288658864178716,37.97780442076304,0.0054,0.45,4
0.0005044703672408,0.0061553542036306,3.0362179133293328,0.0330193051997878,37.32801218372732,0.0054,0.45,4
0.000630587216196,0.0060776825954992,3.026265604867276,0.0342998828229194,36.68966710479501,0.0054,0.45,4
0.000756704501514,0.0060000106255035,3.011486319247992,0.0327162339104659,36.06173429446067,0.0054,0.45,4
0.0023709211041748,0.0048409295556755,2.379552303570016,-0.2057004635269652,28.763938477698726,0.0054,0.45,4
0.0022583291900167,0.00491434187247,2.4413392748176466,-0.1864030172371476,29.1915753265284,0.0054,0.45,4
0.002142115346885,0.0051419278676064,2.5603530314108496,-0.1260509656258978,29.8257270918929,0.0054,0.45,4
0.0021372019198809,0.0049929316744986,2.505663150946392,-0.165327432176246,29.68064259733024,0.0054,0.45,4
0.0008828221272859,0.0059223383732546,2.991922875040685,0.0283335966544464,35.44374297588308,0.0054,0.45,4
0.0020157202260317,0.0052215730915155,2.6204151032450818,-0.1053474341566674,30.33868790537125,0.0054,0.45,4
0.0018902570050861,0.0053004210011359,2.677004136533369,-0.0851289390066279,30.85982251282944,0.0054,0.45,4
0.0010089391749958,0.0058446623234164,2.9676417263689028,0.0212689905063178,34.8353604315782,0.0054,0.45,4
0.0017647987563684,0.0053790190227985,2.730273066984085,-0.0655586121800506,31.39380084612212,0.0054,0.45,4
0.0011350534351544,0.0057669800077815,2.938734772431413,0.0116866098956029,34.23644780215605,0.0054,0.45,4
0.0012611645983662,0.0056892745582933,2.905318030611467,-0.0002108185817689,33.647015512126465,0.0054,0.45,4
0.0016391495204912,0.0054562701043022,2.779732827730801,-0.0471973234880776,31.93987962954456,0.0054,0.45,4
0.0015132914728179,0.0055338139614449,2.8255862773643408,-0.029957303246377,32.49808416989089,0.0054,0.45,4
0.0013872551185834,0.0056115506951454,2.8675410704919133,-0.0141820984832058,33.06733704352717,0.0054,0.45,4
0.002871492361645,0.0030588340584325,1.1354239637000116,-0.5092330078770629,23.022696682118127,0.0054,0.45,4
0.0027094716380998,0.0027307935044588,0.8797243417855193,-0.4879614471382995,21.736007840188048,0.0054,0.45,4
0.0028149769956685,0.0029430023307158,1.0480912522604398,-0.506658603046973,22.625545569718977,0.0054,0.45,4
0.0027612501653478,0.0028348201566866,0.96355502947773,-0.4995217672114641,22.23672356118851,0.0054,0.45,4
0.0022998160037668,0.0023927172014395,0.5343765918421232,-0.3651818525479266,19.930616739043906,0.0054,0.45,4
0.0023934672239632,0.002413275628453,0.5761383215531195,-0.3907594581590258,20.16862672340576,0.0054,0.45,4
0.0024765261699356,0.0024867429189875,0.6536402016619371,-0.4229981158190234,20.552728915061863,0.0054,0.45,4
0.0025857497056611,0.0027097544346508,0.8499755830526762,-0.4741509647876359,21.6733476348552,0.0054,0.45,4
0.0025363066167591,0.0026026905987694,0.757199784521713,-0.4532654727940385,21.22234828880317,0.0054,0.45,4
0.0022321768560139,0.0024617321288611,0.5734607787409236,-0.3696013622381163,20.394614570989777,0.0054,0.45,4
0.002835172411355,0.0041105791772955,1.873832618506428,-0.3795633785535593,26.19086873015694,0.0054,0.45,4
0.0029327761724621,0.0034155621949626,1.3927977662076694,-0.4895667333264047,24.19298671584878,0.0054,0.45,4
0.0028690360616542,0.0032912915154084,1.308006930972061,-0.4999683821148963,23.84499072845644,0.0054,0.45,4
0.0028085137473342,0.0031692349936242,1.219801324406748,-0.5053131625923043,23.46685474058992,0.0054,0.45,4
0.0029284193615407,0.0036536142314875,1.559662199473218,-0.4605324598772698,24.892307519969595,0.0054,0.45,4
0.0028728503832339,0.0037486178584912,1.6327914298663946,-0.4469872367221976,25.23862824381528,0.0054,0.45,4
0.0028639402186406,0.0035269799766257,1.4795853079540786,-0.4780756445158861,24.618314074246893,0.0054,0.45,4
0.002880807370449,0.0038828962215425,1.7209361114318271,-0.4239273976744756,25.5838255988177,0.0054,0.45,4
0.0028194676443315,0.0039982434840138,1.8067986285868995,-0.4030224051962078,25.97635138709453,0.0054,0.45,4
0.0027633891804998,0.003784889630652,1.6753657403709046,-0.4426537734493774,25.545042205325924,0.0054,0.45,4
0.0027409805785285,0.0041727140214834,1.932193014724884,-0.3679670203035873,26.566743715841493,0.0054,0.45,4
0.0026236061936134,0.0044623425106118,2.126641443749531,-0.3015740434605806,27.43301940837591,0.0054,0.45,4
0.0026324615109091,0.0043454986114569,2.0592408040604653,-0.3298745138868219,27.176593435500312,0.0054,0.45,4
0.0026317642131275,0.0042272582304679,1.9895695329801464,-0.3571898979452042,26.92706781878124,0.0054,0.45,4
0.0024956383904853,0.004667516855127,2.2655785272443363,-0.2506760974346445,28.112236483897167,0.0054,0.45,4
0.0025018647000182,0.0045263974710578,2.191598787759879,-0.2866929959634925,27.86932057881469,0.0054,0.45,4
0.0023707866532565,0.0047141080312523,2.32073490857053,-0.2390644696026325,28.56426906027244,0.0054,0.45,4
0.0021364759252665,0.0024270834372152,0.5139482996250261,-0.3360352857094026,20.09039406310032,0.0054,0.45,4
0.0021016447477127,0.0023188760044672,0.4065285061277133,-0.2881655582821743,19.3517021933246,0.0054,0.45,4
0.0020644840742164,0.0022137041009781,0.302849433716624,-0.2329602334570597,18.58788127836142,0.0054,0.45,4
0.002033587526285,0.0021157918724607,0.2110617263052503,-0.1758929259399414,17.839365586669462,0.0054,0.45,4
0.0020091626808365,0.0020308690171907,0.136432324930187,-0.122312260510183,17.19128866711074,0.0054,0.45,4
0.0019977452882269,0.0019608961593846,0.0831645935701708,-0.0794129546210612,16.637913188247513,0.0054,0.45,4
0.0019826774708626,0.0019259788661139,0.0528935366766154,-0.0522156342961899,16.45783642182899,0.0054,0.45,4
0.0020103421183264,0.0018572799172052,0.0283516908738794,-0.0299691486949532,15.9296389271579,0.0054,0.45,4
0.0002522358077087,0.0061553447902956,3.050554595567993,0.0160782230775054,38.65212503862923,0.0054,0.45,4
0.000378353189176,0.0060776761696772,3.045522892108333,0.020042214608353,37.99614677715868,0.0054,0.45,4
0.0005044703341758,0.0060000067160218,3.035672280235815,0.0211554387604442,37.34518167783179,0.0054,0.45,4
0.0006305877920655,0.0059223365412228,3.020986790997036,0.019396637316289,36.70245348592612,0.0054,0.45,4
0.0007567055864712,0.0058446662020923,3.001484659628193,0.0148048743206043,36.06723720863237,0.0054,0.45,4
0.0022547905192673,0.0047814368362198,2.382863873387517,-0.2211600025122917,29.016875793454776,0.0054,0.45,4
0.0021350899306228,0.0048526194682814,2.4463853458022573,-0.2015445205358527,29.506484568967466,0.0054,0.45,4
0.0020138744883814,0.0050718025809413,2.5683022305588263,-0.1439285641639651,30.197761749179367,0.0054,0.45,4
0.0020116034202473,0.0049255791229475,2.5097986364543616,-0.1809284179858521,30.029771965468345,0.0054,0.45,4
0.0008828217156653,0.0057669887121582,2.977208155333678,0.0074749006931335,35.43940067463297,0.0054,0.45,4
0.001889423239508,0.0051492624359439,2.628008983850981,-0.1228984278384824,30.73209361633169,0.0054,0.45,4
0.0017644206765407,0.0052260609712808,2.684644565000933,-0.1023323637861744,31.28078876930584,0.0054,0.45,4
0.0010089305553054,0.0056892970699714,2.94822733373771,-0.0024467874826758,34.81897548753725,0.0054,0.45,4
0.001638971987609,0.0053023997540021,2.737976640119267,-0.08247562994108,31.843428831951385,0.0054,0.45,4
0.0011350339051402,0.0056115868985775,2.9146409220149585,-0.014766809231763,34.20617137751344,0.0054,0.45,4
0.0012611602948229,0.0055339077694462,2.87658472118575,-0.0292423739265277,33.60127882788266,0.0054,0.45,4
0.0015132233258511,0.0053786404853653,2.7878136340560005,-0.0635578048589709,32.418557176890864,0.0054,0.45,4
0.0013872517343852,0.0054562103643787,2.834225094843907,-0.0456141825869766,33.00504035278926,0.0054,0.45,4
0.0027509974210633,0.0030494586428235,1.1288880470433424,-0.5054940761252912,23.062387345953585,0.0054,0.45,4
0.0026391789466505,0.0028201816935629,0.9437778667360917,-0.4900688704121583,22.17384448864161,0.0054,0.45,4
0.0026938940254675,0.0029325428652702,1.036250992715763,-0.5003713014296793,22.63126697592757,0.0054,0.45,4
0.002344665973719,0.0025057070249505,0.6397998149765421,-0.4039339743863404,20.64761696489548,0.0054,0.45,4
0.0024290136926398,0.0025827496823281,0.7221373847261654,-0.4343813253684378,21.07422017879371,0.0054,0.45,4
0.00251520627946,0.0027984077626346,0.914714947668344,-0.4769251842733308,22.109403491341485,0.0054,0.45,4
0.0024548152554275,0.0026841065306053,0.8111957102592281,-0.4554517539439195,21.5288998903639,0.0054,0.45,4
0.0021571454671211,0.002526323537801,0.61015820436986,-0.3707928107337568,20.65505274210058,0.0054,0.45,4
0.0022482668097125,0.0025559532302319,0.6605067903372427,-0.3973257075563363,20.92547834254224,0.0054,0.45,4
0.0027165570881642,0.0040410018193234,1.85497335710194,-0.3960851601409736,26.32140482464897,0.0054,0.45,4
0.0026851918205849,0.0031555736081766,1.2125293814093334,-0.5021066971188963,23.53078287450296,0.0054,0.45,4
0.0028043840559196,0.0034042987542906,1.3966196279748635,-0.4908373620880017,24.299544103812423,0.0054,0.45,4
0.0027410858971767,0.0032806389962155,1.307832877996435,-0.4989292058133358,23.926815980053814,0.0054,0.45,4
0.0027877251659713,0.0036421814026028,1.5715717725925666,-0.4639736810260326,25.055763920718032,0.0054,0.45,4
0.0027314553633581,0.0035007229638944,1.4753651999753776,-0.4810217367819291,24.70150293900516,0.0054,0.45,4
0.0027164852316122,0.0038998646783173,1.7619512166603963,-0.4231794946421424,25.93102995215758,0.0054,0.45,4
0.0026676015776636,0.0037999601598442,1.7013859015619996,-0.440369569586262,25.738569788822627,0.0054,0.45,4
0.0026759387049746,0.0037058297461865,1.6329444709889174,-0.4549397889055088,25.41048988427705,0.0054,0.45,4
0.0026161377799605,0.0040998736015638,1.9133508469123368,-0.3847874685915982,26.663905761340512,0.0054,0.45,4
0.0025096376049298,0.0044012526884025,2.120487673266297,-0.3173562397711962,27.6028562667918,0.0054,0.45,4
0.0025154400702266,0.0042802539257207,2.047925711475735,-0.345579459633977,27.324819887534407,0.0054,0.45,4
0.0025178773865572,0.0041527094363279,1.967839559782411,-0.3735426969939144,27.03591637340185,0.0054,0.45,4
0.0023806801476572,0.0045879453527627,2.2545271551178145,-0.2713038690948853,28.314546553796102,0.0054,0.45,4
0.0023875391377188,0.0044604615207481,2.183432612100656,-0.3026795852814938,28.05201699261464,0.0054,0.45,4
0.0022577855511089,0.0046503881469835,2.317737906334227,-0.2545102561113256,28.79341373061692,0.0054,0.45,4
0.0020642832312052,0.0024886127611247,0.5472352548919649,-0.3375838682014387,20.470299237684163,0.0054,0.45,4
0.0020321664390598,0.002379650113798,0.4341464003590364,-0.2904066186974369,19.712744217734905,0.0054,0.45,4
0.0019984182862976,0.0022734947379589,0.3246062056642738,-0.2356546375221426,18.92205268424723,0.0054,0.45,4
0.0019701775955154,0.0021749501164927,0.2270632904536083,-0.1785398935407121,18.13976713072292,0.0054,0.45,4
0.001948405033758,0.0020892275443244,0.1472178760014484,-0.1245231826244475,17.45824415332861,0.0054,0.45,4
0.001939294691479,0.0020174764088964,0.0891049898651488,-0.0803577195155319,16.877055927596768,0.0054,0.45,4
0.0019260459589495,0.001982662324341,0.0572694248198136,-0.0533888862327597,16.697452914316305,0.0054,0.45,4
0.0019547556399674,0.00191569287924,0.0308281562445328,-0.0307176691215985,16.098350386974197,0.0054,0.45,4
0.0002522353158575,0.0060000029191177,3.050095047606202,0.0102312783083052,38.66099159675724,0.0054,0.45,4
0.0020835458248588,0.0025883388105966,0.6483451074637361,-0.3717756778804407,21.122140038190096,0.0054,0.45,4
0.0003783527307215,0.0059223344854953,3.040358882697163,0.0111658561178642,38.00394539044834,0.0054,0.45,4
0.0005044700971599,0.0058446645454448,3.025808258441648,0.0092213316657106,37.348625276688274,0.0054,0.45,4
0.0006305887765535,0.0057669944234942,3.0064231237628314,0.0044090668747638,36.6984861746466,0.0054,0.45,4
0.0007567039676429,0.0056893136599309,2.982220040792796,-0.0032001502359432,36.053129997198106,0.0054,0.45,4
0.0021358306873058,0.0047162339448464,2.381451953056905,-0.2359136329164053,29.2954456161518,0.0054,0.45,4
0.0020128932720689,0.004785294904771,2.44558281880034,-0.2157170512761808,29.82516329388641,0.0054,0.45,4
0.0018882335487877,0.0050003410871382,2.5716854196305,-0.1595916647096474,30.57387894239883,0.0054,0.45,4
0.0018878902622314,0.004854778565415,2.5085685667397524,-0.1947948599683521,30.38152027870623,0.0054,0.45,4
0.00088280407336,0.0056116076906203,2.9532437011675507,-0.0134795705358993,35.41278572318661,0.0054,0.45,4
0.0017642350226942,0.005075567856325,2.631256065330929,-0.1381508108558795,31.13479889435739,0.0054,0.45,4
0.0016390171307671,0.0051500705303621,2.687861876796596,-0.1171607583646756,31.71325996370488,0.0054,0.45,4
0.0010088842413035,0.005533864949731,2.9195700400538045,-0.0262504666400518,34.777816165448705,0.0054,0.45,4
0.0015132645375867,0.0052248519611333,2.7413912997480097,-0.0967191642711619,32.30630278860233,0.0054,0.45,4
0.0011349890182349,0.0054561189039059,2.8813113492661984,-0.0412820065973167,34.14869056205229,0.0054,0.45,4
0.0012611769210397,0.005378535988281,2.838651355891035,-0.0582796127130706,33.526053164713126,0.0054,0.45,4
0.0013873035684399,0.0053009687688964,2.7917736217045896,-0.0769680621256546,32.91124688769302,0.0054,0.45,4
0.002624557601559,0.0030323288921374,1.114042078869616,-0.4994129915773097,23.08847214238447,0.0054,0.45,4
0.0025691142641458,0.0029148184502969,1.0157322001800768,-0.4912037044753525,22.65274578042528,0.0054,0.45,4
0.0024522267240465,0.0028900069137519,0.9865669453671748,-0.4792543535669824,22.5607935205138,0.0054,0.45,4
0.0023266972874347,0.0026447446638827,0.7554613239866933,-0.4303094801291135,21.390904882256503,0.0054,0.45,4
0.0023882147926349,0.0027733192569911,0.8784201204225778,-0.4596357763957685,22.0385680475317,0.0054,0.45,4
0.0021880698385918,0.0026441900073777,0.7268339070352082,-0.4065268815641896,21.455980386796814,0.0054,0.45,4
0.0025931792685168,0.0039711387207111,1.832849611212257,-0.4102517844157595,26.35969114227229,0.0054,0.45,4
0.0025566687418887,0.0031372107732421,1.199297520168387,-0.4966633485374935,23.5872016844586,0.0054,0.45,4
0.0026084416288493,0.0032710999980058,1.3068253433442487,-0.4956867341346584,24.035772344944792,0.0054,0.45,4
0.0026689701659558,0.0033899890258753,1.3969634145916034,-0.4901537573054892,24.39275448932869,0.0054,0.45,4
0.0026495853329028,0.0035872212168029,1.5491009215231175,-0.4704284807904422,25.106200028284945,0.0054,0.45,4
0.0026209870581571,0.0034822222047278,1.4723303387948117,-0.4812072411025974,24.77413227268693,0.0054,0.45,4
0.0025925888943112,0.0038624173327144,1.7579050822543476,-0.4296560143389806,26.10808842684193,0.0054,0.45,4
0.0025747374495763,0.0037451188115617,1.6764052727854235,-0.4480770407930711,25.764334071175565,0.0054,0.45,4
0.0025632308208818,0.0036432616900518,1.6020923167595942,-0.4620501915456096,25.44708536456672,0.0054,0.45,4
0.0024959325333708,0.0040338761708451,1.893983664841656,-0.3975049487351056,26.74285927247201,0.0054,0.45,4
0.0023955039235432,0.0043350960460897,2.1084007252945742,-0.3321974628835878,27.76388833733382,0.0054,0.45,4
0.0024007621681867,0.0042016502445668,2.024136987478784,-0.361838455281902,27.44696549565148,0.0054,0.45,4
0.0024237416094418,0.0040974742112479,1.950924155385248,-0.3837523649821115,27.13252414214262,0.0054,0.45,4
0.0022644111715779,0.0045209021062889,2.246924190227304,-0.2864190036913718,28.53559773894824,0.0054,0.45,4
0.002273042075911,0.0043913351056177,2.170219131288906,-0.3170750983978507,28.24339369811621,0.0054,0.45,4
0.0021400962749323,0.0045834672465085,2.3112072746666885,-0.2684297508953472,29.04562749685999,0.0054,0.45,4
0.0019909005957396,0.0025470489958474,0.5804976565319625,-0.3379286213660139,20.870580829008222,0.0054,0.45,4
0.0019614882989187,0.0024379717870274,0.4623885337392471,-0.2917988232349064,20.09852469784528,0.0054,0.45,4
0.0019306729168893,0.0023312086091375,0.3470152583007104,-0.2376588726248403,19.288632283081764,0.0054,0.45,4
0.0019052202477961,0.0022319643440527,0.2435519686035136,-0.1806718566409852,18.475031199900226,0.0054,0.45,4
0.0018859966356094,0.0021457302794375,0.1584781529929056,-0.1264470278228029,17.762414607206903,0.0054,0.45,4
0.0018790080978037,0.0020737559278026,0.0962064551088391,-0.0818362705508552,17.139520543730445,0.0054,0.45,4
0.0018658916986047,0.0020394949973289,0.0620942481187113,-0.0545187276363406,16.94837899255609,0.0054,0.45,4
0.001897471766017,0.0019724423134634,0.0334062655163913,-0.0314083686068727,16.339641341078295,0.0054,0.45,4
0.0002522350407561,0.0058446642581316,3.040313966426044,0.0043504603785074,38.66266027768884,0.0054,0.45,4
0.0020934123592162,0.0026793609430164,0.7391199272293488,-0.3962745992269192,21.65565309533412,0.0054,0.45,4
0.0020077658934938,0.0026447789700967,0.6836302070238686,-0.3703936693834371,21.45989445260381,0.0054,0.45,4
0.0003783523948248,0.0057669953648436,3.0259010908868675,0.0022386471986421,38.00116729759076,0.0054,0.45,4
0.0005044743655204,0.0056893215459593,3.006663329209872,-0.0027778725352237,37.33819816233376,0.0054,0.45,4
0.0006305859658213,0.0056116367820989,2.9825790503516028,-0.0106533651801005,36.67752585748105,0.0054,0.45,4
0.0007566742292712,0.0055339160349334,2.9536647528012097,-0.0212825332250312,36.019096425758505,0.0054,0.45,4
0.002016061522521,0.0046488045531563,2.375881668963189,-0.2487254342067922,29.58573617698753,0.0054,0.45,4
0.001891458081255,0.0047152167673072,2.439797466079268,-0.2279022035814599,30.15119458536395,0.0054,0.45,4
0.0017647031748257,0.00492787417922,2.570501540789053,-0.1727960948869127,30.95534786191592,0.0054,0.45,4
0.0017666644439728,0.0047835390816376,2.502865436237069,-0.2060366482860441,30.73979027615721,0.0054,0.45,4
0.0008827204443043,0.0054561327146332,2.919968925747543,-0.0345040448308812,35.36345083089557,0.0054,0.45,4
0.0016397406306315,0.0050000448552884,2.629777779060174,-0.1509605022132337,31.54793413089757,0.0054,0.45,4
0.0015137218703282,0.0050721401548939,2.6862814356828344,-0.1293949948880194,32.15956879999188,0.0054,0.45,4
0.001008769674832,0.0053782818591122,2.8815720742076256,-0.0501045430865695,34.71115462905948,0.0054,0.45,4
0.0013874717009811,0.0051461547007908,2.7402043451320064,-0.1080712068218691,32.785071504225975,0.0054,0.45,4
0.0011349130181566,0.0053004777980921,2.838619571709699,-0.0678080104912284,34.063026782438925,0.0054,0.45,4
0.001261165690204,0.0052230146644011,2.7913820911124207,-0.087259073161586,33.420532122745534,0.0054,0.45,4
0.0024814425683236,0.003019323916594,1.099043058812262,-0.4897130937878465,23.14836976751028,0.0054,0.45,4
0.0023814543302541,0.0029598478206848,1.0418726638813849,-0.4777895376831194,22.999414187467707,0.0054,0.45,4
0.0024416825103932,0.0031357634826732,1.1976390122707905,-0.489450460639433,23.68265804369161,0.0054,0.45,4
0.0023348411766104,0.002866947080206,0.9549156605366464,-0.464477997667644,22.55202428069697,0.0054,0.45,4
0.0022667723286014,0.0027640139330993,0.8521416536709586,-0.4420173000962915,22.038747604111453,0.0054,0.45,4
0.002156813711562,0.0027666943415515,0.836229552611103,-0.4252008711316851,22.11405418875556,0.0054,0.45,4
0.0024622850365027,0.0039109881925487,1.8147432188813823,-0.4196272529262295,26.475307271652014,0.0054,0.45,4
0.0024764495796999,0.0032468410072476,1.29167172205311,-0.4906726401833858,24.127199356553103,0.0054,0.45,4
0.0025262605261002,0.0033942696833708,1.4108140140465966,-0.48585441936331,24.60860269605642,0.0054,0.45,4
0.0025329563974462,0.0035353263170633,1.5224273895668798,-0.4738403479827924,25.138169974470298,0.0054,0.45,4
0.0024675470928345,0.0037873542124915,1.7237176634963909,-0.4398149519865276,26.126977168388787,0.0054,0.45,4
0.0024843496996169,0.0036974422907683,1.6535643607215973,-0.4529954622497591,25.8143687113133,0.0054,0.45,4
0.0024486497276223,0.0036031040086934,1.5847903677636257,-0.4637997003488848,25.56504316841945,0.0054,0.45,4
0.0023808653604184,0.0040050229248556,1.8957936063714,-0.400767881207818,26.978558008831897,0.0054,0.45,4
0.0023411146700461,0.0039150334112785,1.8382293784391392,-0.4154486532341194,26.80247361559613,0.0054,0.45,4
0.0022810211153491,0.0042561407573547,2.0847964821459386,-0.3473909821532404,27.91069612516932,0.0054,0.45,4
0.0022943501333565,0.0041079343531304,1.983968456902525,-0.3785354585045724,27.52283600181059,0.0054,0.45,4
0.0021461334458291,0.0044526737987212,2.235714231287709,-0.2993248913183953,28.76181017925043,0.0054,0.45,4
0.0021520072061737,0.0043219443933111,2.1545779638939497,-0.3287607088982493,28.44705349908348,0.0054,0.45,4
0.002020650404375,0.0045151690896373,2.300878900358759,-0.2800224315836064,29.313312456233263,0.0054,0.45,4
0.001916129824608,0.0026028481818131,0.6139080662334395,-0.3371753821866266,21.32248955924768,0.0054,0.45,4
0.0018892881617944,0.0024939501142348,0.4910694821786899,-0.2922369922912775,20.5262837279974,0.0054,0.45,4
0.0018613312118406,0.0023869837522678,0.370171366788222,-0.2389992017900238,19.69164731620442,0.0054,0.45,4
0.0018388164948473,0.0022869737261597,0.2606429700247658,-0.1823176314725727,18.85008298399628,0.0054,0.45,4
0.0018220000801289,0.0022003351762585,0.1701687926105607,-0.1280283883255154,18.10436782847887,0.0054,0.45,4
0.001817104354154,0.0021282108599429,0.1036112054627996,-0.0831046653441156,17.45832992294609,0.0054,0.45,4
0.0018048207329696,0.0020935732123853,0.0668563167230089,-0.0553491064132331,17.266423678101678,0.0054,0.45,4
0.0018385415062484,0.002027479463632,0.0361465243702276,-0.0320295390241941,16.569266721907034,0.0054,0.45,4
0.0002522348828359,0.0056893266571865,3.0212481810473,-0.0015640570904891,38.6570571751825,0.0054,0.45,4
0.0020320404806609,0.0027538633855583,0.799581357310813,-0.4013627124641256,22.237194801798093,0.0054,0.45,4
0.001931197989921,0.0026977896156384,0.7181412162616311,-0.367939835251894,21.987225933796708,0.0054,0.45,4
0.0003783590184002,0.0056116494478849,3.002151042806867,-0.0067372259584816,37.98762641570596,0.0054,0.45,4
0.000504467512589,0.005533957674856,2.978205665963199,-0.014835856251683,37.31365956419604,0.0054,0.45,4
0.0006305400009669,0.0054562242360724,2.949387902239633,-0.0257769476225561,36.63926566713905,0.0054,0.45,4
0.0007565531656055,0.005378407783731,2.915715525905272,-0.0394177343003193,35.964687047244105,0.0054,0.45,4
0.0018955041707718,0.0045777055632577,2.3649066903658427,-0.259597167526131,29.88868327650494,0.0054,0.45,4
0.0017705774900574,0.0046437828849206,2.4293796409252706,-0.2375222641249348,30.48772055961857,0.0054,0.45,4
0.0016416657230132,0.0048532642565648,2.5643594013956883,-0.1835509915161944,31.346676528866656,0.0054,0.45,4
0.0016450513204763,0.0047115107128445,2.4929607224190846,-0.2144436434546095,31.11121489316696,0.0054,0.45,4
0.0008825235940782,0.005300470078765,2.8772374859316887,-0.0555616263654276,35.29052052130567,0.0054,0.45,4
0.0015152771707014,0.0049217098879559,2.6229261651845306,-0.1612405321656875,31.97437201103268,0.0054,0.45,4
0.0013881325518267,0.0049928647872297,2.679844398057849,-0.138601659031725,32.62506983840478,0.0054,0.45,4
0.0010086128494978,0.0052223744496674,2.8340194895085573,-0.0739710407417853,34.61748173623152,0.0054,0.45,4
0.0012611415905327,0.0050675132225413,2.734672209949605,-0.1160378016656578,33.283402258066474,0.0054,0.45,4
0.0011347813096115,0.0051444929589035,2.786340145237331,-0.094286064382613,33.94736396438066,0.0054,0.45,4
0.002296097560809,0.0029604996978426,1.0360385799841745,-0.469070196215115,23.03154259839747,0.0054,0.45,4
0.0023436555994737,0.0030644342611346,1.1328569249758826,-0.4801758130082084,23.501452727975188,0.0054,0.45,4
0.002351364998724,0.0032009865467779,1.2541561444322846,-0.4833321993126115,24.16043012225268,0.0054,0.45,4
0.0022059999655711,0.0028881916280213,0.9594953269849108,-0.4508126346103003,22.791508920414937,0.0054,0.45,4
0.0020951639945949,0.0028440405729859,0.9012512922681702,-0.4283958523986381,22.737264550250217,0.0054,0.45,4
0.0023636973009598,0.0038113217296544,1.7575220940900529,-0.4331531830554249,26.423717322104142,0.0054,0.45,4
0.0023742865577803,0.0033416114545823,1.3756012488485958,-0.4814596717867895,24.73834343616106,0.0054,0.45,4
0.0024037639801298,0.0034699948798572,1.4818251236280364,-0.4748176793312267,25.113358671085305,0.0054,0.45,4
0.0023675834389858,0.0037083727802005,1.6777493165689974,-0.4480145711709039,26.059081257764145,0.0054,0.45,4
0.0023400141005422,0.0035642262048493,1.5651429620367563,-0.4633160787662865,25.61325985747544,0.0054,0.45,4
0.0022429583360193,0.0038598848894405,1.813012190675176,-0.4203479837019883,26.913730116280306,0.0054,0.45,4
0.0022557673338463,0.0039879493510149,1.906475729278712,-0.3995812385713729,27.277848264592937,0.0054,0.45,4
0.0021618278106972,0.0041884031033656,2.0650294793192416,-0.3572240965240314,28.08118053721596,0.0054,0.45,4
0.0021470337718788,0.0040627627341064,1.9803774232246936,-0.3807998599594962,27.78536006885923,0.0054,0.45,4
0.0020257442661589,0.0043845788706568,2.221348671580993,-0.3093660196858985,29.0129309971692,0.0054,0.45,4
0.0020290320312452,0.0042608403753938,2.140800621625232,-0.3356202143870805,28.6908185962608,0.0054,0.45,4
0.0019003851785564,0.0044438570153162,2.2851231190683534,-0.2893547534050294,29.597725141943304,0.0054,0.45,4
0.0018394897490013,0.0026582819980284,0.6495849752934556,-0.3356542039227674,21.80036889399149,0.0054,0.45,4
0.0018158124491596,0.0025484199480031,0.52104898540256,-0.2919740889991877,20.98799347285464,0.0054,0.45,4
0.001790681172735,0.002440610959978,0.3939217217017225,-0.2395821529718395,20.13168109722965,0.0054,0.45,4
0.0017707108829725,0.0023401917699789,0.2783614127227262,-0.1834228112354804,19.26196235200984,0.0054,0.45,4
0.0017564406621126,0.0022530330381605,0.1823009409988819,-0.1292251247936936,18.48908804091084,0.0054,0.45,4
0.0017533083394184,0.0021822497230431,0.1124410950853403,-0.084875571820966,17.80697867086512,0.0054,0.45,4
0.001742523079547,0.0021457092972805,0.0719317392871024,-0.0561133088849097,17.588747499822414,0.0054,0.45,4
0.0017780156822379,0.0020807574877549,0.0390027189111982,-0.0325804363552402,16.87505184127312,0.0054,0.45,4
0.0002522404118007,0.0055339800357602,2.9928625745644024,-0.0075115119937275,38.644014529842366,0.0054,0.45,4
0.0020014524377704,0.0028588796980912,0.9010591720398408,-0.4155229335005175,22.905900474821163,0.0054,0.45,4
0.0019401596886982,0.0027868835341276,0.8141684278930693,-0.3905876843792503,22.537580039620128,0.0054,0.45,4
0.0018501191353203,0.0027570198474108,0.7613081859879833,-0.365476951056009,22.45015189995188,0.0054,0.45,4
0.0003783477649471,0.0054562781913902,2.9690383108537493,-0.0157569088765341,37.96312699708697,0.0054,0.45,4
0.0005044028737998,0.0053785339181344,2.940326962600636,-0.0269396909797565,37.27474505679695,0.0054,0.45,4
0.0006303875215522,0.0053006952045685,2.906700917922334,-0.0409368250894985,36.58331555132262,0.0054,0.45,4
0.000756283464215,0.0052227111118744,2.868180520999416,-0.0575649350981716,35.88910502840523,0.0054,0.45,4
0.001774437927835,0.0045060576041673,2.3497114499987064,-0.2675264792266361,30.20656735056433,0.0054,0.45,4
0.0016501252317267,0.0045723080224063,2.4148045259570043,-0.2440908305661208,30.833212546643264,0.0054,0.45,4
0.0015193480206541,0.0047760737073052,2.5526057237977806,-0.1917137946951882,31.750718970977115,0.0054,0.45,4
0.0015289436364988,0.0046400147323735,2.478133041044146,-0.2200059845814528,31.46648319838212,0.0054,0.45,4
0.0008822934304542,0.0051444273318308,2.8247618746769945,-0.0766168206039292,35.192440653407694,0.0054,0.45,4
0.0013905413585418,0.0048396124188066,2.609808606925564,-0.1688184555157672,32.42334375744249,0.0054,0.45,4
0.0012609025526209,0.0049108477976567,2.66782128517554,-0.1446698107880744,33.111387873346025,0.0054,0.45,4
0.0010084612013741,0.0050658812281116,2.7765547538373627,-0.0978074642629735,34.49467383230578,0.0054,0.45,4
0.0011343957402151,0.004987704436697,2.724049075545369,-0.1206631823960479,33.79914565137067,0.0054,0.45,4
0.0022145374550378,0.0030230786264068,1.087923160218904,-0.4648220510447826,23.48825056400876,0.0054,0.45,4
0.0022332704640534,0.0031472919070725,1.2044855450166871,-0.4726365883387588,24.025930604403285,0.0054,0.45,4
0.0022535106875119,0.0032900984226563,1.3345728512208088,-0.4747483544377368,24.66898524776443,0.0054,0.45,4
0.0020807231924394,0.002952908478502,1.0077043307655185,-0.4413388797754885,23.34099776436889,0.0054,0.45,4
0.0019646308919255,0.002941706573394,0.981469402721093,-0.4219571560744072,23.462010464693808,0.0054,0.45,4
0.0022450928533967,0.0037462319080353,1.72385078630354,-0.4369575436857288,26.48001292506701,0.0054,0.45,4
0.0021430185928459,0.003334921673045,1.3780727113558688,-0.4641356859113172,25.15010355991881,0.0054,0.45,4
0.0022438043248585,0.0034485074848006,1.4753138830950432,-0.4673919144246588,25.37228761440469,0.0054,0.45,4
0.0022347087673854,0.0036155722906672,1.6185169561802557,-0.4522302373626826,26.11471700905389,0.0054,0.45,4
0.0021466310424902,0.0037996015771849,1.7799820742252537,-0.4237696379645396,26.94997161950771,0.0054,0.45,4
0.0021124500621944,0.003911110517262,1.8732190165695504,-0.4050768032725593,27.45330583624449,0.0054,0.45,4
0.0020243842834628,0.0041277730971994,2.049824384241035,-0.3614959920398909,28.33575417651568,0.0054,0.45,4
0.0020066340924615,0.0040066353591455,1.963643351503028,-0.3819659152767403,28.056932752809274,0.0054,0.45,4
0.0019062829177188,0.0043130009695925,2.20052631197434,-0.3171869932896023,29.28386231938489,0.0054,0.45,4
0.0019355106523497,0.004201978599918,2.119062252287656,-0.3411938806816503,28.90502870747633,0.0054,0.45,4
0.0017797775728318,0.0043669627028667,2.261627327491152,-0.2966335542322889,29.883427361078272,0.0054,0.45,4
0.001761347502816,0.0027141149050247,0.6888371023533905,-0.3336955339560927,22.32842511420606,0.0054,0.45,4
0.0017408651019917,0.002601852683812,0.552837248218801,-0.291049362438582,21.503751141965456,0.0054,0.45,4
0.0017184678981063,0.0024925080902499,0.4185408476975269,-0.2394454172698728,20.6100404830697,0.0054,0.45,4
0.0017012360213535,0.002391406137183,0.2966325998245334,-0.1839458349630357,19.721322668293336,0.0054,0.45,4
0.0016893392884825,0.0023037964060315,0.1947775961312335,-0.129972054628408,18.915496268514683,0.0054,0.45,4
0.0016886319550991,0.0022315020670771,0.1192683006483314,-0.084869854068001,18.20304682932548,0.0054,0.45,4
0.0016795351288646,0.0021953574305246,0.077091839749283,-0.0566929676315841,17.98763750781947,0.0054,0.45,4
0.0017159465449168,0.0021322302399615,0.0419971567562052,-0.0330379546816921,17.190372191218,0.0054,0.45,4
0.0002522260194697,0.0053786060061035,2.955046350623776,-0.0134878786018765,38.62339221175977,0.0054,0.45,4
0.0018860612540653,0.0028669262918653,0.8892923167705924,-0.3965543990967064,23.170185080816847,0.0054,0.45,4
0.0017713959276478,0.002819343048165,0.8122951517604357,-0.363830663621379,23.101034481403705,0.0054,0.45,4
0.0003782704471206,0.005300848521759,2.926412313198468,-0.0248076459531138,37.92743390766498,0.0054,0.45,4
0.0005042246054453,0.0052229996285611,2.892833506503528,-0.0390641510355301,37.22098745696098,0.0054,0.45,4
0.0006300732062985,0.0051449835122297,2.8542793824354544,-0.0560911061739837,36.50876596797335,0.0054,0.45,4
0.0007559007790609,0.0050669173361351,2.8108351871577377,-0.0756498319849522,35.790918535667096,0.0054,0.45,4
0.0016502731214677,0.0044319878114895,2.3293243721077563,-0.2724427883835351,30.54403689952939,0.0054,0.45,4
0.0015314161446749,0.0045013064234797,2.395974528379519,-0.2475027402649959,31.18709439192192,0.0054,0.45,4
0.0013975884460397,0.0046930876837902,2.5330353205246112,-0.1975955693375286,32.177443728959084,0.0054,0.45,4
0.0014351439050454,0.0045741552282644,2.458165525260572,-0.2237335356872674,31.81704571925186,0.0054,0.45,4
0.0008820580010735,0.0049879528225257,2.7621967208594245,-0.0975921195392376,35.067041859329315,0.0054,0.45,4
0.0012636692010391,0.0047483078481219,2.587346603614408,-0.17410573186966,32.87661447875569,0.0054,0.45,4
0.0011350474702931,0.0048282022182084,2.6501639469784,-0.1472168429205853,33.60685081626024,0.0054,0.45,4
0.0010086432335511,0.0049082874136861,2.708512078917895,-0.1216032440059813,34.338386824689344,0.0054,0.45,4
0.0021080599855891,0.0030967181647543,1.1514522696329446,-0.4571023986103494,24.054069923987417,0.0054,0.45,4
0.0021272985328228,0.0032142918244458,1.2652008771963577,-0.4634198233634758,24.570452938787337,0.0054,0.45,4
0.0018854651208661,0.0029827812939349,1.0142459182453003,-0.4148072072050817,23.91979781741565,0.0054,0.45,4
0.0019853681486548,0.0030385772435508,1.0840758742716732,-0.4365605250318327,23.950159934324216,0.0054,0.45,4
0.0020505796339917,0.0032775844998854,1.3251436390027995,-0.455565690463097,25.057353684606536,0.0054,0.45,4
0.0020290971743742,0.0033611840441665,1.405420303978075,-0.4522892776579101,25.482074647294613,0.0054,0.45,4
0.0020974101494753,0.0034308206458811,1.467674183950891,-0.4560471413772976,25.69102229452772,0.0054,0.45,4
0.0021149782986891,0.0036826382930253,1.6879915860351868,-0.4367635509187959,26.594129795629105,0.0054,0.45,4
0.0021119744715999,0.0035415628404268,1.566378580903067,-0.450289780718978,26.06583619313277,0.0054,0.45,4
0.0020410937615483,0.0037948741777527,1.790692907604791,-0.4170303986096677,27.284234145916223,0.0054,0.45,4
0.0019903198026127,0.0037056239921541,1.7216157120569853,-0.4236369135278547,27.083336201880662,0.0054,0.45,4
0.0019610679298405,0.0038910622789279,1.880476407001362,-0.3967710923472149,27.851141814453644,0.0054,0.45,4
0.0018892492410546,0.0040935588480236,2.0493553281175383,-0.3576839452722714,28.73037296993829,0.0054,0.45,4
0.0018665668093077,0.0039762348628037,1.96318350467134,-0.3753686078333353,28.456677471751103,0.0054,0.45,4
0.0017971272972952,0.0042135271768137,2.1537699729980244,-0.3279767555963244,29.46386589890633,0.0054,0.45,4
0.001650175505856,0.0042934948376683,2.237048452261582,-0.298869792334376,30.20483011966401,0.0054,0.45,4
0.001681690722692,0.00276685603058,0.727591332950534,-0.3301069255337654,22.927401012230607,0.0054,0.45,4
0.0016641840129884,0.0026530910704726,0.585022776096589,-0.2889056228496418,22.055646831049128,0.0054,0.45,4
0.0016456535474429,0.0025417716647012,0.4433710939883429,-0.2384045973029505,21.13762790346956,0.0054,0.45,4
0.0016300607646485,0.0024407728442155,0.3154188307170487,-0.1837878975296683,20.22345073244907,0.0054,0.45,4
0.0016207527408039,0.002352555790913,0.2075431144215817,-0.1302255987602687,19.38927079575892,0.0054,0.45,4
0.0016221576881527,0.0022802509587955,0.1274223691200225,-0.085295742194793,18.63354596185914,0.0054,0.45,4
0.0016131332787082,0.0022447039785008,0.08271549270145,-0.0571424639454402,18.41155501391943,0.0054,0.45,4
0.0016523884008974,0.0021818532091288,0.0450673028043381,-0.0333908628193867,17.598899011445745,0.0054,0.45,4
0.0002521498627816,0.0052231795479311,2.907606229239782,-0.0194817711326489,38.59504211248595,0.0054,0.45,4
0.0017892174678861,0.0029218834870935,0.9324248790917132,-0.3883185938366072,23.715457478874928,0.0054,0.45,4
0.0016876070403738,0.0028697393340388,0.8519257001911177,-0.3574649809573937,23.65102910089125,0.0054,0.45,4
0.0003780779148097,0.0051453285920078,2.8740365899503466,-0.0338646670833924,37.8802182400072,0.0054,0.45,4
0.0005038813670211,0.005067301505606,2.835437038673604,-0.0511677900789327,37.15186673636375,0.0054,0.45,4
0.0006295899768925,0.0049889922244298,2.791763380894288,-0.0711841963107597,36.41454320375964,0.0054,0.45,4
0.0007556403455664,0.0049099274469799,2.7428109805567016,-0.0937386381460097,35.667258268641234,0.0054,0.45,4
0.0015156354584521,0.0043754053394511,2.317750161573857,-0.2693632201570637,30.98921377478861,0.0054,0.45,4
0.0013948213433792,0.0044629629498031,2.397085663188001,-0.2396550644989417,31.75104540638804,0.0054,0.45,4
0.0012907404951177,0.0045771853570101,2.4865582759612503,-0.2072801604989649,32.51148564687512,0.0054,0.45,4
0.0008823331097494,0.0048297130194871,2.6883975556435087,-0.1186112515493019,34.90956254058403,0.0054,0.45,4
0.0011408356602211,0.0046653089203938,2.5627464162796803,-0.1743430306749627,33.33530268808054,0.0054,0.45,4
0.0010102732549656,0.0047483862537143,2.6285352249363405,-0.1455298365459967,34.14085333474643,0.0054,0.45,4
0.001801226872992,0.0030250678350113,1.0495702395938482,-0.4059530036070652,24.373220156044173,0.0054,0.45,4
0.0020000372051017,0.0031730748434971,1.221514882385143,-0.4476578244920964,24.65319438918897,0.0054,0.45,4
0.001889789042261,0.0030915143168023,1.1307408907160152,-0.4272737700403847,24.51936659369053,0.0054,0.45,4
0.0019578974376539,0.0032838965335312,1.3310436623894395,-0.4450162963642128,25.27236886450576,0.0054,0.45,4
0.0019380903299722,0.0033649766817259,1.411244671342589,-0.4418312787375172,25.83891007491052,0.0054,0.45,4
0.0019791452934668,0.003474200385177,1.5142846160976593,-0.4425260276121307,26.27104998807962,0.0054,0.45,4
0.0020018001916492,0.0035976382875983,1.6256317020910735,-0.4357613778180198,26.63921729550486,0.0054,0.45,4
0.0019276110612927,0.003773182461071,1.7872159030861738,-0.4098913056818201,27.60235165595268,0.0054,0.45,4
0.0019006197520535,0.0036657986926113,1.696239944191223,-0.4193081989313486,27.216330367403376,0.0054,0.45,4
0.0018193756509344,0.0038512253916791,1.8677221586708808,-0.388994290569029,28.17434050930973,0.0054,0.45,4
0.0017619978590899,0.0040594298096321,2.0452667378266427,-0.351604844573767,29.151627692485288,0.0054,0.45,4
0.001759161856905,0.003950432241241,1.958639944380424,-0.3682442630155632,28.82313677058189,0.0054,0.45,4
0.0017062097307836,0.0038801623008272,1.9071889088637195,-0.3719813163010187,28.75541371825944,0.0054,0.45,4
0.0016444874266098,0.0041447815246463,2.1302597332002207,-0.324569211793458,29.85474782577117,0.0054,0.45,4
0.001513402557869,0.0042296878789383,2.2157079603707506,-0.2946634886581101,30.64915700359445,0.0054,0.45,4
0.0016003267336799,0.0028146476746994,0.7632965409774942,-0.3242459427680595,23.501681084315653,0.0054,0.45,4
0.0015881796241579,0.0027030971135528,0.6195212254512897,-0.286389933820764,22.65410185195131,0.0054,0.45,4
0.0015704705356013,0.0025894854006481,0.4687876033452646,-0.2362817464030807,21.704816483638208,0.0054,0.45,4
0.001557873907356,0.0024875962997832,0.3341889588470978,-0.1827710472824295,20.774945417055616,0.0054,0.45,4
0.0015507793725109,0.0023992294354106,0.2205060822392817,-0.1299233920236578,19.91091480727604,0.0054,0.45,4
0.0015542866871855,0.0023269981446238,0.1357453820362293,-0.0853736008806835,19.136776532827767,0.0054,0.45,4
0.0015461019169023,0.0022912716701561,0.0881671444104745,-0.0572287211740409,18.91982782222726,0.0054,0.45,4
0.0015873974777833,0.0022295840997057,0.0482685123087508,-0.0336156357447186,18.00434544133357,0.0054,0.45,4
0.0002519740244274,0.0050676956788884,2.850267453535219,-0.025471916634745,38.5586885019706,0.0054,0.45,4
0.0016992613827182,0.0029730173531424,0.975758952343046,-0.3797327697487857,24.332133439941625,0.0054,0.45,4
0.0016053743091842,0.0029161510372862,0.8901499212477725,-0.3499048664106325,24.233056215194143,0.0054,0.45,4
0.000377711845142,0.0049896945386079,2.811585487772662,-0.0428876829654057,37.82095394349039,0.0054,0.45,4
0.0005032992664619,0.0049113266288337,2.7677232255987536,-0.0631927085146379,37.06625152729757,0.0054,0.45,4
0.0006289542358898,0.004832344879491,2.718549353278629,-0.0861714200414298,36.298306298939,0.0054,0.45,4
0.0007552298362687,0.0047519715324081,2.663642741557364,-0.111668108680083,35.51531474366726,0.0054,0.45,4
0.0013845614264082,0.004319811322647,2.302286211066608,-0.2630117658460227,31.479359583974887,0.0054,0.45,4
0.0012675218736643,0.0044189221042026,2.3899321529597617,-0.2309398960698565,32.287677953222584,0.0054,0.45,4
0.001144199663543,0.0045038673606577,2.465091851728588,-0.2003032751163547,33.05517558079108,0.0054,0.45,4
0.0008825953086996,0.0046704505210813,2.6031100309537583,-0.1393769979658134,34.71658396230287,0.0054,0.45,4
0.0010119302127834,0.0045879518450664,2.537051855520176,-0.168990435985478,33.89710968525234,0.0054,0.45,4
0.0017999436261774,0.0031179238085357,1.1515545672268808,-0.4153036731898251,24.91352841711014,0.0054,0.45,4
0.0017147038176189,0.0030752290851214,1.095644044616847,-0.3966886655672019,24.81978025754269,0.0054,0.45,4
0.0018588518177201,0.003215386824684,1.2589208919519106,-0.4302370124960579,25.261925843539903,0.0054,0.45,4
0.0018783520352386,0.0033221889881277,1.369224769245305,-0.434568023144306,25.800275229300404,0.0054,0.45,4
0.001860689056466,0.0034165426041077,1.4638449045883528,-0.4311591638014089,26.34623269987134,0.0054,0.45,4
0.0018597215612622,0.0035423250422834,1.5858084837080884,-0.4251112476640616,26.82014187967848,0.0054,0.45,4
0.0018098806830555,0.0037353764561947,1.7680054395532607,-0.402034198248489,27.81780627636714,0.0054,0.45,4
0.0018010819675,0.0036418152866785,1.6834973751499225,-0.4102445633263353,27.46432793901722,0.0054,0.45,4
0.0017072189816402,0.0037848541878671,1.8238404283993224,-0.3841049457106198,28.41983464441241,0.0054,0.45,4
0.0016416592780613,0.0039851089515075,2.00481912131505,-0.3495613437997664,29.44893434996921,0.0054,0.45,4
0.0016033987989546,0.0038523882449529,1.8963685787146567,-0.3624113461684233,29.137701565902194,0.0054,0.45,4
0.0015147569388964,0.0040764119699393,2.097699732343965,-0.3194159856132121,30.22301254698217,0.0054,0.45,4
0.0013830963916114,0.0041680168636629,2.190026253732117,-0.2869890235249153,31.1124706993283,0.0054,0.45,4
0.0015170059452691,0.0028584333056086,0.7965050315192914,-0.3163458565504525,24.15807837240256,0.0054,0.45,4
0.0015058048006735,0.0027461867532503,0.6464171446668749,-0.2795816501835171,23.27426431506169,0.0054,0.45,4
0.0014915689746026,0.0026345062423238,0.4927298137067835,-0.232260542850797,22.3328535971791,0.0054,0.45,4
0.0014844646318044,0.0025327542207404,0.3538046148088163,-0.1812195796127668,21.38438496067617,0.0054,0.45,4
0.0014795193270433,0.002443786637004,0.233646011496825,-0.129048566248922,20.485014969657907,0.0054,0.45,4
0.0014846102109275,0.0023731106856799,0.1456634444240765,-0.0858155298714639,19.68014420381518,0.0054,0.45,4
0.0014781917892286,0.0023356447395332,0.0938101621467611,-0.0571269972189699,19.436692623373627,0.0054,0.45,4
0.0015210309675752,0.0022753822535319,0.051545963497787,-0.0337184859922146,18.505346439676885,0.0054,0.45,4
0.0002516278735805,0.0049121705729065,2.7826735653748824,-0.0314207499229795,38.51411249997484,0.0054,0.45,4
0.0016104409452068,0.0030277014174715,1.0265807432093017,-0.3711631829141663,24.96038701162505,0.0054,0.45,4
0.0015176112702481,0.0029533807737796,0.9184689464670328,-0.3385699808613895,24.87128449190513,0.0054,0.45,4
0.0003770327295263,0.0048339189871635,2.7386348720916587,-0.0518058656389543,37.74937750580855,0.0054,0.45,4
0.0005022983957922,0.0047549460163711,2.689148611702326,-0.0750357207794668,36.96354912337736,0.0054,0.45,4
0.0006278070272815,0.0046747898197064,2.6339251501741714,-0.1009005581152396,36.15973641528034,0.0054,0.45,4
0.0007541068465758,0.0045929659242944,2.572639968882127,-0.1291823997074827,35.33590466384441,0.0054,0.45,4
0.0012549240716473,0.0042594365380453,2.2790181224797563,-0.2540385674090737,31.976810081134943,0.0054,0.45,4
0.0011361433126816,0.0043443951281521,2.358516768304408,-0.2229805137025929,32.79591397080629,0.0054,0.45,4
0.0010103395509404,0.0044270852529895,2.433884034965453,-0.1911572293369264,33.64051885704949,0.0054,0.45,4
0.0008817435648761,0.0045100722476818,2.5056641232509897,-0.159481369667725,34.494641678585275,0.0054,0.45,4
0.0017351000444981,0.0031826693385136,1.2178781690530531,-0.4095703726500937,25.579991413954343,0.0054,0.45,4
0.0016478699657139,0.0031290764080737,1.1503008247935695,-0.3903541839895716,25.50288449538252,0.0054,0.45,4
0.0017675009867082,0.0033236979452347,1.3705716706156783,-0.4198033166982875,26.150037870751444,0.0054,0.45,4
0.0017493363162993,0.0034498324107841,1.5005900018869307,-0.4154715236212512,26.82394069872898,0.0054,0.45,4
0.0017316364034236,0.003561152184536,1.611974899325329,-0.4075165705895677,27.42016192893062,0.0054,0.45,4
0.0017089078800079,0.0036824825988559,1.7299772860060496,-0.3950211814188067,28.032828819780065,0.0054,0.45,4
0.0015925278754024,0.0037401840519218,1.795209084291457,-0.3732850551910656,28.74005295163951,0.0054,0.45,4
0.0014989099809124,0.0039385767594504,1.98504940309104,-0.3366594502137546,29.862789717247995,0.0054,0.45,4
0.001485627123579,0.0038145223845644,1.8755538390823483,-0.3494639596894163,29.492202076295342,0.0054,0.45,4
0.0013769875714801,0.0040193548181989,2.070434968091788,-0.3073879969167418,30.721657839947856,0.0054,0.45,4
0.00125394582763,0.0041033988055894,2.1570400694954106,-0.2760960498152008,31.589916962657387,0.0054,0.45,4
0.0014306673452867,0.0029013020037352,0.8307117695910563,-0.3068075822563845,24.81526180904316,0.0054,0.45,4
0.0014241121506255,0.0027888893720975,0.6762482050297783,-0.2726371089746723,23.946340507700096,0.0054,0.45,4
0.0014132294297253,0.0026768241818565,0.5168165478043595,-0.2274125300433216,22.99302198833223,0.0054,0.45,4
0.0014073869263863,0.0025749141350841,0.3711591621466743,-0.1775669030578311,22.01541129189225,0.0054,0.45,4
0.0014070014149392,0.0024862567386846,0.2469000664010488,-0.1275773628583647,21.11642444519412,0.0054,0.45,4
0.001414635912902,0.0024143780668648,0.1528219695497717,-0.0844005372039451,20.28023788865435,0.0054,0.45,4
0.0014098477119232,0.0023775688501486,0.099512331228932,-0.0568208826544035,20.044485836082657,0.0054,0.45,4
0.0014533462233921,0.002319207787747,0.0549109065507134,-0.0336720436492112,19.024434105792167,0.0054,0.45,4
0.0002509686545838,0.0047566510054158,2.7043880865944128,-0.0372615177562851,38.46149131573673,0.0054,0.45,4
0.0015553519363261,0.0031268259000564,1.1383449926598848,-0.3729947802604724,25.821530718779147,0.0054,0.45,4
0.0015089291487829,0.0030465845977807,1.034042711187196,-0.3530462530796601,25.503343951346725,0.0054,0.45,4
0.0014233900408346,0.0030015729339584,0.9621695572562946,-0.3270825730244197,25.52712032660385,0.0054,0.45,4
0.0003758055976684,0.004678038853966,2.654686740127089,-0.0604964567139998,37.66570713415484,0.0054,0.45,4
0.0005004857184464,0.0045982330494919,2.5991561562083487,-0.0864950409180921,36.844616713120224,0.0054,0.45,4
0.000625442568332,0.0045166807108975,2.5373963986447983,-0.1150260114661414,36.00019973745294,0.0054,0.45,4
0.0007515968464635,0.0044329957815441,2.469074234678693,-0.1458851839232338,35.12934264519388,0.0054,0.45,4
0.0011313575166022,0.0041890534709763,2.24238852307856,-0.2437635846092881,32.46024869647852,0.0054,0.45,4
0.0010084495113717,0.0042677632655135,2.319382603755756,-0.2117648172287431,33.34842602257192,0.0054,0.45,4
0.0008795710646716,0.0043484617870654,2.395094310164664,-0.1785408847762808,34.24324580913798,0.0054,0.45,4
0.001621731335428,0.0032347044000267,1.2694481679816272,-0.3939054944368717,26.27673047136807,0.0054,0.45,4
0.001506452553801,0.0032048859346034,1.2270507261122994,-0.3704694178473117,26.5161038175312,0.0054,0.45,4
0.0016302177828987,0.0033684798648327,1.4172944534388845,-0.3985584092675762,26.86032175527712,0.0054,0.45,4
0.0016175834466389,0.0034851108002929,1.5411028289947235,-0.3946733278991617,27.48788543324233,0.0054,0.45,4
0.0015746003702392,0.0036061614064294,1.666826540781965,-0.3818929992941418,28.26657494107806,0.0054,0.45,4
0.0014705990611148,0.0037016588102615,1.7692776405047623,-0.3578699165627743,29.104590690673643,0.0054,0.45,4
0.0013718501896921,0.0038850607155611,1.9529806315902447,-0.3232217919360774,30.319744793849605,0.0054,0.45,4
0.0013764769284418,0.0037692659992855,1.843542909740684,-0.3358975602004795,29.910273648706468,0.0054,0.45,4
0.0011305848058031,0.0040432515250199,2.1219493529125923,-0.2618463278298324,32.06776598435147,0.0054,0.45,4
0.0012517836125104,0.0039605532905202,2.035055642691457,-0.2936906442228979,31.18391610785551,0.0054,0.45,4
0.0013438254919436,0.0029447289394218,0.8688186308726916,-0.2967522153718112,25.540043503020936,0.0054,0.45,4
0.0013413145963245,0.002830766970503,0.7079914034780951,-0.2648525929443416,24.65716404973682,0.0054,0.45,4
0.0013348759953631,0.002718404769467,0.5434638752987223,-0.2223986403155085,23.69974809652095,0.0054,0.45,4
0.0013325815102245,0.0026157960673078,0.3916170947299692,-0.1746214483562016,22.707891521959443,0.0054,0.45,4
0.0013331986305208,0.0025266703761746,0.2602926484822743,-0.125444659369174,21.77679107782341,0.0054,0.45,4
0.0013429305024292,0.0024550155875797,0.1615254756902298,-0.0833185694556953,20.91418482989932,0.0054,0.45,4
0.0013380826185858,0.0024188018159841,0.1055735169515206,-0.0562313776389958,20.6804421745555,0.0054,0.45,4
0.0013844009361866,0.0023610219202771,0.0582834837846068,-0.0334719289395062,19.652196286298786,0.0054,0.45,4
0.0002498154102668,0.0046013193411148,2.6149543367205488,-0.0428857177718755,38.40093014963113,0.0054,0.45,4
0.0014400358667139,0.003118796455332,1.1153498161173998,-0.3488853777887448,26.3237490856194,0.0054,0.45,4
0.0013400548219968,0.0030508342159415,1.012576089280432,-0.3173294656058008,26.36236463880337,0.0054,0.45,4
0.0003737203330943,0.0045223468573577,2.559298823680425,-0.0687609977314191,37.57097406384445,0.0054,0.45,4
0.000497382256262,0.0044416209260365,2.4973239854169496,-0.0972532421019771,36.71134801761784,0.0054,0.45,4
0.0006210496657005,0.0043589074585157,2.428814414637739,-0.1280201459210591,35.82243049876468,0.0054,0.45,4
0.0007475168289213,0.0042706191346398,2.350811835830898,-0.161502781600075,34.88947405514341,0.0054,0.45,4
0.0010050254336139,0.0041124420642288,2.1954308714437136,-0.2298327670033486,33.0082421546084,0.0054,0.45,4
0.0008742174554026,0.0041811321069084,2.266926054623213,-0.1961768911368443,33.951073283709405,0.0054,0.45,4
0.001508152457624,0.0035128416127573,1.573989532217898,-0.3756326120019251,28.12092704654419,0.0054,0.45,4
0.001417801948975,0.0032373655213703,1.2597643130271157,-0.355585147836952,27.16613540775601,0.0054,0.45,4
0.0015147158226342,0.0033041922415609,1.343655095315028,-0.3776406889034365,27.01663919212527,0.0054,0.45,4
0.0015104395825388,0.0034133430993628,1.4663947875291965,-0.3783021624681617,27.610350407111607,0.0054,0.45,4
0.0014418790719159,0.0035885405079231,1.6569165408566675,-0.360662480856331,28.8240695777864,0.0054,0.45,4
0.0013807167987032,0.0036699310375875,1.7443987821485158,-0.3447168434726591,29.412044020975333,0.0054,0.45,4
0.0012957811532126,0.0036999545430715,1.7810949068262816,-0.3267997118237946,30.07144607665301,0.0054,0.45,4
0.001023732761595,0.0039884133081758,2.0848531609416185,-0.2468193500093557,32.59002881824606,0.0054,0.45,4
0.0012413160953673,0.0038080915542521,1.8939918491760983,-0.3078126139612924,30.778025405056123,0.0054,0.45,4
0.0011176637471627,0.0039056484593647,1.9990614894607808,-0.2742602672264275,31.701861663853208,0.0054,0.45,4
0.0012553730872132,0.0029840024594837,0.90383087353837,-0.2846828743116859,26.337468548688417,0.0054,0.45,4
0.001256547344171,0.0028696504957913,0.7382241094477506,-0.2552877929993081,25.43068910079406,0.0054,0.45,4
0.0012538587571356,0.0027570157000515,0.5683409137938025,-0.2154847781951785,24.463174316349008,0.0054,0.45,4
0.0012547432316701,0.002653717395855,0.4099464397103687,-0.1697760126999225,23.45814645129391,0.0054,0.45,4
0.0012581459594647,0.0025649951234246,0.2737451030050276,-0.1227169568790553,22.52189477255893,0.0054,0.45,4
0.0012700155655824,0.0024935788061944,0.1703129163586683,-0.0818271553246101,21.635807663837607,0.0054,0.45,4
0.0012661310383856,0.0024570888244176,0.111193021392813,-0.0551967154054105,21.414443453369127,0.0054,0.45,4
0.001314253904167,0.0024007882646942,0.0617211743841134,-0.0330834159946323,20.27320160796277,0.0054,0.45,4
0.0002478985510437,0.0044467207102961,2.5140942017762424,-0.0481246010606316,38.33479035175531,0.0054,0.45,4
0.0013321901620895,0.0031602715019449,1.155470004544099,-0.3308006140733578,27.066669265569203,0.0054,0.45,4
0.0012469354023859,0.0030873249989442,1.0469150550459585,-0.3020003298117931,27.114842515150816,0.0054,0.45,4
0.0003705017273379,0.0043674833161598,2.4522193700444856,-0.0763375952464993,37.46812608835675,0.0054,0.45,4
0.0004928565249172,0.004285637927727,2.3832269202777923,-0.1069791155320935,36.56553507150267,0.0054,0.45,4
0.0006161062905693,0.0041995314761888,2.3056317569120863,-0.1399708779753891,35.62178965563143,0.0054,0.45,4
0.0007422989414107,0.0041064563965371,2.2167136882182947,-0.1754712415136199,34.59603129762215,0.0054,0.45,4
0.0008863346307589,0.0040019786619623,2.111134536678473,-0.2166466296160811,33.51431175777274,0.0054,0.45,4
0.0013952672705873,0.0034795189603536,1.5410961449849736,-0.3563803617998899,28.49415584642812,0.0054,0.45,4
0.0013133113777037,0.0032782634937131,1.3033116662645077,-0.3368570495972772,27.905194959188915,0.0054,0.45,4
0.0014001078076736,0.0033577878891171,1.4025328132310115,-0.3573141767701812,27.94316682250564,0.0054,0.45,4
0.0012962721204904,0.003578835851469,1.6539950190110402,-0.3343588803744789,29.505937812690483,0.0054,0.45,4
0.0011841240280798,0.0036736489260755,1.7614233914998267,-0.3067496579262231,30.5425046758428,0.0054,0.45,4
0.0009794574768252,0.0038813806709854,1.988422757395284,-0.2475679261826947,32.52751462622263,0.0054,0.45,4
0.0010883718294377,0.0037752224399038,1.8736608445269685,-0.2795624423700451,31.46760711561976,0.0054,0.45,4
0.0011666227550284,0.0030196111141415,0.9364319279423068,-0.2708597048553702,27.141692095057504,0.0054,0.45,4
0.0011697034195989,0.0029043159159938,0.7647875492827995,-0.2435599754261293,26.231297132616834,0.0054,0.45,4
0.001171884357116,0.0027930739497079,0.5925425053977272,-0.2073365691074451,25.27215434162397,0.0054,0.45,4
0.0011758196899445,0.0026898423208761,0.4287695513189682,-0.1642351883013926,24.25409893463752,0.0054,0.45,4
0.0011819817770809,0.002601122411596,0.2871226809325576,-0.1192803529285034,23.307214548618195,0.0054,0.45,4
0.0011953347214622,0.0025313302042545,0.1808208855451133,-0.0805392648950455,22.402925557035577,0.0054,0.45,4
0.0011934298292147,0.0024932643136335,0.117059654911542,-0.0539819148733356,22.15313567799711,0.0054,0.45,4
0.0012429668196052,0.0024384727343581,0.0651628659193917,-0.0325360114985766,21.004558375758005,0.0054,0.45,4
0.0002450329378543,0.0042937407764976,2.401821245955432,-0.052778512606007,38.26416462129632,0.0054,0.45,4
0.0012350403754543,0.0031888324905616,1.1824765455552908,-0.3123745314635057,27.84671105757736,0.0054,0.45,4
0.0012105923122542,0.0032855553603852,1.306470399815131,-0.3145121639925695,28.438129857822936,0.0054,0.45,4
0.0011523369662642,0.0031204126071312,1.0787322970877935,-0.284848326521753,27.91565168382265,0.0054,0.45,4
0.0003658650941202,0.0042144785964639,2.3335917496530025,-0.0829087810331562,37.357842656649495,0.0054,0.45,4
0.0004861951906035,0.0041317567546872,2.257373868109448,-0.1151233982083405,36.40953418376605,0.0054,0.45,4
0.0006067177378699,0.0040438533500234,2.171472788984449,-0.1491667399454644,35.41596604320671,0.0054,0.45,4
0.0007287161676298,0.0039479837273934,2.072885779382076,-0.1849224053668641,34.346452870026326,0.0054,0.45,4
0.0008402251747411,0.0038489243172131,1.9669673354684376,-0.2184862412808908,33.36280198718444,0.0054,0.45,4
0.001233980067904,0.0034092574198089,1.4613104873353984,-0.3246533378647138,29.12279298985101,0.0054,0.45,4
0.0011390843273871,0.0035405007988111,1.6157863530595027,-0.3026983980045869,30.26211104383532,0.0054,0.45,4
0.001042772369132,0.0036431549141379,1.7356607485629751,-0.2775793413890712,31.3080594113432,0.0054,0.45,4
0.0009429294490933,0.0037441672535706,1.851112670901515,-0.2493430362891311,32.33201265124398,0.0054,0.45,4
0.0010756511521136,0.003051171822607,0.9653437513473692,-0.2549119240871029,27.97880283520029,0.0054,0.45,4
0.0010833655522457,0.0029366144234219,0.7909580339672989,-0.2309002062891811,27.079696894754537,0.0054,0.45,4
0.00108932559579,0.0028247493104864,0.6130200037890504,-0.197379065539743,26.108036776425447,0.0054,0.45,4
0.0010964646152304,0.0027237085517178,0.447588234929653,-0.1578949874997666,25.112503891196667,0.0054,0.45,4
0.0011048699187492,0.0026349436966603,0.3002331558261825,-0.1151230357754227,24.1464669274457,0.0054,0.45,4
0.0011209361558512,0.0025642104429557,0.1877579194767535,-0.0774503348565625,23.223463347742584,0.0054,0.45,4
0.0011205121403557,0.0025269589691527,0.1228384949604442,-0.0525038169940369,22.99012230406248,0.0054,0.45,4
0.0011706017032612,0.0024740444494954,0.0686141995038564,-0.0317964410604537,21.75436477235608,0.0054,0.45,4
0.0002410136183979,0.0041435496916398,2.278556704562781,-0.0566092656466961,38.19075250472491,0.0054,0.45,4
0.0011342355070678,0.0032258105982241,1.222116108121721,-0.2928620506224939,28.7085681773197,0.0054,0.45,4
0.0011363955352146,0.0033256164424552,1.353652732887353,-0.2999986495536324,29.284186556998456,0.0054,0.45,4
0.0010553793501767,0.0031559152476764,1.116113808450596,-0.2664712918815067,28.77146341083427,0.0054,0.45,4
0.0003595044044918,0.0040645881432981,2.203972644213781,-0.0880911596482113,37.2453465879582,0.0054,0.45,4
0.0004761067888993,0.0039824323090379,2.121542795056366,-0.120855343250975,36.2613641836214,0.0054,0.45,4
0.0005904363532627,0.0038945699665553,2.0288002157706515,-0.1542850757197684,35.24287905752197,0.0054,0.45,4
0.0007005736483606,0.0038042417411112,1.9290421181179296,-0.1870128372671406,34.21356664433543,0.0054,0.45,4
0.0008042684628804,0.0037096256941852,1.820820209046401,-0.2178050135725353,33.18633517659804,0.0054,0.45,4
0.0010793051225379,0.0034231510251547,1.476137179161692,-0.2899160357734986,30.10425848004387,0.0054,0.45,4
0.0009977933796927,0.0035153693759744,1.5890335239246565,-0.2710059775962532,31.08908066587577,0.0054,0.45,4
0.0009027733026883,0.0036124816892579,1.7062557743426126,-0.2459342440368646,32.133879453460985,0.0054,0.45,4
0.0009840729311638,0.0030757393218745,0.9860528105808568,-0.2370421274932794,28.86569779931028,0.0054,0.45,4
0.0009981145741453,0.002966267995364,0.8162672794315847,-0.2174167207321998,27.92817227154276,0.0054,0.45,4
0.0010050341460316,0.0028571460917777,0.6375533622656584,-0.1871378845193555,26.98025716487988,0.0054,0.45,4
0.0010141894334347,0.0027540731808019,0.4630037424963507,-0.1495290805288396,26.00274675908581,0.0054,0.45,4
0.0010269237054238,0.0026664199515318,0.3129902034622441,-0.1102707905199304,25.043916111632907,0.0054,0.45,4
0.0010449988088804,0.002596219676777,0.1963394402268663,-0.0745943126463192,24.089090545535868,0.0054,0.45,4
0.00104457003971,0.0025594936063235,0.1289246451917594,-0.0507057594393254,23.865212933282923,0.0054,0.45,4
0.0010972214710109,0.0025074746177208,0.0720045181149841,-0.0308841040813563,22.61987529330385,0.0054,0.45,4
0.0002350711527427,0.0039977624547196,2.1454675597118023,-0.0592056628517077,38.123080272579216,0.0054,0.45,4
0.0010239041860086,0.0032843402915645,1.2931656945478796,-0.2715424149155834,29.81274841780209,0.0054,0.45,4
0.0009517706084177,0.0031716794984947,1.1263296431749703,-0.2433986345597998,29.72084281963461,0.0054,0.45,4
0.0003488672100146,0.0039203653322338,2.065620887178681,-0.0908682736966346,37.151244180169,0.0054,0.45,4
0.0004602691318236,0.0038397765485667,1.977938516215657,-0.1231032418079531,36.14241018884064,0.0054,0.45,4
0.0005682599742626,0.0037560611354393,1.882588082013724,-0.1549470748905525,35.114690956844065,0.0054,0.45,4
0.0006710143288483,0.0036691943374588,1.7798496222273326,-0.1851589163329493,34.074448318910584,0.0054,0.45,4
0.0007678434393669,0.0035790673259433,1.6698721071906972,-0.2127738214707399,33.02704518224499,0.0054,0.45,4
0.0009420748293534,0.0033876126010362,1.427506403400448,-0.2564430266287545,30.862326037201942,0.0054,0.45,4
0.0008588470376099,0.003485565857828,1.552795679250201,-0.2369613931212782,31.953540999825822,0.0054,0.45,4
0.0008995664459296,0.0030898359529774,0.9934489534560832,-0.2182505271635344,29.579466630281484,0.0054,0.45,4
0.0008699983358282,0.003163634713652,1.1038547939198442,-0.221297890387469,30.150538601988,0.0054,0.45,4
0.0009193547319908,0.0029885914194077,0.8337218535197596,-0.2031387316929576,28.773206584661946,0.0054,0.45,4
0.0009257349116828,0.0028803941752562,0.6514913890210852,-0.1749370628526483,27.862279229983866,0.0054,0.45,4
0.0009330436824856,0.0027822920709108,0.4790542232832351,-0.140935443754736,26.94457994810909,0.0054,0.45,4
0.0009481924423434,0.0026955596106066,0.3253257696970167,-0.1046916818520286,25.98293516467812,0.0054,0.45,4
0.0009682214075513,0.0026260101287505,0.2047983920204263,-0.0712830499314952,25.03378659991833,0.0054,0.45,4
0.0009685425342871,0.0025891382500429,0.1342676734733514,-0.0484259633096828,24.83173368022207,0.0054,0.45,4
0.0010228898015111,0.0025387357613115,0.0753727158276798,-0.0297592903939537,23.48641886862281,0.0054,0.45,4
0.0002270709240715,0.0038574975144781,2.0036640065292244,-0.0603224224343667,38.06754119973732,0.0054,0.45,4
0.0008790925278167,0.0032545774066793,1.2404091109068196,-0.2332213138526823,30.721937643600675,0.0054,0.45,4
0.0003357773204266,0.0037823439376096,1.9192731874137576,-0.0914291049628328,37.07265453669604,0.0054,0.45,4
0.0004423576882043,0.0037053309679869,1.8286143134047947,-0.1225464883454973,36.042838829506046,0.0054,0.45,4
0.0005441624564045,0.0036251752470345,1.7304918952389432,-0.1522468653815671,34.9984414906771,0.0054,0.45,4
0.0006401115397297,0.003542110247048,1.625427588591368,-0.1794368701331483,33.95407646741797,0.0054,0.45,4
0.0007297106739318,0.0034557732491771,1.5131403789389652,-0.2032239280120786,32.905596030808304,0.0054,0.45,4
0.0008128876798542,0.0033630956701192,1.3895578980743348,-0.2225877702479406,31.84465342589152,0.0054,0.45,4
0.0008086917352252,0.0031916508426402,1.139538048382774,-0.2089894523166615,31.073059548479726,0.0054,0.45,4
0.0008087813926437,0.0031110754235298,1.012741416635761,-0.198782715269488,30.58623229870629,0.0054,0.45,4
0.0008296223360209,0.0030106640618265,0.850326247506186,-0.1858252437756268,29.7432200587474,0.0054,0.45,4
0.0008440268585197,0.0029004500709412,0.6616388912743895,-0.1612397150717794,28.851641188933844,0.0054,0.45,4
0.000854647675006,0.0028076980822893,0.4947148639926547,-0.1321080033138634,27.92857554751152,0.0054,0.45,4
0.000868646828149,0.0027224130850489,0.3372439515533272,-0.0984335325660275,26.979184720947583,0.0054,0.45,4
0.0008897981473415,0.0026547970110114,0.2150309762485285,-0.0680049681748049,26.036647524768764,0.0054,0.45,4
0.0008920198291828,0.0026165908235508,0.1397487237984592,-0.0459283076060704,25.81188193762941,0.0054,0.45,4
0.0009476700463148,0.0025677997887334,0.0786570928920431,-0.0284597581141638,24.455289219005778,0.0054,0.45,4
0.0002176535717669,0.0037239136051446,1.8547214148190043,-0.0599907421164238,38.01995406714958,0.0054,0.45,4
0.0007675593804236,0.003264246292329,1.2456913740746112,-0.2053224632134934,31.72120848626007,0.0054,0.45,4
0.0003222839650391,0.003652500591317,1.7676971462698672,-0.0902090153203312,37.00143765452595,0.0054,0.45,4
0.0004231125704566,0.0035782487117385,1.6735170844606984,-0.1193896560282763,35.94993000231734,0.0054,0.45,4
0.0005188817055933,0.0035017145239536,1.5730778146240885,-0.1464261181865498,34.88713582964681,0.0054,0.45,4
0.0006081414154763,0.0034226452053259,1.4663462565840548,-0.1701199341554306,33.83349194571977,0.0054,0.45,4
0.0006902042113594,0.0033423763900561,1.3553795295788915,-0.1897419968826357,32.768824710491906,0.0054,0.45,4
0.000718029420243,0.0031647311712996,1.0875279520927883,-0.1833891516186341,31.66367145478923,0.0054,0.45,4
0.0007348687471517,0.0030545276659669,0.9068668952725574,-0.171129152826892,30.734338986325643,0.0054,0.45,4
0.0007491823268447,0.0029336423369773,0.6952801490119204,-0.147884929207195,29.84367175516484,0.0054,0.45,4
0.0007714173589306,0.0028320361067662,0.5101894446129832,-0.121696859277787,28.92952644470051,0.0054,0.45,4
0.0007881548457389,0.0027470870596508,0.3487863569703428,-0.0914706301536023,28.03100477743532,0.0054,0.45,4
0.0008112643036203,0.0026800734741718,0.2230599819228712,-0.0636609432979827,27.078885005784034,0.0054,0.45,4
0.0008158668283234,0.002641446000696,0.1449739687008812,-0.0431647391607326,26.848828012386047,0.0054,0.45,4
0.0008716238307292,0.0025946334060204,0.0818311470145791,-0.026941045918528,25.45261333739457,0.0054,0.45,4
0.0002077200145424,0.00359753873191,1.6999132873555534,-0.0584199253632359,37.97995973177233,0.0054,0.45,4
0.0006467307578285,0.0032390319354882,1.1976452831837143,-0.1717090967721181,32.67566774252267,0.0054,0.45,4
0.0006319103676281,0.0031574133835562,1.0650620511211537,-0.1598954907740862,32.57012810824372,0.0054,0.45,4
0.0003075871785223,0.0035291189264459,1.6097581192698371,-0.0870171914129307,36.93923265853834,0.0054,0.45,4
0.0004034113430248,0.0034582767002997,1.513132617883551,-0.1138946648927077,35.86462228112958,0.0054,0.45,4
0.0004931369460976,0.003384945597732,1.410100756292053,-0.1377238171290265,34.77645025430912,0.0054,0.45,4
0.0005761970048906,0.0033094747176113,1.301492640456148,-0.1574806724264937,33.73931482315374,0.0054,0.45,4
0.0006570382212601,0.0030711549401729,0.9223015938208609,-0.1545460265178826,31.77118634340319,0.0054,0.45,4
0.0006666004324763,0.0029542678105812,0.7130258723529471,-0.1338532705619662,31.09240659246205,0.0054,0.45,4
0.0006834206924273,0.0028540962945312,0.5238779532647405,-0.1097914691989704,30.081270710648084,0.0054,0.45,4
0.0007064574984172,0.0027695972291733,0.3599160044913376,-0.0838516727613511,29.156671606405485,0.0054,0.45,4
0.000732640918874,0.0027018478871476,0.2284594333680672,-0.0584050141870122,28.174390830232984,0.0054,0.45,4
0.0007375269616074,0.0026646107846869,0.150269520742514,-0.0400871195596366,27.967833778430983,0.0054,0.45,4
0.0007948109283947,0.0026191926820762,0.0848161406243752,-0.0252341800105321,26.53383402500331,0.0054,0.45,4
0.0001980269177538,0.0034770814842478,1.5383333162241646,-0.0558558800990774,37.94102480158819,0.0054,0.45,4
0.000579276381042,0.0030957260937201,0.953301003819494,-0.138729484989357,32.625057671037204,0.0054,0.45,4
0.0005508880266046,0.0031942260000498,1.118289787105926,-0.1429693745891363,33.57528904292614,0.0054,0.45,4
0.000293124214459,0.0034120299720552,1.445800901682562,-0.0822824725578221,36.88505040382725,0.0054,0.45,4
0.0003834238660125,0.0033443814766058,1.3466746558098857,-0.1061692184204364,35.79109132313675,0.0054,0.45,4
0.0004679374106518,0.0032737597425539,1.2403934195765969,-0.1264710622570048,34.64558430816414,0.0054,0.45,4
0.000566076767656,0.0029875633720271,0.7540916518181728,-0.1179621075939842,32.2708393587643,0.0054,0.45,4
0.0005961362671277,0.0028760486054383,0.5417643772308988,-0.0979981336366273,31.224396746558536,0.0054,0.45,4
0.0006232273165085,0.0027899455715011,0.3705181871842806,-0.0754454059938646,30.28982421471509,0.0054,0.45,4
0.0006517028687657,0.0027231228317647,0.2364808703724252,-0.0532939331760947,29.333395779651514,0.0054,0.45,4
0.0006572739984093,0.0026853069308106,0.1543489403771399,-0.0363819795646348,29.14286099735133,0.0054,0.45,4
0.0007172945705683,0.0026414345912015,0.0875146835383934,-0.0233084829001814,27.66703161447988,0.0054,0.45,4
0.0001887625876854,0.0033626004297779,1.3705891883083905,-0.0524068555368784,37.89495074883424,0.0054,0.45,4
0.000501874049708,0.0030800625364723,0.9150226585239832,-0.118038234174378,33.49849473477286,0.0054,0.45,4
0.000440248547577,0.0031726949103671,1.0718505811194434,-0.1120843737814162,34.56367382599532,0.0054,0.45,4
0.0002788282349892,0.0033006380655585,1.2754878018643627,-0.0760276861628832,36.817499014449,0.0054,0.45,4
0.0003635225347175,0.0032369997008777,1.175397946875856,-0.0963617775764316,35.702317449251304,0.0054,0.45,4
0.0004661249812329,0.0029740135106408,0.7090558448068466,-0.0929564930259344,33.39762098861371,0.0054,0.45,4
0.0005060487687915,0.0028873803694832,0.5415557482216428,-0.0830667683870307,32.50429784885767,0.0054,0.45,4
0.0005381993919817,0.0028061556593867,0.3762972100738337,-0.0658294538465892,31.571870988245504,0.0054,0.45,4
0.0005687445256601,0.002742724481697,0.2451846199506759,-0.0478477037698972,30.61486872133122,0.0054,0.45,4
0.0005775547638509,0.0027033577617804,0.1580136531941023,-0.032513902752671,30.3877376699566,0.0054,0.45,4
0.0006391438208897,0.0026613286929797,0.0899210169534797,-0.0211687165759741,28.827663302794992,0.0054,0.45,4
0.0001795035973515,0.0032439088832331,1.1798183788161776,-0.0475608010678835,37.81358499846663,0.0054,0.45,4
0.0004086295941353,0.0030561513320291,0.8585352343732747,-0.092133047728939,34.45690497630431,0.0054,0.45,4
0.0003967681148355,0.0029593823498909,0.6679201777296007,-0.0756148680722721,34.44002372746344,0.0054,0.45,4
0.0003347693692711,0.0031187304000545,0.9676853488558445,-0.0807407170359234,35.674976524916694,0.0054,0.45,4
0.0002633909833003,0.0031819662272391,1.0761852341191265,-0.0670771345889713,36.69877337722043,0.0054,0.45,4
0.0004248919211052,0.0028881155904188,0.5242761190277693,-0.067683919046962,33.44697380454884,0.0054,0.45,4
0.000450992691712,0.0028161717266157,0.3721816981036437,-0.0544144649860783,32.86013977006186,0.0054,0.45,4
0.0004841206364119,0.0027593549803602,0.2519000928059425,-0.041538943292981,31.910100458114268,0.0054,0.45,4
0.0004983745018721,0.0027184265524435,0.1601366890532502,-0.0282844726963932,31.62681354109071,0.0054,0.45,4
0.0005604311388405,0.0026788402531182,0.0919300275666745,-0.018853389509881,30.08761943264552,0.0054,0.45,4
0.000168275323944,0.0031046768454063,0.9305996714123628,-0.0396516904387777,37.75719564441639,0.0054,0.45,4
0.0003595861805584,0.0029004189290086,0.5375111102592097,-0.0581631687196686,34.39473314734692,0.0054,0.45,4
0.0003246078971457,0.0029782123873574,0.6961806313393923,-0.0636064248061581,35.42214658106264,0.0054,0.45,4
0.0002483088312602,0.0030456162945105,0.8220920446856746,-0.0544508829984142,36.58562964461294,0.0054,0.45,4
0.0003606171099082,0.0028292028537978,0.3790703077554079,-0.044073197474857,34.1455700509506,0.0054,0.45,4
0.00040564972044,0.002767825170342,0.246621480807419,-0.0339574649133328,33.095506853005,0.0054,0.45,4
0.0004167298170205,0.0027318981875556,0.1628242998905073,-0.0239244011680593,32.96419477881403,0.0054,0.45,4
0.0004812407391475,0.0026939749524066,0.093538916213396,-0.0163965289173988,31.37438895625296,0.0054,0.45,4
0.0001577634760794,0.0029761862716741,0.6748645278650947,-0.0302922127324354,37.65662306255248,0.0054,0.45,4
0.0002978786639611,0.002883116724698,0.4892067129015892,-0.0449624845921674,35.457211918788964,0.0054,0.45,4
0.0002337104431708,0.0029287440981859,0.580758451812054,-0.039897515313832,36.38707549721602,0.0054,0.45,4
0.0002901213279702,0.0028209879331152,0.3451368082252584,-0.0328082513462383,35.341893764614305,0.0054,0.45,4
0.0003289519482011,0.0027757005306155,0.2448131357301559,-0.0273222857760756,34.393248498896405,0.0054,0.45,4
0.0003371392194599,0.0027421354972008,0.1637497049646889,-0.0194382790410802,34.34924558147785,0.0054,0.45,4
0.0004016757866401,0.0027070324668791,0.0955319297309371,-0.0139051674563834,32.7517937275872,0.0054,0.45,4
0.0001439571821955,0.0028727873406931,0.446520526699394,-0.0199360009373886,37.66526091084728,0.0054,0.45,4
0.0002186290250131,0.0028411341467231,0.3810605555142273,-0.0265677214475314,36.52096740342228,0.0054,0.45,4
0.000251461284967,0.0027813743153574,0.2416876319373639,-0.0205979603140527,35.55189828388356,0.0054,0.45,4
0.0002603105676309,0.0027497625548097,0.1640466327725948,-0.0149248617172334,35.53146579269719,0.0054,0.45,4
0.0003217141676926,0.0027175933166679,0.0968542129049893,-0.0112658116942776,34.12354125790104,0.0054,0.45,4
0.0001321715759356,0.0028138189360609,0.3049788803672182,-0.0131039330829389,37.66721540635786,0.0054,0.45,4
0.0001848951491382,0.0027871003009022,0.2449922184833481,-0.0152769399704933,36.85468517145436,0.0054,0.45,4
0.0002022000387912,0.0027551211037518,0.166470698874268,-0.011800446780345,36.68982049256136,0.0054,0.45,4
0.0002414269121897,0.002725106918959,0.0959618735828904,-0.0082526542750959,35.66809281894416,0.0054,0.45,4
0.0001187952844362,0.0027627984160013,0.1751559331283993,-0.0072021741246946,37.7718372650562,0.0054,0.45,4
0.000161014199441,0.0027302729145334,0.0950159670659168,-0.0055345048826969,36.96964331908715,0.0054,0.45,4
8.053427643640716e-05,0.0027334485489956,0.0941125205461055,-0.0026501882695602,38.839734063957295,0.0054,0.45,4
0.0119204628995281,0.0123011717635891,0.0,0.0,17.735697870646863,0.0054,0.45,4
0.0118409947975429,0.0123046860395138,0.0,0.0,37.2147938241754,0.0054,0.45,4
0.0119199676260571,0.0122843662996971,0.0291480444912449,-0.0008072528774527,21.3324923123808,0.0054,0.45,4
0.0118400052595297,0.0122879122893731,0.0410516125167492,-0.0023381434263035,35.77492245387542,0.0054,0.45,4
0.012,0.0122999999999999,0.0,0.0,139.4282821028901,0.0054,0.45,4
0.0119999999999999,0.0122831841410965,0.1230088037845015,0.023338372943525,109.982535660974,0.0054,0.45,4
0.011761664213673,0.0123105398212734,0.0,0.0,18.67542362369945,0.0054,0.45,4
0.0117601818469287,0.0122938123101263,0.0331062655469853,-0.0026273658523706,18.82928587008671,0.0054,0.45,4
0.0116825400742783,0.0123187280638546,0.0,0.0,20.275605460497733,0.0054,0.45,4
0.0116805665171041,0.0123020593674124,0.0353538054507625,-0.0043218759796699,20.177575519273987,0.0054,0.45,4
0.0116036914101576,0.0123292436461524,0.0,0.0,16.13583402878276,0.0054,0.45,4
0.011601227111364,0.0123126365294663,0.0344037740071111,-0.0050774952525904,16.13426977254164,0.0054,0.45,4
0.011525187053227,0.0123420773778048,0.0,0.0,16.096301096046503,0.0054,0.45,4
0.0115222325565213,0.012325538600021,0.0349388824214929,-0.0062876756381207,16.08682905014218,0.0054,0.45,4
0.0110651753605245,0.0124669972575163,0.0,0.0,16.968844402794865,0.0054,0.45,4
0.0109909622139277,0.0124956352609337,0.0,0.0,17.607973349049086,0.0054,0.45,4
0.0110593338875635,0.0124511691922997,0.0326956190300443,-0.0119993836740429,16.91487332325111,0.0054,0.45,4
0.0109846554045174,0.0124799821787776,0.0318456039728748,-0.012749768827456,17.544607748006,0.0054,0.45,4
0.0114470953376662,0.0123572180501657,0.0,0.0,15.198792114258392,0.0054,0.45,4
0.0114436519671138,0.0123407593740628,0.0347544258834428,-0.0072754248340823,15.18958524914899,0.0054,0.45,4
0.0113694838109297,0.0123746525305551,0.0,0.0,15.33755820639466,0.0054,0.45,4
0.0113655537800821,0.0123582886431009,0.0347192297780328,-0.0083396519315345,15.320838173615105,0.0054,0.45,4
0.0112924194200211,0.0123943657733985,0.0,0.0,15.41824421043789,0.0054,0.45,4
0.0112880057413328,0.0123781125950434,0.0343981211461542,-0.0093214902420299,15.390022590124431,0.0054,0.45,4
0.011215969443443,0.0124163405630027,0.0,0.0,15.855022788044348,0.0054,0.45,4
0.0112110758141237,0.0124002143169049,0.0339920877320567,-0.0102819134158917,15.820247666515105,0.0054,0.45,4
0.0111401995602385,0.0124405580288301,0.0,0.0,16.356959745310633,0.0054,0.45,4
0.0111348296285104,0.0124245728940302,0.0334080617484521,-0.0111717684331509,16.313100910489858,0.0054,0.45,4
0.0109176249696313,0.012526447030356,0.0,0.0,18.299294160869668,0.0054,0.45,4
0.0109108588871468,0.0125109844919418,0.0308991687163646,-0.0134267155783601,18.22929530192246,0.0054,0.45,4
0.0108452276683611,0.0125594056334406,0.0,0.0,19.03664798993297,0.0054,0.45,4
0.0108380087838692,0.012544148624709,0.0298413985244777,-0.0140090542200306,18.96072542465568,0.0054,0.45,4
0.0107738332714903,0.0125944823521961,0.0,0.0,19.724480698333245,0.0054,0.45,4
0.0107661677665519,0.0125794440150675,0.0286965848222432,-0.0145067132369141,19.641396339507867,0.0054,0.45,4
0.010703503412189,0.0126316468595679,0.0,0.0,20.409900670118446,0.0054,0.45,4
0.010695396568154,0.0126168378205272,0.0275054144175018,-0.0149265342712622,20.322218713755483,0.0054,0.45,4
0.0106342986779361,0.0126708671358393,0.0,0.0,21.080765639375056,0.0054,0.45,4
0.0106257551564668,0.0126562966015526,0.0262759259586132,-0.015268182519729,20.990661448207128,0.0054,0.45,4
0.0094010425834124,0.0142682757713695,0.0,0.0,29.781418719386075,0.0054,0.45,4
0.0093806152496076,0.0143451538124019,0.0,0.0,29.432594108596103,0.0054,0.45,4
0.0093863768507719,0.0142641467033863,0.0024168829353837,-0.0084070499574033,29.72233300270433,0.0054,0.45,4
0.0093658342469734,0.0143414585617433,0.0021202059830994,-0.0082022317809879,29.4620546796458,0.0054,0.45,4
0.0094237257335455,0.0141920328571008,0.0,0.0,29.318166448090864,0.0054,0.45,4
0.0094088589935638,0.0141873703722597,0.0029164463031046,-0.0090957801669577,29.27652284085186,0.0054,0.45,4
0.0094486452066541,0.0141164906800316,0.0,0.0,29.12261114906439,0.0054,0.45,4
0.0094336066242734,0.0141112829644792,0.0033905566057181,-0.0096260608036855,29.077015839783325,0.0054,0.45,4
0.0105662795986286,0.0127121088726314,0.0,0.0,21.737764781305007,0.0054,0.45,4
0.0105573045008752,0.0126977866627362,0.0250204076880322,-0.0155308779592679,21.64502858013408,0.0054,0.45,4
0.0104995045475625,0.0127553366851096,0.0,0.0,22.350608299726787,0.0054,0.45,4
0.01049010443258,0.0127412746030498,0.0237332631205613,-0.0157077836427531,22.254432600279483,0.0054,0.45,4
0.0104340312995166,0.012800513235069,0.0,0.0,22.893273552386983,0.0054,0.45,4
0.0104242144737855,0.0127867249798063,0.0224418576420608,-0.0158186026137283,22.795514411957445,0.0054,0.45,4
0.0094757794231141,0.0140417148236427,0.0,0.0,28.86209717088853,0.0054,0.45,4
0.0094606399864306,0.0140359673470433,0.0039264494386792,-0.0101687855083975,28.81466361381873,0.0054,0.45,4
0.0095051047434051,0.0139677705397438,0.0,0.0,28.64682529883669,0.0054,0.45,4
0.0094899439722158,0.0139614979743393,0.0044767879905905,-0.0106539104421994,28.597320208629032,0.0054,0.45,4
0.0095365955381696,0.0138947224523069,0.0,0.0,28.43586191802416,0.0054,0.45,4
0.0095214858038863,0.0138879430346921,0.0050614511573492,-0.0111136527861013,28.384861495503763,0.0054,0.45,4
0.0095702243004848,0.0138226342751524,0.0,0.0,28.20460986154982,0.0054,0.45,4
0.0095552254042453,0.0138153664504234,0.0056651545637096,-0.0115311986784265,28.15142679723677,0.0054,0.45,4
0.0096059617983178,0.0137515685485833,0.0,0.0,28.001241356568915,0.0054,0.45,4
0.0095911206784755,0.013743829273209,0.0063002209609977,-0.011919896745468,27.94504044415864,0.0054,0.45,4
0.0096437772644269,0.0136815864001122,0.0,0.0,27.788369035635576,0.0054,0.45,4
0.0096291297965932,0.0136733904769578,0.0069674261784132,-0.0122918187152166,27.72939869580804,0.0054,0.45,4
0.0096836378249503,0.0136127486622823,0.0,0.0,27.59447191902572,0.0054,0.45,4
0.0096692110976624,0.0136041086072793,0.0076743032776896,-0.0126520306702697,27.53324913262485,0.0054,0.45,4
0.0097255089008171,0.0135451150424387,0.0,0.0,27.37322517601677,0.0054,0.45,4
0.0097113163909945,0.0135360367603719,0.0084250093444243,-0.0130108061647889,27.30887096996693,0.0054,0.45,4
0.0097693545262434,0.0134787436868136,0.0,0.0,27.15541635374237,0.0054,0.45,4
0.0097554236435088,0.0134692430976639,0.0092110847745359,-0.0133435634980483,27.08605890290121,0.0054,0.45,4
0.0103699169064847,0.0128475992222088,0.0,0.0,23.43765770756062,0.0054,0.45,4
0.0103596930977906,0.0128340994602588,0.0211654942514628,-0.0158653220598688,23.341504556155485,0.0054,0.45,4
0.0098151367148229,0.0134136922035476,0.0,0.0,26.957627526651887,0.0054,0.45,4
0.0098014803058722,0.0134037770434013,0.0100583479432588,-0.0136845343569907,26.884810646709457,0.0054,0.45,4
0.0103072174195156,0.0128965535102578,0.0,0.0,23.95155989517955,0.0054,0.45,4
0.0102965972914426,0.012883356970212,0.0198878429698726,-0.0158350661368658,23.85572806704993,0.0054,0.45,4
0.0102459876327424,0.0129473332916648,0.0,0.0,24.39743286598741,0.0054,0.45,4
0.0102349822818831,0.0129344540664022,0.0186269647136879,-0.0157454199487438,24.301644096505136,0.0054,0.45,4
0.0098628155599616,0.0133500173730436,0.0,0.0,26.719623177262523,0.0054,0.45,4
0.0098494463823973,0.0133396958914109,0.0109582633393928,-0.0140254158486439,26.64440850835976,0.0054,0.45,4
0.0099123493755548,0.0132877748774609,0.0,0.0,26.4597258087405,0.0054,0.45,4
0.0098992803457935,0.0132770560731505,0.0119042156581925,-0.0143452448407843,26.380886839437856,0.0054,0.45,4
0.0101862808541597,0.0129998942877906,0.0,0.0,24.81980902369074,0.0054,0.45,4
0.0101749017972918,0.0129873458627317,0.0174000516182851,-0.0156059445326223,24.725906598644933,0.0054,0.45,4
0.009963694874163,0.0132270190541096,0.0,0.0,26.186365295099566,0.0054,0.45,4
0.0099509390096165,0.0132159127117916,0.0129033588216873,-0.0146481863473799,26.103151725504343,0.0054,0.45,4
0.010016807379445,0.0131678026771724,0.0,0.0,25.896230985607183,0.0054,0.45,4
0.0100043776725129,0.0131563193373844,0.0139571952549926,-0.0149330516264927,25.80940786955397,0.0054,0.45,4
0.0100716410691552,0.0131101767718034,0.0,0.0,25.580545464859075,0.0054,0.45,4
0.0100595503770509,0.0130983276955894,0.0150662452314993,-0.0151984955760046,25.492235187481665,0.0054,0.45,4
0.0101281487073389,0.0130541909810664,0.0,0.0,25.20315075210423,0.0054,0.45,4
0.0101164077933414,0.0130419861786599,0.0162127162062404,-0.0154248048546933,25.11231476250671,0.0054,0.45,4
0.0119199906893781,0.00569881427857,0.0,0.0,14.49671901935765,0.0054,0.45,4
0.012,0.0057,0.0,0.0,140.68420721651637,0.0054,0.45,4
0.0119195414895598,0.0057139663584917,0.0237284053501061,0.0006422869000811,17.9802096741478,0.0054,0.45,4
0.012,0.00571515873697,0.1103352024386455,-0.0188997311032005,113.88536681384016,0.0054,0.45,4
0.0118400518061271,0.0056952581648659,0.0,0.0,34.58235466073398,0.0054,0.45,4
0.0118391326449379,0.0057107467657517,0.0373570603953537,0.0023432142984416,33.433601977480045,0.0054,0.45,4
0.0117602526460437,0.005689334714436,0.0,0.0,15.831769762341054,0.0054,0.45,4
0.0117588452095821,0.0057051224341551,0.0309675439363734,0.0025210534951951,16.035033705755474,0.0054,0.45,4
0.011680663133277,0.0056810490419892,0.0,0.0,17.72274844820003,0.0054,0.45,4
0.0116787560866911,0.0056970599806429,0.0343166955325908,0.0042939760536855,17.74173816618778,0.0054,0.45,4
0.0116013535102921,0.0056704083912846,0.0,0.0,13.366426972696411,0.0054,0.45,4
0.011598941558415,0.0056865653037845,0.0343151442920973,0.0051683383006894,13.43913408044716,0.0054,0.45,4
0.0115223940230696,0.0056574221589353,0.0,0.0,13.281726091637692,0.0054,0.45,4
0.0115194761523575,0.0056736573340131,0.0357263186063354,0.0065417397748959,13.351325205360975,0.0054,0.45,4
0.0114438546073216,0.0056421018720334,0.0,0.0,12.435952349340123,0.0054,0.45,4
0.0114404327908232,0.0056583580376792,0.0362428905335607,0.0076963882716682,12.49267149516414,0.0054,0.45,4
0.0113658045814449,0.0056244611201318,0.0,0.0,12.60777022536643,0.0054,0.45,4
0.0113618830238378,0.005640689523051,0.0367915173617951,0.0089576658464433,12.658523044909888,0.0054,0.45,4
0.0112883123518018,0.0056045154427267,0.0,0.0,12.79758120133295,0.0054,0.45,4
0.011283896839822,0.0056206745946644,0.0369768180317739,0.0101466712877504,12.83523036981837,0.0054,0.45,4
0.011211445135728,0.0055822821739757,0.0,0.0,13.30590058038938,0.0054,0.45,4
0.0112065422773704,0.0055983375706685,0.0370081183255412,0.0113306118965744,13.332029133770968,0.0054,0.45,4
0.0111352699340471,0.0055577806616356,0.0,0.0,13.974593815357125,0.0054,0.45,4
0.0111298864348174,0.0055737044862583,0.0368020747220565,0.0124480613378645,13.989727146014108,0.0054,0.45,4
0.0110598541778548,0.0055310325626319,0.0,0.0,14.72392835359183,0.0054,0.45,4
0.01105399639868,0.0055468027006743,0.0364070847102815,0.0135130239710144,14.728726659556004,0.0054,0.45,4
0.01098526407913,0.0055020613523445,0.0,0.0,15.54689970473232,0.0054,0.45,4
0.0109789379805399,0.0055176597820873,0.0358528087535057,0.0145142930873557,15.540644629218866,0.0054,0.45,4
0.0109115652900044,0.0054708925274234,0.0,0.0,16.420846115807517,0.0054,0.45,4
0.0109047766526157,0.0054863036437399,0.0351752846980114,0.0154540581431404,16.404698676488767,0.0054,0.45,4
0.01083882261525,0.0054375535032374,0.0,0.0,17.38264406231517,0.0054,0.45,4
0.0108315773531222,0.0054527628195184,0.0343565851022609,0.0163069779495173,17.358790765897545,0.0054,0.45,4
0.0026362370475488,0.0125833131484295,0.0,0.0,14.095788941005145,0.0054,0.45,4
0.0026501950002966,0.0125864015874496,0.0013657308924918,-0.0059438248417647,14.116990379474846,0.0054,0.45,4
0.0026193847503923,0.0126548461875981,0.0,0.0,13.842257802710954,0.0054,0.45,4
0.0026332534761234,0.0126583133690308,0.0016239584283367,-0.0063885716450883,13.932262461106015,0.0054,0.45,4
0.0107670998358734,0.0054020735178792,0.0,0.0,18.28116861008846,0.0054,0.45,4
0.01075940426248,0.0054170668916609,0.0334288564596095,0.0170885855210346,18.24952595541168,0.0054,0.45,4
0.002651136223674,0.0125113479476081,0.0,0.0,13.759667673635668,0.0054,0.45,4
0.0026654153512307,0.0125141020884565,0.0011551669558036,-0.0057404854131854,13.801457127159695,0.0054,0.45,4
0.0106964599312154,0.0053644837256942,0.0,0.0,19.251268552061937,0.0054,0.45,4
0.0106883209201107,0.0053792470300071,0.032410569583858,0.0177822244044318,19.212110829755098,0.0054,0.45,4
0.0026640712404719,0.0124390039016801,0.0,0.0,13.680086726193696,0.0054,0.45,4
0.0026787174745672,0.0124414174084278,0.0009485305576238,-0.0054403164405733,13.719074974473976,0.0054,0.45,4
0.0026750325145331,0.0123663346095998,0.0,0.0,13.523570815115615,0.0054,0.45,4
0.0026900568035332,0.012368392123672,0.0007598850034394,-0.0051893685787041,13.562431645074549,0.0054,0.45,4
0.0026840119251488,0.0122933939086937,0.0,0.0,13.350884401022643,0.0054,0.45,4
0.0026994007489664,0.0122950760872009,0.0005906109993493,-0.0048872107649168,13.392820344873844,0.0054,0.45,4
0.0106269648396182,0.005324817078472,0.0,0.0,20.164532266370703,0.0054,0.45,4
0.0106183899094756,0.0053393361122832,0.0313034279041194,0.0183927425786051,20.118201254079747,0.0054,0.45,4
0.0105586756981332,0.0052831084636626,0.0,0.0,21.1357129425828,0.0054,0.45,4
0.0105496730924118,0.0052973689085886,0.0301317962389493,0.0189123506168238,21.084837224010283,0.0054,0.45,4
0.0026910028194898,0.0122202358406298,0.0,0.0,13.15919742140612,0.0054,0.45,4
0.0027067131045498,0.0122215215947019,0.0004317883843116,-0.0045223364015712,13.20488751231314,0.0054,0.45,4
0.0104916526132586,0.0052393945969637,0.0,0.0,22.03499984437574,0.0054,0.45,4
0.0104822311445327,0.0052533823471565,0.0288849475078222,0.019335022459194,21.97828227144792,0.0054,0.45,4
0.0104259544047735,0.0051937138519296,0.0,0.0,22.93990725964608,0.0054,0.45,4
0.0104161228475191,0.0052074158840975,0.0275944863119942,0.0196674244260216,22.877230398735104,0.0054,0.45,4
0.0026960000183534,0.0121469146045769,0.0,0.0,12.960802045103884,0.0054,0.45,4
0.0027119760678578,0.0121477851961875,0.0002899048306536,-0.0040962588593313,13.009183986505676,0.0054,0.45,4
0.0026989998193313,0.0120734845238748,0.0,0.0,12.760177384487813,0.0054,0.45,4
0.002715194673404,0.0120739254543005,0.0001710383658713,-0.0036146342989685,12.811261595139094,0.0054,0.45,4
0.0103616387273635,0.0051461063208343,0.0,0.0,23.81201654459563,0.0054,0.45,4
0.0103514052210907,0.0051595112959384,0.0262696521898616,0.0199124734208829,23.74456976965197,0.0054,0.45,4
0.0027,0.012,0.0,0.0,12.558192405684022,0.0054,0.45,4
0.0027163558221188,0.0119999901138052,7.543404456591069e-05,-0.003076654376679,12.61265775387806,0.0054,0.45,4
0.0102987619839719,0.0050966137490775,0.0,0.0,24.68733655733883,0.0054,0.45,4
0.0102881341521774,0.0051097115387915,0.0249213110564256,0.0200668594578813,24.616727626690537,0.0054,0.45,4
0.0102373793973708,0.0050452795924242,0.0,0.0,25.49903929932171,0.0054,0.45,4
0.0102263652321802,0.0050580600214472,0.0235475027716698,0.0201274520326177,25.42414131955688,0.0054,0.45,4
0.0026988142614054,0.0119199901103943,0.0,0.0,12.353590424164944,0.0054,0.45,4
0.0027153178138576,0.0119195008408242,1.035588751278828e-05,-0.0024397494080393,12.410841711635207,0.0054,0.45,4
0.0101775450088849,0.0049921490419543,0.0,0.0,26.29160351753838,0.0054,0.45,4
0.0101661538182262,0.0050046008996254,0.022163038387232,0.0200980600134258,26.212101169257604,0.0054,0.45,4
0.0026952580830121,0.0118400504268292,0.0,0.0,12.146283525433716,0.0054,0.45,4
0.0027118478487719,0.0118390659102792,-1.7300138983011403e-05,-0.0017560884306382,12.20651338889754,0.0054,0.45,4
0.0101193114359671,0.0049372688314005,0.0,0.0,27.049879704296,0.0054,0.45,4
0.0101075541733333,0.0049493798097399,0.0207763022398152,0.019982637627897,26.96722380481864,0.0054,0.45,4
0.0026893345832392,0.0117602511743652,0.0,0.0,11.938068502601418,0.0054,0.45,4
0.0027059677102077,0.0117587683643036,1.901892342266524e-06,-0.001026329441981,12.001537992695978,0.0054,0.45,4
0.0100627297213133,0.0048806870732042,0.0,0.0,27.796017927089565,0.0054,0.45,4
0.0100506186607735,0.0048924443975338,0.0193902316565752,0.0197733603513588,27.71096179448823,0.0054,0.45,4
0.0026810489744359,0.0116806625661218,0.0,0.0,11.74393309004615,0.0054,0.45,4
0.0026976876818307,0.0116786807441066,7.005057440592148e-05,-0.0002471122674698,11.81114559770845,0.0054,0.45,4
0.0100078495555714,0.0048224534580513,0.0,0.0,28.479740231161497,0.0054,0.45,4
0.0099953976865441,0.004833844641497,0.0180036496406049,0.019467666776837,28.391295864162323,0.0054,0.45,4
0.009954719051145,0.0047626190286761,0.0,0.0,29.13707409612918,0.0054,0.45,4
0.0099419394713651,0.0047736324448509,0.0166308652186442,0.0190723299943421,29.045107184214228,0.0054,0.45,4
0.0026704085386127,0.0116013544971985,0.0,0.0,11.56257652334218,0.0054,0.45,4
0.0026870207467104,0.0115988745837692,0.0001891813014972,0.0005680667247891,11.632398581858894,0.0054,0.45,4
0.0099033849417296,0.0047012364025714,0.0,0.0,29.752981024532104,0.0054,0.45,4
0.0098902904140016,0.0047118615708078,0.0152808485489481,0.0185949470401065,29.65863049323694,0.0054,0.45,4
0.0026574226186592,0.0115223965810022,0.0,0.0,11.39505549311614,0.0054,0.45,4
0.0026739812984527,0.0115194205837333,0.0003627787452158,0.0014100229863116,11.46741633030362,0.0054,0.45,4
0.0098538924183623,0.0046383596210958,0.0,0.0,30.338131773746685,0.0054,0.45,4
0.0098404952176703,0.0046485871759781,0.0139636398047808,0.0180405633242521,30.24216589978932,0.0054,0.45,4
0.0098062849367608,0.0045740439070489,0.0,0.0,30.876716162276765,0.0054,0.45,4
0.0097925968004425,0.0045838654777202,0.0126809839775159,0.0174073284801825,30.778645863810347,0.0054,0.45,4
0.0097606042422855,0.0045083456634109,0.0,0.0,31.375129104614786,0.0054,0.45,4
0.0097466362015369,0.0045177538411874,0.0114358825979703,0.0166956683732715,31.274468777555867,0.0054,0.45,4
0.0097168904271623,0.004441322544893,0.0,0.0,31.822722836350025,0.0054,0.45,4
0.0097026527068009,0.0044503107892944,0.0102378128644743,0.0159199683389781,31.720638572352613,0.0054,0.45,4
0.0026421026007091,0.0114438580690812,0.0,0.0,11.242509938235305,0.0054,0.45,4
0.0026585846427742,0.0114403887280405,0.0005947252001166,0.0022790276069107,11.317765216209606,0.0054,0.45,4
0.0096751818649043,0.0043730333713097,0.0,0.0,32.23842678676581,0.0054,0.45,4
0.0096606841967074,0.0043815956678888,0.0090969039428259,0.0150885179362286,32.13563068965986,0.0054,0.45,4
0.0026244619377973,0.0113658079651613,0.0,0.0,11.113807210047655,0.0054,0.45,4
0.002640847215821,0.0113618485202333,0.0008861666789073,0.0031705903834361,11.191782975894728,0.0054,0.45,4
0.0093806152496076,0.0023451538124019,0.0,0.0,30.2879618501314,0.0054,0.45,4
0.0093637629524511,0.0024166868515704,0.0,0.0,30.03279028307291,0.0054,0.45,4
0.0093666594787419,0.0023416648696854,0.0019746835996423,-0.007761562843663,30.180469281035087,0.0054,0.45,4
0.0093497173945476,0.0024135790283909,0.0016568495319089,-0.0072204512631471,30.00778919770969,0.0054,0.45,4
0.0096355152711637,0.0043035382491894,0.0,0.0,32.60520491477983,0.0054,0.45,4
0.0096207677267653,0.0043116685570534,0.0080104002495677,0.0141947934943018,32.50101086188605,0.0054,0.45,4
0.0095979255333412,0.0042328983156068,0.0,0.0,32.925451614727,0.0054,0.45,4
0.0095829394622072,0.0042405901262364,0.0069790830179351,0.0132403165359628,32.81987237854449,0.0054,0.45,4
0.0095624456031773,0.0041611755089263,0.0,0.0,33.19099657804859,0.0054,0.45,4
0.0095472341029506,0.0041684217970578,0.0060110124094549,0.0122430021547773,33.085729483285554,0.0054,0.45,4
0.0095291066349697,0.0040884328085138,0.0,0.0,33.42318854351472,0.0054,0.45,4
0.0095136844154299,0.0040952263227305,0.0051140454775818,0.0112095775277167,33.31828993099409,0.0054,0.45,4
0.0094979378667625,0.0040147339953995,0.0,0.0,33.600375224684576,0.0054,0.45,4
0.0094823207228046,0.004021067669731,0.004282938935406,0.0101316296132702,33.49498885888439,0.0054,0.45,4
0.0094689667138766,0.0039401438743808,0.0,0.0,33.735123854948,0.0054,0.45,4
0.0094531708137502,0.0039460112089856,0.0035211797926444,0.009021017569781,33.630194627186135,0.0054,0.45,4
0.0094422186729105,0.0038647280976079,0.0,0.0,33.82077394610351,0.0054,0.45,4
0.0094262597066298,0.0038701234637786,0.0028344176477688,0.0078968381034261,33.71789212560768,0.0054,0.45,4
0.0094177172182632,0.003788552874033,0.0,0.0,33.86768889541498,0.0054,0.45,4
0.0094016095601005,0.0037934716769654,0.0022271588288567,0.0067680903227016,33.76637657632715,0.0054,0.45,4
0.00260451615521,0.0112883149592341,0.0,0.0,10.998577435638062,0.0054,0.45,4
0.0026207868237929,0.0112838689929251,0.0012399054705067,0.0040786587841804,11.07872617821463,0.0054,0.45,4
0.0093488637763259,0.0024886520523918,0.0,0.0,30.516338049812607,0.0054,0.45,4
0.0093345307752487,0.002485887520484,0.0014031012872714,-0.0069890029453288,30.468637463794543,0.0054,0.45,4
0.009335928759528,0.0025609960983198,0.0,0.0,30.694548720356053,0.0054,0.45,4
0.0093249674854668,0.0026336653904001,0.0,0.0,30.972710701198345,0.0054,0.45,4
0.0093212517610446,0.0025585775220055,0.0011547750736454,-0.0066208934110726,30.646753096617125,0.0054,0.45,4
0.0093099250178773,0.0026316053868455,0.0009252613857459,-0.0062963726157303,30.92357686767762,0.0054,0.45,4
0.0093954838447899,0.0037116850407658,0.0,0.0,33.87027671907862,0.0054,0.45,4
0.009379240464311,0.0037161235505901,0.0016948813029365,0.0056285898945222,33.76981292861525,0.0054,0.45,4
0.0093755380622026,0.0036341920348386,0.0,0.0,33.83427862987652,0.0054,0.45,4
0.0093591718349563,0.0036381468762132,0.0012366260698608,0.0044885739621399,33.73586118624804,0.0054,0.45,4
0.0093578973992908,0.0035561419309187,0.0,0.0,33.75546556236223,0.0054,0.45,4
0.0093414229384664,0.0035596096761675,0.0008537383629442,0.0033650284943835,33.66059887731689,0.0054,0.45,4
0.0093159880748511,0.0027066060913062,0.0,0.0,31.25018284149818,0.0054,0.45,4
0.009300589877038,0.0027049228881116,0.0007171164058785,-0.0058920886019327,31.19579544586464,0.0054,0.45,4
0.0025822827817367,0.0112114471259669,0.0,0.0,10.912547815288892,0.0054,0.45,4
0.0025984220409611,0.0112065186730039,0.0016556541063638,0.0049979081740081,10.994511622411595,0.0054,0.45,4
0.0093089971805101,0.0027797641593701,0.0,0.0,31.54375932200605,0.0054,0.45,4
0.0092932788344867,0.0027784777455762,0.0005230748521244,-0.005408881815535,31.48494469178048,0.0054,0.45,4
0.0093425773813407,0.0034776034189977,0.0,0.0,33.6382263053465,0.0054,0.45,4
0.0093260123651932,0.0034805805550635,0.0005471919471527,0.0022657021431903,33.54572694246866,0.0054,0.45,4
0.0093039999816465,0.002853085395423,0.0,0.0,31.821701122002587,0.0054,0.45,4
0.0092880079389303,0.0028522139322855,0.0003512674439489,-0.004845289991961,31.7590125608534,0.0054,0.45,4
0.0093295914613872,0.0033986455028014,0.0,0.0,33.49174789298603,0.0054,0.45,4
0.0093129583411489,0.0034011285380492,0.0003119393988181,0.001183173110451,33.40182846381901,0.0054,0.45,4
0.0093010001806686,0.0029265154761251,0.0,0.0,32.07984789258767,0.0054,0.45,4
0.0092847807602787,0.0029260738768427,0.0002082696100297,-0.0042170530094992,32.014154739472794,0.0054,0.45,4
0.0093,0.003,0.0,0.0,32.34040877996918,0.0054,0.45,4
0.0092836237508434,0.0030000098985417,9.704671451521213e-05,-0.0035216188774555,32.270861878572816,0.0054,0.45,4
0.0093011857385945,0.0030800098896056,0.0,0.0,32.59388580608246,0.0054,0.45,4
0.0092846659146929,0.0030804996415643,2.5379515536983107e-05,-0.0027027512324306,32.52087065779432,0.0054,0.45,4
0.0093047419169878,0.0031599495731707,0.0,0.0,32.860018141688,0.0054,0.45,4
0.0092881469983672,0.0031609343955163,5.3140384812981205e-06,-0.0018185657636168,32.7825626457386,0.0054,0.45,4
0.009318951025564,0.003319337433878,0.0,0.0,33.30772911049659,0.0054,0.45,4
0.009302284830462,0.0033213225299303,0.0001437829579309,0.0001308714428402,33.221755993590065,0.0054,0.45,4
0.0093106654167607,0.0032397488256347,0.0,0.0,33.08775975922776,0.0054,0.45,4
0.0092940103198762,0.0032412335942705,4.303904568188135e-05,-0.0008695237911734,33.00564235418142,0.0054,0.45,4
0.0025577813270894,0.011135271902392,0.0,0.0,10.846565732586548,0.0054,0.45,4
0.0025737718684934,0.0111298658613851,0.0021338150329356,0.0059149227798837,10.930322255786736,0.0054,0.45,4
0.0025310332861233,0.0110598561256191,0.0,0.0,10.807725776311496,0.0054,0.45,4
0.002546857167369,0.0110539783975205,0.0026792318683285,0.006836211038253,10.8940753189901,0.0054,0.45,4
0.0025020621332374,0.0109852660046004,0.0,0.0,10.794944757397754,0.0054,0.45,4
0.0025177023299326,0.0109789229810223,0.0032892987165891,0.0077553166505535,10.88226291247857,0.0054,0.45,4
0.0024708933650302,0.0109115671914861,0.0,0.0,10.80970879334456,0.0054,0.45,4
0.0024863351070104,0.0109047650776009,0.0039605837224737,0.0086562653220955,10.89760871957836,0.0054,0.45,4
0.0024375543968226,0.0108388244910736,0.0,0.0,10.861532495333302,0.0054,0.45,4
0.0024527850243834,0.0108315690912719,0.0046938557969976,0.0095356314908491,10.9509375316219,0.0054,0.45,4
0.0024020744666587,0.0107671016843931,0.0,0.0,10.926999703939916,0.0054,0.45,4
0.0024170821300412,0.0107593987912399,0.0054936526465143,0.0103970489220489,11.01784061054118,0.0054,0.45,4
0.0023644847288362,0.0106964617508105,0.0,0.0,11.029670748681427,0.0054,0.45,4
0.0023792569664239,0.0106883178296136,0.0063570659416289,0.0112388851484841,11.120768031886904,0.0054,0.45,4
0.0023248181350956,0.0106269666286902,0.0,0.0,11.158742764225472,0.0054,0.45,4
0.0023393412685428,0.0106183892923804,0.0072771510892543,0.0120430342114035,11.249821529528878,0.0054,0.45,4
0.0022831095728376,0.0105586774551069,0.0,0.0,11.325431307443552,0.0054,0.45,4
0.0022973692315475,0.0105496753610699,0.0082530165596171,0.0128058875580693,11.41724717497562,0.0054,0.45,4
0.0022393957577144,0.010491654336589,0.0,0.0,11.519218992017215,0.0054,0.45,4
0.0022533781491766,0.0104822364928854,0.0092866916336613,0.0135288483157993,11.6121053680061,0.0054,0.45,4
0.0021937150632391,0.010425956092951,0.0,0.0,11.737121012605272,0.0054,0.45,4
0.0022074081402161,0.010416130977237,0.0103782348684805,0.0142146589314832,11.829350613506254,0.0054,0.45,4
0.0021461075816376,0.0103616403789041,0.0,0.0,11.993315823106386,0.0054,0.45,4
0.0021595012595867,0.0103514155133184,0.0115187809786522,0.0148492202631963,12.085538989300211,0.0054,0.45,4
0.0020966150582703,0.0102987635974285,0.0,0.0,12.287986029730476,0.0054,0.45,4
0.0021097004002806,0.0102881458826718,0.0127106548773354,0.0154333292555718,12.380827840960244,0.0054,0.45,4
0.0020452809488549,0.0102373809713238,0.0,0.0,12.608671737208471,0.0054,0.45,4
0.0020580490959732,0.0102263774077938,0.0139546238852919,0.0159669922515841,12.702003057775256,0.0054,0.45,4
0.0019921504444285,0.0101775465419486,0.0,0.0,12.954972308793616,0.0054,0.45,4
0.0020045920743579,0.0101661647254054,0.0152531743616436,0.0164539872077187,13.047267446961742,0.0054,0.45,4
0.0019372702786866,0.0101193129267957,0.0,0.0,13.341758002114425,0.0054,0.45,4
0.0019493755723319,0.0101075612009228,0.0165941274571309,0.0168815342268261,13.433679703328202,0.0054,0.45,4
0.0018806885640328,0.0100627311685994,0.0,0.0,13.787593058244008,0.0054,0.45,4
0.0018924470638872,0.0100506189158178,0.0179670930895314,0.0172376202244304,13.880183038360853,0.0054,0.45,4
0.0018224549911151,0.0100078509580456,0.0,0.0,14.22863836650335,0.0054,0.45,4
0.001833855263498,0.0099953891730243,0.0193850449619008,0.017531673434525,14.320564587953802,0.0054,0.45,4
0.0017626206026291,0.0099547204075757,0.0,0.0,14.73728445539193,0.0054,0.45,4
0.0017736503266046,0.0099419219247155,0.0208311427676759,0.0177574384827684,14.82845472211091,0.0054,0.45,4
0.001701238016028,0.0099033862509224,0.0,0.0,15.252720061491344,0.0054,0.45,4
0.0017118847813393,0.0098902651274536,0.0223041365529695,0.0179063692277462,15.34317516445119,0.0054,0.45,4
0.0016383612726364,0.0098538936791656,0.0,0.0,15.85211452094757,0.0054,0.45,4
0.0016486135531167,0.0098404641115341,0.0237915565322462,0.0179792022307173,15.941945616148624,0.0054,0.45,4
0.0015740455952264,0.0098062861480703,0.0,0.0,16.463495236081656,0.0054,0.45,4
0.0015838932172184,0.0097925617268195,0.0252891153614608,0.0179652204334304,16.553142802836717,0.0054,0.45,4
0.0015083473867413,0.0097606054030362,0.0,0.0,17.109406409118623,0.0054,0.45,4
0.0015177814305808,0.0097465989829786,0.0268141898811297,0.0178846086965772,17.19667673484157,0.0054,0.45,4
0.0014413243018667,0.0097168915363372,0.0,0.0,17.808574386096154,0.0054,0.45,4
0.0014503367837507,0.0097026154472215,0.0283401382891488,0.0177215144671241,17.8945456043175,0.0054,0.45,4
0.0013730351603817,0.0096751829215279,0.0,0.0,18.57197754194823,0.0054,0.45,4
0.0013816186962684,0.0096606493165089,0.0298625394458437,0.0174728000470779,18.65753502870876,0.0054,0.45,4
0.0013035400687845,0.0096355162743057,0.0,0.0,19.355414198290703,0.0054,0.45,4
0.0013116876212787,0.0096207374768166,0.0313870670245263,0.0171435704140283,19.43886428496177,0.0054,0.45,4
0.0012329001641265,0.0095979264821207,0.0,0.0,20.19591825952212,0.0054,0.45,4
0.0012406050663923,0.0095829149327902,0.0329045955624283,0.0167348070289501,20.27619853449797,0.0054,0.45,4
0.0011611773847499,0.0095624464967625,0.0,0.0,21.06794041117847,0.0054,0.45,4
0.0011684336078106,0.0095472141711972,0.034409438757473,0.016242711145424,21.145401484870973,0.0054,0.45,4
0.0010884347099955,0.0095291074725765,0.0,0.0,22.0437003986422,0.0054,0.45,4
0.0010952368709099,0.0095136656560449,0.0358771789457585,0.0156649421242671,22.11906661307928,0.0054,0.45,4
0.0010147359208699,0.0094979386476554,0.0,0.0,23.01098689263465,0.0054,0.45,4
0.0010210788208831,0.0094822987901962,0.0373102888863297,0.0149964444635735,23.0827011777711,0.0054,0.45,4
0.0009401458221451,0.009468967437368,0.0,0.0,24.043513730771977,0.0054,0.45,4
0.0009460239139242,0.0094531426143392,0.0387160580976842,0.0142530400307543,24.110983920725424,0.0054,0.45,4
0.0008647300659529,0.0094422193383643,0.0,0.0,25.129442946068984,0.0054,0.45,4
0.0008701368427334,0.0094262266611938,0.0400519289813873,0.0134199663432096,25.193627290325367,0.0054,0.45,4
0.0007885548642719,0.0094177178260242,0.0,0.0,26.271495025016986,0.0054,0.45,4
0.0007934822667808,0.0094015820545668,0.0413034454567869,0.0125000088012781,26.33146359469501,0.0054,0.45,4
0.0007116876481981,0.0093954845572732,0.0,0.0,27.477295059639,0.0054,0.45,4
0.0007161269585302,0.0093792383121075,0.0424172233076057,0.0114884064298767,27.53128625805219,0.0054,0.45,4
0.000634195418555,0.0093755388798681,0.0,0.0,28.670900716936853,0.0054,0.45,4
0.0006381404349977,0.0093592133983199,0.0434124710851452,0.0103948548144731,28.717513003086623,0.0054,0.45,4
0.0005561453926783,0.0093578981279665,0.0,0.0,29.96240337215332,0.0054,0.45,4
0.0005595918474802,0.0093415249121098,0.0442778224023176,0.0092327458250693,30.00535362575073,0.0054,0.45,4
0.0004776059769303,0.0093425778410646,0.0,0.0,31.296065185474287,0.0054,0.45,4
0.0004805451016227,0.0093262244078026,0.0448965395818575,0.007994058641943,31.333369023321826,0.0054,0.45,4
0.0003986464897078,0.0093295916087153,0.0,0.0,32.70677329940716,0.0054,0.45,4
0.0004010824989296,0.0093132735435747,0.0453740111291981,0.0067055814641199,32.7353452421803,0.0054,0.45,4
0.0003193368667229,0.0093189509580107,0.0,0.0,34.065967114177965,0.0054,0.45,4
0.000321242668548,0.0093029504699612,0.0450107166161026,0.0053134191052015,34.08428704123396,0.0054,0.45,4
0.0002397473539562,0.0093106652855639,0.0,0.0,35.692701186656755,0.0054,0.45,4
0.0002411278786238,0.009295179445093,0.0438470420857893,0.0038554893142377,35.701651358570686,0.0054,0.45,4
0.0001599481938728,0.009304741835134,0.0,0.0,36.66276372251341,0.0054,0.45,4
0.0001608413720839,0.0092896910682003,0.0431301157867227,0.0025544516307675,36.679555443120925,0.0054,0.45,4
8.000931062182447e-05,0.0093011857214299,0.0,0.0,39.38601693866392,0.0054,0.45,4
8.044913173478493e-05,0.0092863499971411,0.0421609783189703,0.001202820438717,39.30628769534196,0.0054,0.45,4
0.0,0.0093,0.0,0.0,37.55393136197944,0.0054,0.45,4
0.0,0.0092851577576533,0.0432768956511321,8.757214046333471e-05,37.91317755947645,0.0054,0.45,4
0.0026138087323027,0.0007359055466546,0.0020503449790068,-0.0070956628493604,14.15257512477923,0.0054,0.45,4
0.0026341644670025,0.0006585411167506,0.0017536228470579,-0.0067862135470312,14.561108068117798,0.0054,0.45,4
0.0026193847503923,0.0006548461875981,0.0,0.0,14.583494314293937,0.0054,0.45,4
0.0025989574165875,0.0007317242286304,0.0,0.0,14.098564239936495,0.0054,0.45,4
0.0025762742664544,0.0008079671428991,0.0,0.0,14.491201288960417,0.0054,0.45,4
0.0025912579632154,0.000812666307551,0.0024639369765914,-0.0076830448239572,14.52789361421193,0.0054,0.45,4
0.0025513547933458,0.0008835093199683,0.0,0.0,14.571894257865138,0.0054,0.45,4
0.0025664532703932,0.0008887377764642,0.002852028486002,-0.0080938981554747,14.61186957221236,0.0054,0.45,4
0.0025242205768858,0.0009582851763572,0.0,0.0,14.676220192122477,0.0054,0.45,4
0.0025393783942669,0.0009640396309328,0.0033101094686561,-0.008553904810791,14.721119307694964,0.0054,0.45,4
0.0024948952565948,0.0010322294602561,0.0,0.0,14.760695836897415,0.0054,0.45,4
0.00251004740617,0.0010384984585836,0.0037900661781385,-0.0090021502379795,14.807268525292343,0.0054,0.45,4
0.0024634044618303,0.001105277547693,0.0,0.0,14.843193590790946,0.0054,0.45,4
0.0024784897770387,0.0011120460089863,0.004301352221086,-0.0094284889314441,14.892214563873186,0.0054,0.45,4
0.0024297756995151,0.0011773657248475,0.0,0.0,14.90830549839913,0.0054,0.45,4
0.0024447416196115,0.0011846175707455,0.0048468716219463,-0.0098415653493131,14.960919791563088,0.0054,0.45,4
0.0023940382016822,0.0012484314514166,0.0,0.0,14.982187670460776,0.0054,0.45,4
0.0024088416603255,0.0012561510874111,0.0054278335085702,-0.0102478529775524,15.03826340965399,0.0054,0.45,4
0.002356222735573,0.0013184135998877,0.0,0.0,15.042400560134087,0.0054,0.45,4
0.0023708291316249,0.0013265865415158,0.006046046223557,-0.0106418128132196,15.10219572448581,0.0054,0.45,4
0.0023163621750496,0.0013872513377176,0.0,0.0,15.091745384579731,0.0054,0.45,4
0.0023307438358431,0.0013958644027468,0.006712873074489,-0.0110421260561657,15.154422649571588,0.0054,0.45,4
0.0022744910991828,0.0014548849575612,0.0,0.0,15.174250952283794,0.0054,0.45,4
0.0022886258974209,0.0014639263242374,0.0074195040273956,-0.0114328435564866,15.241698021316552,0.0054,0.45,4
0.0022306454737565,0.0015212563131863,0.0,0.0,15.221769198188838,0.0054,0.45,4
0.0022445154390438,0.0015307153578302,0.0081844469725023,-0.0118275825493999,15.293545073034606,0.0054,0.45,4
0.002184863285177,0.0015863077964523,0.0,0.0,15.307671372309873,0.0054,0.45,4
0.0021984532148461,0.0015961746896841,0.0090047437791024,-0.0122271021855753,15.384082368370526,0.0054,0.45,4
0.0021371844400383,0.0016499826269563,0.0,0.0,15.381024429646391,0.0054,0.45,4
0.0021504807795046,0.001660247874981,0.0098871669989819,-0.0126267219219496,15.46089917264492,0.0054,0.45,4
0.0020876506244451,0.001712225122539,0.0,0.0,15.510766221877024,0.0054,0.45,4
0.0021006406587704,0.0017228791372946,0.0108239524088811,-0.0130169221491959,15.595736735740404,0.0054,0.45,4
0.0020363051258369,0.0017729809458903,0.0,0.0,15.619401650800176,0.0054,0.45,4
0.0020489765120753,0.0017840137341967,0.0118259376319361,-0.0133967672972298,15.708609226127138,0.0054,0.45,4
0.0019831926205549,0.0018321973228275,0.0,0.0,15.783496522513309,0.0054,0.45,4
0.0019955333449097,0.0018435984549515,0.0128886704233929,-0.0137635385906484,15.877493729020358,0.0054,0.45,4
0.0019283589308447,0.0018898232281965,0.0,0.0,15.937212740692056,0.0054,0.45,4
0.001940357535864,0.0019015820575595,0.014022434284494,-0.0141165085430633,16.034127167154967,0.0054,0.45,4
0.0018718512926611,0.0019458090189335,0.0,0.0,16.184380132186558,0.0054,0.45,4
0.001883497086272,0.0019579149427073,0.0152072740843327,-0.0144392205517198,16.286333660904152,0.0054,0.45,4
0.0018137191458402,0.0020001057122093,0.0,0.0,16.40273856339662,0.0054,0.45,4
0.0018250021551031,0.002012548219336,0.0164596047786389,-0.014730241863938,16.50855748957525,0.0054,0.45,4
0.0017540123672575,0.0020526667083351,0.0,0.0,16.706282489108943,0.0054,0.45,4
0.0017649230625364,0.0020654351610691,0.0177716798116663,-0.0149907650106147,16.815989623099387,0.0054,0.45,4
0.0016927825804843,0.0021034464897421,0.0,0.0,17.00805329399111,0.0054,0.45,4
0.0017033117164679,0.002116529963284,0.0191472130430463,-0.0152111996755042,17.119416274861727,0.0054,0.45,4
0.0016300830935152,0.0021524007777911,0.0,0.0,17.427718292127004,0.0054,0.45,4
0.0016402218628297,0.0021657882517068,0.0205622577455274,-0.0153784971915339,17.543053272019094,0.0054,0.45,4
0.0015659687004833,0.0021994867649309,0.0,0.0,17.825471695645167,0.0054,0.45,4
0.0015757089408971,0.0022131674520312,0.0220298368488294,-0.0154875982324164,17.943146748935764,0.0054,0.45,4
0.0015004954524374,0.0022446633148903,0.0,0.0,18.32807083248749,0.0054,0.45,4
0.0015098295419447,0.0022586266262806,0.0235396432003587,-0.0155416304816348,18.447705892396986,0.0054,0.45,4
0.0014337204013713,0.0022878911273685,0.0,0.0,18.837628049356027,0.0054,0.45,4
0.0014426408865055,0.0023021261879738,0.025090471184786,-0.0155296814800627,18.956538152243443,0.0054,0.45,4
0.0013657013220638,0.0023291328641606,0.0,0.0,19.48514082555729,0.0054,0.45,4
0.0013742007164236,0.0023436281419428,0.0266478048542901,-0.0154391745999684,19.605998535159934,0.0054,0.45,4
0.0012964965878109,0.0023683531404321,0.0,0.0,20.1015597995877,0.0054,0.45,4
0.0013045675686557,0.0023830966670017,0.0282265154552595,-0.015265095105626,20.222453955912965,0.0054,0.45,4
0.0012261667285096,0.0024055176478038,0.0,0.0,20.8411125707359,0.0054,0.45,4
0.0012338024604575,0.0024204975756988,0.0298160809443677,-0.0150175687021493,20.961775263063068,0.0054,0.45,4
0.0011547723316388,0.0024405943665594,0.0,0.0,21.58677170704524,0.0054,0.45,4
0.0011619666101912,0.002455799370991,0.0314094950895664,-0.0146838740257211,21.704504794198947,0.0054,0.45,4
0.0010823750303686,0.0024735529696439,0.0,0.0,22.47697407352788,0.0054,0.45,4
0.0010891222531263,0.0024889724078963,0.0329784281478639,-0.014263049955899,22.59415710586136,0.0054,0.45,4
0.0010090377860722,0.0025043647390662,0.0,0.0,23.346638564339823,0.0054,0.45,4
0.001015332776435,0.0025199884871313,0.034527684553757,-0.0137469426572331,23.46112093303637,0.0054,0.45,4
0.0009348246394754,0.0025330027424836,0.0,0.0,24.330483197837445,0.0054,0.45,4
0.0009406621481684,0.0025488200661126,0.0360478687707377,-0.0131489491929573,24.441580813229407,0.0054,0.45,4
0.0008598004397614,0.0025594419711698,0.0,0.0,25.328206511520783,0.0054,0.45,4
0.0008651741233495,0.0025754382744521,0.0375122089629937,-0.0124524404412449,25.434203959719262,0.0054,0.45,4
0.0007840305565569,0.0025836594369972,0.0,0.0,26.430315392389907,0.0054,0.45,4
0.0007889317476644,0.0025998106018722,0.0389002085391646,-0.0116656263663605,26.531979956593386,0.0054,0.45,4
0.0007075805799788,0.0026056342266014,0.0,0.0,27.589824457980583,0.0054,0.45,4
0.00071199936632,0.0026219062136644,0.0401430874464238,-0.0107724012529652,27.68785242137457,0.0054,0.45,4
0.0006305161890702,0.0026253474694448,0.0,0.0,28.7618591733855,0.0054,0.45,4
0.0006344437679413,0.0026417011473437,0.0412554247630787,-0.0097858135481437,28.854721959018523,0.0054,0.45,4
0.0005529046623337,0.0026427819498342,0.0,0.0,30.03399980446803,0.0054,0.45,4
0.000556333362262,0.0026591705030596,0.0421897374516188,-0.0087171342652893,30.11811492644636,0.0054,0.45,4
0.0004748129467729,0.0026579226221951,0.0,0.0,31.350918814584382,0.0054,0.45,4
0.0004777402279914,0.0026743090522393,0.0429385465487104,-0.0075762599716203,31.42864447869889,0.0054,0.45,4
0.0003963085898423,0.0026707563538475,0.0,0.0,32.74846733039387,0.0054,0.45,4
0.0003987552284227,0.0026872444568729,0.0438535039990738,-0.0064248332200908,32.816748922394865,0.0054,0.45,4
0.0003174599257216,0.0026812719361453,0.0,0.0,34.093862182151604,0.0054,0.45,4
0.0003194143699061,0.0026977792039616,0.0444759086598035,-0.0052051744050205,34.147858476488445,0.0054,0.45,4
0.0002383357863269,0.0026894601787265,0.0,0.0,35.62789253500323,0.0054,0.45,4
0.0002397714370769,0.0027056605313153,0.0440203208530382,-0.0038326842555924,35.658789018238345,0.0054,0.45,4
0.000159005202457,0.0026953139604861,0.0,0.0,36.78748595855134,0.0054,0.45,4
0.0001599425466664,0.0027112029686452,0.0437060705229305,-0.0025715734326002,36.82216731784212,0.0054,0.45,4
0.0,0.0027157430285584,0.044051255740623,-8.35045309833371e-05,38.1647700092644,0.0054,0.45,4
8.00008615801331e-05,0.0027145644327063,0.0429681211690948,-0.0012114535592626,39.13223364653481,0.0054,0.45,4
7.953710047187001e-05,0.0026988282364108,0.0,0.0,39.19472942604728,0.0054,0.45,4
0.0,0.0027,0.0,0.0,37.805860347678966,0.0054,0.45,4
0.0026191810626963324,0.0006556604005221853,0.0,0.0,14.578359174347911,0.0054,0.45,4
0.0026150055263817118,0.0006721205970606072,0.0,0.0,14.474543381865525,0.0054,0.45,4
0.0026107265473451955,0.0006885542062808381,0.0,0.0,14.370888842137532,0.0054,0.45,4
0.002606344294851909,0.0007049605781126381,0.0,0.0,14.267399655464152,0.0054,0.45,4
0.0026018589422522036,0.0007213390635632074,0.0,0.0,14.164079915604667,0.0054,0.45,4
0.002597270666974798,0.0007376890147428577,0.0,0.0,14.129459050730526,0.0054,0.45,4
0.002592579650519762,0.0007540097848906411,0.0,0.0,14.213840169830108,0.0054,0.45,4
0.0025877860784513334,0.0007703007283999342,0.0,0.0,14.297842839774463,0.0054,0.45,4
0.002582890140390582,0.0007865612008439774,0.0,0.0,14.381463737639514,0.0054,0.45,4
0.0025778920300079046,0.0008027905590013651,0.0,0.0,14.464699555603078,0.0054,0.45,4
0.0025727919450153664,0.0008189881608814919,0.0,0.0,14.503267312372497,0.0054,0.45,4
0.0025675900871588784,0.0008351533657499459,0.0,0.0,14.52078498619016,0.0054,0.45,4
0.0025622866622102185,0.0008512855341538566,0.0,0.0,14.538051929359137,0.0054,0.45,4
0.002556881879958891,0.0008673840279471878,0.0,0.0,14.555067458844697,0.0054,0.45,4
0.0025513759542038265,0.0008834482103159832,0.0,0.0,14.571830901557368,0.0054,0.45,4
0.0025457691027449274,0.0008994774458035554,0.0,0.0,14.5945740574165,0.0054,0.45,4
0.00254006154737445,0.0009154711003356229,0.0,0.0,14.61707295659113,0.0054,0.45,4
0.0025342535138682316,0.0009314285412453942,0.0,0.0,14.639302856030714,0.0054,0.45,4
0.0025283452319767594,0.0009473491372985923,0.0,0.0,14.661262876379052,0.0054,0.45,4
0.0025223369354160836,0.0009632322587184255,0.0,0.0,14.68204393260402,0.0054,0.45,4
0.00251622886185857,0.0009790772772105007,0.0,0.0,14.700532083665884,0.0054,0.45,4
0.0025100212529234984,0.0009948835659876747,0.0,0.0,14.71872350191115,0.0054,0.45,4
0.002503714354167507,0.001010650499794851,0.0,0.0,14.736617467735295,0.0054,0.45,4
0.002497308415074878,0.0010263774549337111,0.0,0.0,14.75421327330022,0.0054,0.45,4
0.0024908036890476655,0.0010420638092873875,0.0,0.0,14.772129714931255,0.0054,0.45,4
0.0024842004333956768,0.0010577089423450727,0.0,0.0,14.79011130247289,0.0054,0.45,4
0.00247749890932629,0.0010733122352265649,0.0,0.0,14.807788381505647,0.0054,0.45,4
0.0024706993819341226,0.0010888730707067495,0.0,0.0,14.825160252770907,0.0054,0.45,4
0.0024638021201905456,0.001104390833240014,0.0,0.0,14.842226229083254,0.0054,0.45,4
0.0024568073969330434,0.0011198649089845987,0.0,0.0,14.856858174859964,0.0054,0.45,4
0.00244971548885442,0.0011352946858268786,0.0,0.0,14.87104407116065,0.0054,0.45,4
0.002442526676491855,0.0011506795534055754,0.0,0.0,14.884912207664655,0.0054,0.45,4
0.002435241244215806,0.0011660189031359027,0.0,0.0,14.89846203578507,0.0054,0.45,4
0.0024278594802187594,0.0011813121282336417,0.0,0.0,14.912573819912428,0.0054,0.45,4
0.002420381676503831,0.0011965586237391405,0.0,0.0,14.928883104393448,0.0054,0.45,4
0.002412808128873213,0.0012117577865412479,0.0,0.0,14.944853670476519,0.0054,0.45,4
0.0024051391369164766,0.001226909015401169,0.0,0.0,14.960484886408167,0.0054,0.45,4
0.0023973750039987174,0.0012420117109762496,0.0,0.0,14.97577613385872,0.0054,0.45,4
0.002389516037248556,0.0012570652758436842,0.0,0.0,14.989989307297886,0.0054,0.45,4
0.002381562547545991,0.0012720691145241482,0.0,0.0,15.003299779259319,0.0054,0.45,4
0.0023735148495100983,0.0012870226335053542,0.0,0.0,15.016250684000786,0.0054,0.45,4
0.002365373261486587,0.0013019252412655288,0.0,0.0,15.028841509218656,0.0054,0.45,4
0.002357138105535208,0.0013167763482968132,0.0,0.0,15.041071756853087,0.0054,0.45,4
0.002348809707417011,0.001331575367128581,0.0,0.0,15.052416253485811,0.0054,0.45,4
0.002340388396581461,0.001346321712350677,0.0,0.0,15.06331476629651,0.0054,0.45,4
0.0023318745061534038,0.0013610148006365764,0.0,0.0,15.073830888436131,0.0054,0.45,4
0.002323268372919891,0.0013756540507664577,0.0,0.0,15.083964203914617,0.0054,0.45,4
0.0023145703373168556,0.001390238883650194,0.0,0.0,15.09554258968403,0.0054,0.45,4
0.002305780743415646,0.001404768722350263,0.0,0.0,15.113811582554378,0.0054,0.45,4
0.002296899938909416,0.001419242992104566,0.0,0.0,15.131680369921707,0.0054,0.45,4
0.0022879282750993698,0.0014336611203491648,0.0,0.0,15.149148244943907,0.0054,0.45,4
0.002278866106880866,0.0014480225367409327,0.0,0.0,15.166214516637918,0.0054,0.45,4
0.002269713792729379,0.001462326673180113,0.0,0.0,15.179999616144777,0.0054,0.45,4
0.002260471694686319,0.001476572963832794,0.0,0.0,15.19071211562991,0.0054,0.45,4
0.0022511401783447097,0.0014907608451532894,0.0,0.0,15.200994640102518,0.0054,0.45,4
0.002241719612834726,0.0015048897559064337,0.0,0.0,15.210846782813052,0.0054,0.45,4
0.0022322103708090953,0.0015189591371897802,0.0,0.0,15.22026815403673,0.0054,0.45,4
0.0022226128284283525,0.0015329684324557112,0.0,0.0,15.237842314515465,0.0054,0.45,4
0.0022129273653459613,0.0015469170875334539,0.0,0.0,15.256641307987886,0.0054,0.45,4
0.0022031543646932974,0.001560804550651001,0.0,0.0,15.274982295656036,0.0054,0.45,4
0.0021932942130644924,0.001574630272456938,0.0,0.0,15.292864551998814,0.0054,0.45,4
0.0021833473005011387,0.0015883937060421735,0.0,0.0,15.310216695060026,0.0054,0.45,4
0.002173314020476864,0.0016020943069615752,0.0,0.0,15.326699027656074,0.0054,0.45,4
0.0021631947698817653,0.0016157315332555025,0.0,0.0,15.342694659080667,0.0054,0.45,4
0.0021529899490067075,0.0016293048454712506,0.0,0.0,15.358202956588809,0.0054,0.45,4
0.0021426999615274905,0.001642813706684386,0.0,0.0,15.37322330671315,0.0054,0.45,4
0.0021323252144888802,0.0016562575825199868,0.0,0.0,15.394470736219251,0.0054,0.45,4
0.0021218661182885084,0.0016696359411737813,0.0,0.0,15.42286859619944,0.0054,0.45,4
0.0021113230866606353,0.001682948253433185,0.0,0.0,15.450756937763874,0.0054,0.45,4
0.002100696536659787,0.0016961939926982343,0.0,0.0,15.478134657723313,0.0054,0.45,4
0.002089986888644255,0.0017093726350024174,0.0,0.0,15.505000673087359,0.0054,0.45,4
0.0020791945662594694,0.001722483659033402,0.0,0.0,15.52974924328398,0.0054,0.45,4
0.0020683199964212405,0.001735526546153656,0.0,0.0,15.553514782324271,0.0054,0.45,4
0.0020573636092988718,0.001748500780420964,0.0,0.0,15.576738444596716,0.0054,0.45,4
0.002046325838298141,0.0017614058486088353,0.0,0.0,15.599419311434474,0.0054,0.45,4
0.002035207120044158,0.0017742412402268091,0.0,0.0,15.62298360233932,0.0054,0.45,4
0.002024007894364093,0.0017870064475406437,0.0,0.0,15.6590491609542,0.0054,0.45,4
0.002012728604269778,0.0017997009655924044,0.0,0.0,15.694522102995776,0.0054,0.45,4
0.0020013696959401807,0.0018123242922204374,0.0,0.0,15.729401025248013,0.0054,0.45,4
0.001989931618703758,0.0018248759280792334,0.0,0.0,15.76368454799274,0.0054,0.45,4
0.0019784148250206776,0.0018373553766591814,0.0,0.0,15.797623971885791,0.0054,0.45,4
0.001966819770464925,0.0018497621443062085,0.0,0.0,15.831314035853799,0.0054,0.45,4
0.0019551469137062765,0.001862095740241307,0.0,0.0,15.86439215817852,0.0054,0.45,4
0.0019433967164921616,0.0018743556765799508,0.0,0.0,15.896857030376685,0.0054,0.45,4
0.0019315696436293913,0.001886541468351392,0.0,0.0,15.92870736822356,0.0054,0.45,4
0.0019196661629657763,0.0018986526335178465,0.0,0.0,15.976638027467594,0.0054,0.45,4
0.0019076867453716173,0.0019106886929935619,0.0,0.0,16.030118279153513,0.0054,0.45,4
0.0018956318647210808,0.0019226491706637687,0.0,0.0,16.082956398947807,0.0054,0.45,4
0.001883501997873452,0.0019345335934035147,0.0,0.0,16.13515029671381,0.0054,0.45,4
0.0018712976246542722,0.0019463414910963798,0.0,0.0,16.186558730520886,0.0054,0.45,4
0.0018590192278363589,0.0019580723966530727,0.0,0.0,16.23437291924737,0.0054,0.45,4
0.0018466672931207071,0.0019697258460299088,0.0,0.0,16.281520890986485,0.0054,0.45,4
0.0018342423091172785,0.001981301378247165,0.0,0.0,16.32800078068882,0.0054,0.45,4
0.00182174476732567,0.0019927985354073153,0.0,0.0,16.37381074973252,0.0054,0.45,4
0.0018091751621156747,0.0020042168627131454,0.0,0.0,16.426659226461187,0.0054,0.45,4
0.0017965339907077243,0.0020155559084857402,0.0,0.0,16.492481983794754,0.0054,0.45,4
0.0017838217531532198,0.002026815224182356,0.0,0.0,16.55761554084428,0.0054,0.45,4
0.0017710389523147528,0.002037994364414157,0.0,0.0,16.62205732109803,0.0054,0.45,4
0.0017581860938462104,0.0020490928869638402,0.0,0.0,16.685804775409128,0.0054,0.45,4
0.0017452636861727772,0.0020601103528031235,0.0,0.0,16.750807887733675,0.0054,0.45,4
0.0017322722404708186,0.0020710463261101163,0.0,0.0,16.816046707697353,0.0054,0.45,4
0.0017192122706476635,0.002081900374286557,0.0,0.0,16.880584889234544,0.0054,0.45,4
0.001706084293321275,0.002092672067974924,0.0,0.0,16.944419879384995,0.0054,0.45,4
0.001692888827799812,0.002103360981075426,0.0,0.0,17.007549153004852,0.0054,0.45,4
0.0016796263960610893,0.0021139666907628507,0.0,0.0,17.098245290945712,0.0054,0.45,4
0.001666297522731929,0.002124488777503293,0.0,0.0,17.188449898378984,0.0054,0.45,4
0.0016529027350674068,0.002134926825070753,0.0,0.0,17.277930449092082,0.0054,0.45,4
0.0016394425629299954,0.002145280420563598,0.0,0.0,17.36668340347042,0.0054,0.45,4
0.0016259175387686056,0.002155549154420896,0.0,0.0,17.454323450178062,0.0054,0.45,4
0.0016123281975975229,0.002165732620438618,0.0,0.0,17.540369019489034,0.0054,0.45,4
0.001598675076975243,0.0021758304157857068,0.0,0.0,17.62567661108756,0.0054,0.45,4
0.0015849587169832102,0.002185842141020009,0.0,0.0,17.710242850430298,0.0054,0.45,4
0.001571179660204451,0.0021957674001040787,0.0,0.0,17.794064392299845,0.0054,0.45,4
0.00155733845170211,0.0022056058004208444,0.0,0.0,17.893269508008594,0.0054,0.45,4
0.0015434356389978925,0.002215356952789136,0.0,0.0,18.001485500345062,0.0054,0.45,4
0.0015294717720504016,0.002225020471479084,0.0,0.0,18.108946144858507,0.0054,0.45,4
0.001515447403233386,0.002234595974227374,0.0,0.0,18.215647190689232,0.0054,0.45,4
0.0015013630873138885,0.0022440830822523725,0.0,0.0,18.321584417025285,0.0054,0.45,4
0.0014872193814303018,0.0022534814202691067,0.0,0.0,18.431513549744054,0.0054,0.45,4
0.0014730168450703283,0.0022627906165041114,0.0,0.0,18.54098932848219,0.0054,0.45,4
0.0014587560400488489,0.0022720103027101357,0.0,0.0,18.649695923109093,0.0054,0.45,4
0.0014444375304856997,0.002281140114180708,0.0,0.0,18.757629033478572,0.0054,0.45,4
0.0014300618827833556,0.002290179689764566,0.0,0.0,18.873185123454164,0.0054,0.45,4
0.001415629665604526,0.0022991286718799402,0.0,0.0,19.01263187861489,0.0054,0.45,4
0.0014011414498496589,0.0023079867065287,0.0,0.0,19.151315710508026,0.0054,0.45,4
0.0013865978086343592,0.0023167534433103563,0.0,0.0,19.289231133166936,0.0054,0.45,4
0.001371999317266717,0.002325428535435923,0.0,0.0,19.42637269102123,0.0054,0.45,4
0.0013573465532245488,0.0023340116397416355,0.0,0.0,19.56102281853569,0.0054,0.45,4
0.0013426400961325555,0.0023425024167025234,0.0,0.0,19.693605836985135,0.0054,0.45,4
0.0013278805277393928,0.0023509005304458443,0.0,0.0,19.825412417775826,0.0054,0.45,4
0.0013130684318946606,0.002359205648764367,0.0,0.0,19.956437346987048,0.0054,0.45,4
0.0012982043945258049,0.0023674174431295146,0.0,0.0,20.08667544161816,0.0054,0.45,4
0.0012832890036149427,0.0023755355887043594,0.0,0.0,20.24264301652291,0.0054,0.45,4
0.0012683228491756013,0.002383559764356473,0.0,0.0,20.40127067041825,0.0054,0.45,4
0.0012533065232293787,0.002391489652670629,0.0,0.0,20.559118262484798,0.0054,0.45,4
0.0012382406197825255,0.002399324939961361,0.0,0.0,20.716179548688125,0.0054,0.45,4
0.0012231257348024483,0.0024070653162853667,0.0,0.0,20.87344687742253,0.0054,0.45,4
0.0012079624661941325,0.0024147104754537736,0.0,0.0,21.03390509924823,0.0054,0.45,4
0.0011927514137764945,0.002422260115044248,0.0,0.0,21.193589217661064,0.0054,0.45,4
0.0011774931792586498,0.0024297139364129593,0.0,0.0,21.352492915978473,0.0054,0.45,4
0.001162188366216115,0.002437071644706392,0.0,0.0,21.510609908389217,0.0054,0.45,4
0.0011468375800669293,0.002444332948873011,0.0,0.0,21.685747361454638,0.0054,0.45,4
0.001131441428047707,0.002451497561674775,0.0,0.0,21.87679534879672,0.0054,0.45,4
0.001116000519189617,0.0024585651996984963,0.0,0.0,22.067084322796738,0.0054,0.45,4
0.0011005154642942897,0.002465535583367055,0.0,0.0,22.25660675612475,0.0054,0.45,4
0.0010849868759096582,0.002472408436950457,0.0,0.0,22.44535515177313,0.0054,0.45,4
0.0010694153683057234,0.00247918348857674,0.0,0.0,22.632661053201797,0.0054,0.45,4
0.001053801557450259,0.0024858604702427305,0.0,0.0,22.819080503162464,0.0054,0.45,4
0.0010381460609844427,0.002492439117824643,0.0,0.0,23.00474281118646,0.0054,0.45,4
0.0010224494981984256,0.00249891917108853,0.0,0.0,23.18964063296254,0.0054,0.45,4
0.0010067124900068332,0.0025053003737005755,0.0,0.0,23.377885295144758,0.0054,0.45,4
0.0009909356589242063,0.0025115824732372316,0.0,0.0,23.58916600677502,0.0054,0.45,4
0.0009751196290403732,0.00251776522119521,0.0,0.0,23.799711222171556,0.0054,0.45,4
0.0009592650259957631,0.0025238483730013078,0.0,0.0,24.00951261272092,0.0054,0.45,4
0.0009433724769566579,0.0025298316880220826,0.0,0.0,24.218561879233427,0.0054,0.45,4
0.0009274426105903833,0.002535714929573373,0.0,0.0,24.42982322309352,0.0054,0.45,4
0.0009114760570404397,0.0025414978649296585,0.0,0.0,24.643806370136126,0.0054,0.45,4
0.0008954734479015755,0.0025471802653332693,0.0,0.0,24.85707334645827,0.0054,0.45,4
0.0008794354161948046,0.0025527619060034313,0.0,0.0,25.069615715780806,0.0054,0.45,4
0.0008633625963423624,0.0025582425661451608,0.0,0.0,25.281425070488176,0.0054,0.45,4
0.0008472556241426126,0.002563622028957996,0.0,0.0,25.512449402090603,0.0054,0.45,4
0.0008311151367448954,0.0025689000816445768,0.0,0.0,25.748460240643936,0.0054,0.45,4
0.0008149417726243237,0.0025740765154190592,0.0,0.0,25.983783569506286,0.0054,0.45,4
0.0007987361715565267,0.0025791511255153746,0.0,0.0,26.218410079907397,0.0054,0.45,4
0.0007824989745923433,0.002584123711195331,0.0,0.0,26.45377088794166,0.0054,0.45,4
0.0007662308240324616,0.0025889940757565545,0.0,0.0,26.702335866535286,0.0054,0.45,4
0.0007499323634020128,0.002593762026540267,0.0,0.0,26.950315011111087,0.0054,0.45,4
0.0007336042374251144,0.0025984273749389106,0.0,0.0,27.19769851226813,0.0054,0.45,4
0.0007172470919993664,0.0026029899364036066,0.0,0.0,27.444476584167546,0.0054,0.45,4
0.0007008615741703028,0.0026074495304514575,0.0,0.0,27.692859450038675,0.0054,0.45,4
0.0006844483321057929,0.0026118059806726837,0.0,0.0,27.943868576285475,0.0054,0.45,4
0.0006680080150704067,0.002616059114737604,0.0,0.0,28.194320347491516,0.0054,0.45,4
0.0006515412733997263,0.0026202087644034517,0.0,0.0,28.444204856445282,0.0054,0.45,4
0.0006350487584746233,0.0026242547655210306,0.0,0.0,28.693512218374636,0.0054,0.45,4
0.0006185311226954914,0.0026281969580412073,0.0,0.0,28.959593372599002,0.0054,0.45,4
0.0006019890194564389,0.0026320351860212423,0.0,0.0,29.231736808584067,0.0054,0.45,4
0.0005854231031194419,0.0026357692976309603,0.0,0.0,29.50337541528744,0.0054,0.45,4
0.0005688340289884612,0.002639399145158753,0.0,0.0,29.774498447402216,0.0054,0.45,4
0.0005522224532835176,0.002642924585017426,0.0,0.0,30.045582113944572,0.0054,0.45,4
0.0005355890331147351,0.0026463454777498766,0.0,0.0,30.32755281591192,0.0054,0.45,4
0.0005189344264563472,0.002649661688034611,0.0,0.0,30.609065287691944,0.0054,0.45,4
0.0005022592921206689,0.002652873084691095,0.0,0.0,30.890108393393717,0.0054,0.45,4
0.00048556428973203563,0.0026559795406849475,0.0,0.0,31.17067101569321,0.0054,0.45,4
0.00046885007970071205,0.002658980933132962,0.0,0.0,31.457713776751607,0.0054,0.45,4
0.0004521173231967651,0.002661877143307969,0.0,0.0,31.756831021076913,0.0054,0.45,4
0.00043536668212391146,0.002664668056643532,0.0,0.0,32.055433496744556,0.0054,0.45,4
0.00041859881909333456,0.0026673535627384807,0.0,0.0,32.35350939182813,0.0054,0.45,4
0.00040181439739747285,0.0026699335553612767,0.0,0.0,32.65104691523136,0.0054,0.45,4
0.0003850140809837819,0.0026724079324542153,0.0,0.0,32.94194240550661,0.0054,0.45,4
0.00036819853442846993,0.0026747765961374656,0.0,0.0,33.22952281874407,0.0054,0.45,4
0.00035136842291021093,0.002677039452712939,0.0,0.0,33.51679048089666,0.0054,0.45,4
0.000334524412183829,0.002679196412667997,0.0,0.0,33.80373402841328,0.0054,0.45,4
0.0003176671685539645,0.002681247390678993,0.0,0.0,34.09034211056399,0.0054,0.45,4
0.00030079735884871685,0.0026831923056146456,0.0,0.0,34.417614223175285,0.0054,0.45,4
0.0002839156503932659,0.0026850310805392494,0.0,0.0,34.745240322957585,0.0054,0.45,4
0.0002670227109834745,0.0026867636427157183,0.0,0.0,35.07269844039655,0.0054,0.45,4
0.0002501192088594739,0.0026883899236084616,0.0,0.0,35.39997562211266,0.0054,0.45,4
0.00023320581267922692,0.0026899098588860967,0.0,0.0,35.70309422991621,0.0054,0.45,4
0.00021628319149207947,0.0026913233884239924,0.0,0.0,35.950955773875236,0.0054,0.45,4
0.00019935201471229467,0.0026926304563066484,0.0,0.0,36.198617687456846,0.0054,0.45,4
0.0001824129520925722,0.0026938310108299062,0.0,0.0,36.446070173808934,0.0054,0.45,4
0.00016546667369755411,0.002694925004502995,0.0,0.0,36.69330344436376,0.0054,0.45,4
0.00014851384987732142,0.0026959123940504108,0.0,0.0,37.10487595690852,0.0054,0.45,4
0.00013155515124087307,0.0026967931404136268,0.0,0.0,37.618185797251996,0.0054,0.45,4
0.00011459124862960073,0.00269756720875264,0.0,0.0,38.131981989427615,0.0054,0.45,4
9.762281309075175e-05,0.0026982345684473485,0.0,0.0,38.64624420901309,0.0054,0.45,4
8.065051585088403e-05,0.0026987951930987626,0.0,0.0,39.1609521131513,0.0054,0.45,4
6.367502828931423e-05,0.0026992490605300496,0.0,0.0,38.922013878191386,0.0054,0.45,4
4.6697021911559085e-05,0.002699596152787411,0.0,0.0,38.62775625172026,0.0054,0.45,4
2.9717168322774878e-05,0.0026998364561407933,0.0,0.0,38.33103117492611,0.0054,0.45,4
1.273613920118689e-05,0.002699969961084428,0.0,0.0,38.03185038547037,0.0054,0.45,4
0.0027,0.012000000000000005,0.0,0.0,12.558192405684034,0.0054,0.45,4
0.002699946597560445,0.012016981469953388,0.0,0.0,12.605416039492269,0.0054,0.45,4
0.002699786392354239,0.012033962268164606,0.0,0.0,12.652309020260951,0.0054,0.45,4
0.0026995193907186775,0.012050941722918066,0.0,0.0,12.698869493027448,0.0054,0.45,4
0.0026991456032156415,0.01206791916255132,0.0,0.0,12.745095615982244,0.0054,0.45,4
0.0026986650446311784,0.01208489391548163,0.0,0.0,12.791727287156458,0.0054,0.45,4
0.0026980777339749183,0.012101865310232543,0.0,0.0,12.838400887473156,0.0054,0.45,4
0.002697383694479322,0.012118832675460435,0.0,0.0,12.884756360452958,0.0054,0.45,4
0.0026965829535987615,0.012135795339981095,0.0,0.0,12.93079187239562,0.0054,0.45,4
0.0026956755430084345,0.012152752632796245,0.0,0.0,12.97679496232376,0.0054,0.45,4
0.0026946614986031103,0.012169703883120107,0.0,0.0,13.023039750507952,0.0054,0.45,4
0.0026935408604957115,0.012186648420405923,0.0,0.0,13.068980340066819,0.0054,0.45,4
0.0026923136730157256,0.01220358557437249,0.0,0.0,13.114614913711806,0.0054,0.45,4
0.0026909799847074528,0.012220514675030663,0.0,0.0,13.159937212474274,0.0054,0.45,4
0.002689539848328086,0.01223743505270987,0.0,0.0,13.20469816141603,0.0054,0.45,4
0.0026879933208456214,0.012254346038084596,0.0,0.0,13.24917556356808,0.0054,0.45,4
0.002686340463436608,0.012271246962200858,0.0,0.0,13.293367659521715,0.0054,0.45,4
0.002684581341483725,0.012288137156502675,0.0,0.0,13.33727270115416,0.0054,0.45,4
0.002682716024573198,0.012305015952858503,0.0,0.0,13.378699469454485,0.0054,0.45,4
0.0026807445864920443,0.012321882683587674,0.0,0.0,13.418864790303896,0.0054,0.45,4
0.002678667105225155,0.012338736681486804,0.0,0.0,13.458760553211853,0.0054,0.45,4
0.0026764836629522095,0.01235557727985619,0.0,0.0,13.498385180007201,0.0054,0.45,4
0.0026741943460444266,0.01237240381252617,0.0,0.0,13.536816734495247,0.0054,0.45,4
0.0026717992450611444,0.012389215613883493,0.0,0.0,13.573343028976382,0.0054,0.45,4
0.002669298454746241,0.012406012018897634,0.0,0.0,13.609593014921334,0.0054,0.45,4
0.002666692074024387,0.012422792363147112,0.0,0.0,13.645565258376266,0.0054,0.45,4
0.0026639802059971285,0.01243955598284576,0.0,0.0,13.680714178271398,0.0054,0.45,4
0.002661162957938813,0.012456302214868998,0.0,0.0,13.699599933100902,0.0054,0.45,4
0.0026582404412923435,0.012473030396780051,0.0,0.0,13.71818114461605,0.0054,0.45,4
0.0026552127716647704,0.012489739866856163,0.0,0.0,13.73645707779312,0.0054,0.45,4
0.00265208006882272,0.012506429964114767,0.0,0.0,13.754427009684397,0.0054,0.45,4
0.002648842456687654,0.01252310002833963,0.0,0.0,13.814621708415723,0.0054,0.45,4
0.0026455000633309697,0.012539749400106978,0.0,0.0,13.892432951050413,0.0054,0.45,4
0.0026420530209689333,0.012556377420811575,0.0,0.0,13.970093837833561,0.0054,0.45,4
0.0026385014659574494,0.012572983432692777,0.0,0.0,14.0476012967053,0.0054,0.45,4
0.0026348455387866674,0.012589566778860549,0.0,0.0,14.074194064886747,0.0054,0.45,4
0.0026310853840754247,0.012606126803321452,0.0,0.0,14.016484571393345,0.0054,0.45,4
0.0026272211505655244,0.012622662851004593,0.0,0.0,13.958095743606965,0.0054,0.45,4
0.0026232529911158525,0.012639174267787542,0.0,0.0,13.899029891235637,0.0054,0.45,4
1.2736139201184533e-05,0.009300030038915576,0.0,0.0,37.84460839632293,0.0054,0.45,4
2.9717168322773722e-05,0.009300163543859211,0.0,0.0,38.232732025132904,0.0054,0.45,4
4.6697021911556733e-05,0.009300403847212594,0.0,0.0,38.621475007006616,0.0054,0.45,4
6.367502828931248e-05,0.009300750939469957,0.0,0.0,39.010821964297065,0.0054,0.45,4
8.065051585088108e-05,0.009301204806901242,0.0,0.0,39.364132059879985,0.0054,0.45,4
9.762281309075e-05,0.009301765431552656,0.0,0.0,38.785094798353065,0.0054,0.45,4
0.00011459124862960019,0.009302432791247366,0.0,0.0,38.20665503996264,0.0054,0.45,4
0.0001315551512408713,0.00930320685958638,0.0,0.0,37.62883566626006,0.0054,0.45,4
0.00014851384987732088,0.009304087605949595,0.0,0.0,37.051659534255684,0.0054,0.45,4
0.00016546667369755238,0.009305074995497011,0.0,0.0,36.59581929766347,0.0054,0.45,4
0.00018241295209257106,0.0093061689891701,0.0,0.0,36.39011506541978,0.0054,0.45,4
0.00019935201471229234,0.009307369543693357,0.0,0.0,36.18430266839585,0.0054,0.45,4
0.00021628319149207833,0.009308676611576012,0.0,0.0,35.97839024798725,0.0054,0.45,4
0.00023320581267922456,0.009310090141113909,0.0,0.0,35.77238594954632,0.0054,0.45,4
0.0002501192088594728,0.009311610076391544,0.0,0.0,35.48103128088246,0.0054,0.45,4
0.0002670227109834722,0.009313236357284286,0.0,0.0,35.13585711106372,0.0054,0.45,4
0.0002839156503932642,0.009314968919460756,0.0,0.0,34.790643483396295,0.0054,0.45,4
0.0003007973588487139,0.00931680769438536,0.0,0.0,34.44540405362092,0.0054,0.45,4
0.00031766716855396277,0.009318752609321013,0.0,0.0,34.100152478498835,0.0054,0.45,4
0.00033452441218382846,0.009320803587332008,0.0,0.0,33.806265987609194,0.0054,0.45,4
0.0003513684229102092,0.009322960547287066,0.0,0.0,33.517919220674514,0.0054,0.45,4
0.00036819853442846933,0.00932522340386254,0.0,0.0,33.229472703918354,0.0054,0.45,4
0.00038501408098377956,0.00932759206754579,0.0,0.0,32.94093784752427,0.0054,0.45,4
0.0004018143973974717,0.009330066444638728,0.0,0.0,32.65037388067844,0.0054,0.45,4
0.00041859881909333223,0.009332646437261524,0.0,0.0,32.351277907356504,0.0054,0.45,4
0.0004353666821239104,0.009335331943356473,0.0,0.0,32.0520110372132,0.0054,0.45,4
0.00045211732319676274,0.009338122856692036,0.0,0.0,31.752585108456714,0.0054,0.45,4
0.00046885007970071097,0.009341019066867044,0.0,0.0,31.453011965586988,0.0054,0.45,4
0.00048556428973203325,0.009344020459315058,0.0,0.0,31.161492268766253,0.0054,0.45,4
0.0005022592921206672,0.00934712691530891,0.0,0.0,30.878771479749776,0.0054,0.45,4
0.0005189344264563443,0.009350338311965394,0.0,0.0,30.595827407099343,0.0054,0.45,4
0.0005355890331147334,0.009353654522250128,0.0,0.0,30.312671243336165,0.0054,0.45,4
0.0005522224532835171,0.009357075414982579,0.0,0.0,30.029314189371345,0.0054,0.45,4
0.0005688340289884595,0.009360600854841252,0.0,0.0,29.75340565633201,0.0054,0.45,4
0.0005854231031194413,0.009364230702369046,0.0,0.0,29.479601447010943,0.0054,0.45,4
0.0006019890194564366,0.009367964813978762,0.0,0.0,29.205542173336788,0.0054,0.45,4
0.0006185311226954903,0.009371803041958797,0.0,0.0,28.931238676371517,0.0054,0.45,4
0.000635048758474621,0.009375745234478974,0.0,0.0,28.657839069749752,0.0054,0.45,4
0.0006515412733997251,0.009379791235596553,0.0,0.0,28.405038601509236,0.0054,0.45,4
0.0006680080150704044,0.009383940885262402,0.0,0.0,28.15195223402524,0.0054,0.45,4
0.0006844483321057917,0.009388194019327322,0.0,0.0,27.898589978726935,0.0054,0.45,4
0.0007008615741702998,0.009392550469548547,0.0,0.0,27.64496185795698,0.0054,0.45,4
0.0007172470919993648,0.009397010063596398,0.0,0.0,27.390667190214213,0.0054,0.45,4
0.0007336042374251115,0.009401572625061094,0.0,0.0,27.135265224698045,0.0054,0.45,4
0.0007499323634020111,0.009406237973459738,0.0,0.0,26.87953439648025,0.0054,0.45,4
0.0007662308240324612,0.009411005924243451,0.0,0.0,26.623484821597962,0.0054,0.45,4
0.0007824989745923416,0.009415876288804673,0.0,0.0,26.36712662869713,0.0054,0.45,4
0.000798736171556526,0.009420848874484631,0.0,0.0,26.11993802434681,0.0054,0.45,4
0.0008149417726243214,0.009425923484580946,0.0,0.0,25.87801785545669,0.0054,0.45,4
0.0008311151367448943,0.009431099918355428,0.0,0.0,25.635733617509423,0.0054,0.45,4
0.0008472556241426104,0.009436377971042008,0.0,0.0,25.39309489463055,0.0054,0.45,4
0.0008633625963423613,0.009441757433854845,0.0,0.0,25.150111284967938,0.0054,0.45,4
0.0008794354161948023,0.009447238093996573,0.0,0.0,24.919369184682967,0.0054,0.45,4
0.0008954734479015744,0.009452819734666735,0.0,0.0,24.68933960669051,0.0054,0.45,4
0.0009114760570404369,0.009458502135070346,0.0,0.0,24.45885760906181,0.0054,0.45,4
0.0009274426105903815,0.009464285070426633,0.0,0.0,24.227932309056776,0.0054,0.45,4
0.000943372476956655,0.009470168311977922,0.0,0.0,23.999309689065008,0.0054,0.45,4
0.0009592650259957614,0.009476151626998696,0.0,0.0,23.780983453768663,0.0054,0.45,4
0.0009751196290403727,0.009482234778804794,0.0,0.0,23.56217292425515,0.0054,0.45,4
0.000990935658924205,0.009488417526762773,0.0,0.0,23.34288675609196,0.0054,0.45,4
0.0010067124900068327,0.00949469962629943,0.0,0.0,23.123133623661527,0.0054,0.45,4
0.0010224494981984234,0.009501080828911474,0.0,0.0,22.910826311393222,0.0054,0.45,4
0.0010381460609844419,0.009507560882175362,0.0,0.0,22.70623443310078,0.0054,0.45,4
0.001053801557450257,0.009514139529757274,0.0,0.0,22.501139301557266,0.0054,0.45,4
0.0010694153683057227,0.009520816511423266,0.0,0.0,22.2955490297851,0.0054,0.45,4
0.001084986875909656,0.009527591563049548,0.0,0.0,22.08947175039331,0.0054,0.45,4
0.0011005154642942888,0.00953446441663295,0.0,0.0,21.883344763029882,0.0054,0.45,4
0.0011160005191896145,0.009541434800301509,0.0,0.0,21.67682324242331,0.0054,0.45,4
0.0011314414280477055,0.00954850243832523,0.0,0.0,21.469787294367613,0.0054,0.45,4
0.0011468375800669267,0.009555667051126994,0.0,0.0,21.262245108658934,0.0054,0.45,4
0.0011621883662161136,0.009562928355293612,0.0,0.0,21.05580936782485,0.0054,0.45,4
0.0011774931792586495,0.009570286063587046,0.0,0.0,20.871607630082156,0.0054,0.45,4
0.0011927514137764928,0.009577739884955756,0.0,0.0,20.68692331709631,0.0054,0.45,4
0.001207962466194132,0.009585289524546231,0.0,0.0,20.501763734491576,0.0054,0.45,4
0.0012231257348024464,0.009592934683714638,0.0,0.0,20.316136206692768,0.0054,0.45,4
0.0012382406197825246,0.009600675060038644,0.0,0.0,20.133214252519235,0.0054,0.45,4
0.0012533065232293765,0.009608510347329374,0.0,0.0,19.95558911221702,0.0054,0.45,4
0.0012683228491756004,0.009616440235643533,0.0,0.0,19.777465322818287,0.0054,0.45,4
0.0012832890036149408,0.009624464411295644,0.0,0.0,19.598849930430468,0.0054,0.45,4
0.0012982043945258038,0.00963258255687049,0.0,0.0,19.419750000607316,0.0054,0.45,4
0.001313068431894658,0.009640794351235637,0.0,0.0,19.2494470234744,0.0054,0.45,4
0.0013278805277393915,0.00964909946955416,0.0,0.0,19.08381410472189,0.0054,0.45,4
0.0013426400961325529,0.00965749758329748,0.0,0.0,18.917663786957625,0.0054,0.45,4
0.0013573465532245475,0.009665988360258369,0.0,0.0,18.751002642649922,0.0054,0.45,4
0.0013719993172667166,0.009674571464564082,0.0,0.0,18.58383726447413,0.0054,0.45,4
0.001386597808634358,0.009683246556689649,0.0,0.0,18.42237975753122,0.0054,0.45,4
0.0014011414498496582,0.009692013293471306,0.0,0.0,18.26086141885566,0.0054,0.45,4
0.001415629665604524,0.009700871328120064,0.0,0.0,18.098814008889367,0.0054,0.45,4
0.0014300618827833547,0.009709820310235439,0.0,0.0,17.936243937800437,0.0054,0.45,4
0.0014444375304856977,0.009718859885819296,0.0,0.0,17.776653120672076,0.0054,0.45,4
0.001458756040048848,0.00972798969728987,0.0,0.0,17.629152696157536,0.0054,0.45,4
0.0014730168450703262,0.009737209383495893,0.0,0.0,17.481115495843056,0.0054,0.45,4
0.0014872193814303009,0.009746518579730898,0.0,0.0,17.332547375689835,0.0054,0.45,4
0.0015013630873138865,0.009755916917747631,0.0,0.0,17.1834542126609,0.0054,0.45,4
0.0015154474032333847,0.00976540402577263,0.0,0.0,17.040811540381075,0.0054,0.45,4
0.0015294717720504014,0.009774979528520921,0.0,0.0,16.904470021349976,0.0054,0.45,4
0.0015434356389978912,0.009784643047210868,0.0,0.0,16.76758466202994,0.0054,0.45,4
0.0015573384517021099,0.00979439419957916,0.0,0.0,16.630160877244727,0.0054,0.45,4
0.0015711796602044495,0.009804232599895924,0.0,0.0,16.492204103116872,0.0054,0.45,4
0.0015849587169832098,0.009814157858979995,0.0,0.0,16.361555460662387,0.0054,0.45,4
0.0015986750769752414,0.009824169584214297,0.0,0.0,16.232401330799505,0.0054,0.45,4
0.0016123281975975218,0.009834267379561386,0.0,0.0,16.10268951377906,0.0054,0.45,4
0.0016259175387686041,0.009844450845579108,0.0,0.0,15.97242514065847,0.0054,0.45,4
0.0016394425629299948,0.009854719579436406,0.0,0.0,15.842026790235602,0.0054,0.45,4
0.001652902735067405,0.00986507317492925,0.0,0.0,15.715818977039651,0.0054,0.45,4
0.001666297522731928,0.009875511222496712,0.0,0.0,15.589048692785399,0.0054,0.45,4
0.0016796263960610874,0.009886033309237154,0.0,0.0,15.461720952171003,0.0054,0.45,4
0.0016928888277998107,0.00989663901892458,0.0,0.0,15.333840791946027,0.0054,0.45,4
0.0017060842933212745,0.009907327932025081,0.0,0.0,15.212953844961273,0.0054,0.45,4
0.0017192122706476622,0.009918099625713448,0.0,0.0,15.1044462028337,0.0054,0.45,4
0.0017322722404708181,0.009928953673889889,0.0,0.0,14.995347702083968,0.0054,0.45,4
0.0017452636861727754,0.00993988964719688,0.0,0.0,14.885662658361088,0.0054,0.45,4
0.0017581860938462098,0.009950907113036166,0.0,0.0,14.775395410516037,0.0054,0.45,4
0.001771038952314751,0.009962005635585847,0.0,0.0,14.667308989634718,0.0054,0.45,4
0.0017838217531532191,0.00997318477581765,0.0,0.0,14.560077468447293,0.0054,0.45,4
0.0017965339907077226,0.009984444091514263,0.0,0.0,14.452251525714843,0.0054,0.45,4
0.0018091751621156739,0.00999578313728686,0.0,0.0,14.343835426747242,0.0054,0.45,4
0.0018217447673256682,0.010007201464592688,0.0,0.0,14.23483346019949,0.0054,0.45,4
0.0018342423091172774,0.01001869862175284,0.0,0.0,14.141407587613628,0.0054,0.45,4
0.0018466672931207056,0.010030274153970096,0.0,0.0,14.048353281595714,0.0054,0.45,4
0.0018590192278363578,0.010041927603346932,0.0,0.0,13.954702851260496,0.0054,0.45,4
0.0018712976246542722,0.010053658508903626,0.0,0.0,13.86046000117201,0.0054,0.45,4
0.0018835019978734506,0.01006546640659649,0.0,0.0,13.766038579085688,0.0054,0.45,4
0.0018956318647210806,0.010077350829336236,0.0,0.0,13.672388507402825,0.0054,0.45,4
0.001907686745371616,0.010089311307006441,0.0,0.0,13.578143440888478,0.0054,0.45,4
0.0019196661629657756,0.010101347366482159,0.0,0.0,13.483307107628873,0.0054,0.45,4
0.0019315696436293898,0.010113458531648611,0.0,0.0,13.387883259099306,0.0054,0.45,4
0.001943396716492161,0.010125644323420054,0.0,0.0,13.299820136930343,0.0054,0.45,4
0.001955146913706275,0.010137904259758697,0.0,0.0,13.218531505958984,0.0054,0.45,4
0.0019668197704649235,0.010150237855693797,0.0,0.0,13.136647859772651,0.0054,0.45,4
0.0019784148250206754,0.010162644623340822,0.0,0.0,13.05417243747246,0.0054,0.45,4
0.0019899316187037565,0.01017512407192077,0.0,0.0,12.971108501568569,0.0054,0.45,4
0.0020013696959401786,0.010187675707779566,0.0,0.0,12.896644185313772,0.0054,0.45,4
0.0020127286042697767,0.0102002990344076,0.0,0.0,12.823782014947005,0.0054,0.45,4
0.0020240078943640923,0.010212993552459361,0.0,0.0,12.750319937403635,0.0054,0.45,4
0.0020352071200441567,0.010225758759773195,0.0,0.0,12.676260858649723,0.0054,0.45,4
0.0020463258382981404,0.010238594151391169,0.0,0.0,12.602385202639592,0.0054,0.45,4
0.0020573636092988705,0.01025149921957904,0.0,0.0,12.535381670787164,0.0054,0.45,4
0.00206831999642124,0.010264473453846349,0.0,0.0,12.467779909415809,0.0054,0.45,4
0.002079194566259468,0.010277516340966601,0.0,0.0,12.399582592672948,0.0054,0.45,4
0.0020899868886442544,0.010290627364997588,0.0,0.0,12.330792418264522,0.0054,0.45,4
0.002100696536659785,0.010303806007301769,0.0,0.0,12.264587211565301,0.0054,0.45,4
0.0021113230866606344,0.01031705174656682,0.0,0.0,12.202925441084208,0.0054,0.45,4
0.0021218661182885066,0.010330364058826222,0.0,0.0,12.140670832602813,0.0054,0.45,4
0.0021323252144888794,0.010343742417480017,0.0,0.0,12.077825848749207,0.0054,0.45,4
0.002142699961527489,0.010357186293315617,0.0,0.0,12.01439297550523,0.0054,0.45,4
0.0021529899490067062,0.010370695154528754,0.0,0.0,11.95768896669113,0.0054,0.45,4
0.002163194769881765,0.010384268466744503,0.0,0.0,11.904008375635119,0.0054,0.45,4
0.0021733140204768632,0.01039790569303843,0.0,0.0,11.849746770948908,0.0054,0.45,4
0.0021833473005011383,0.01041160629395783,0.0,0.0,11.79490629907846,0.0054,0.45,4
0.0021932942130644907,0.010425369727543066,0.0,0.0,11.739489129368215,0.0054,0.45,4
0.002203154364693297,0.010439195449349004,0.0,0.0,11.693889409140237,0.0054,0.45,4
0.00221292736534596,0.01045308291246655,0.0,0.0,11.648168417418102,0.0054,0.45,4
0.0022226128284283516,0.010467031567544293,0.0,0.0,11.601866454774584,0.0054,0.45,4
0.002232210370809094,0.010481040862810223,0.0,0.0,11.55498535279322,0.0054,0.45,4
0.0022417196128347253,0.01049511024409357,0.0,0.0,11.509454592459095,0.0054,0.45,4
0.002251140178344708,0.010509239154846714,0.0,0.0,11.469273012952014,0.0054,0.45,4
0.002260471694686318,0.01052342703616721,0.0,0.0,11.4285049331905,0.0054,0.45,4
0.0022697137927293774,0.01053767332681989,0.0,0.0,11.387151965852267,0.0054,0.45,4
0.0022788661068808653,0.01055197746325907,0.0,0.0,11.345215746751638,0.0054,0.45,4
0.0022879282750993693,0.01056633887965084,0.0,0.0,11.307223068872732,0.0054,0.45,4
0.0022968999389094153,0.010580757007895437,0.0,0.0,11.27261489725402,0.0054,0.45,4
0.0023057807434156458,0.010595231277649742,0.0,0.0,11.237427297533014,0.0054,0.45,4
0.0023145703373168543,0.010609761116349809,0.0,0.0,11.201661661638385,0.0054,0.45,4
0.00232326837291989,0.010624345949233546,0.0,0.0,11.165319404364336,0.0054,0.45,4
0.0023318745061534025,0.010638985199363427,0.0,0.0,11.13718086224109,0.0054,0.45,4
0.0023403883965814605,0.010653678287649328,0.0,0.0,11.110384421701651,0.0054,0.45,4
0.00234880970741701,0.010668424632871423,0.0,0.0,11.083013163325719,0.0054,0.45,4
0.0023571381055352077,0.01068322365170319,0.0,0.0,11.055068169848084,0.0054,0.45,4
0.002365373261486586,0.010698074758734475,0.0,0.0,11.027451620673753,0.0054,0.45,4
0.0023735148495100974,0.010712977366494649,0.0,0.0,11.006668702745701,0.0054,0.45,4
0.0023815625475459897,0.010727930885475854,0.0,0.0,10.985309897736338,0.0054,0.45,4
0.0023895160372485553,0.010742934724156319,0.0,0.0,10.963376050543664,0.0054,0.45,4
0.002397375003998717,0.010757988289023756,0.0,0.0,10.940868028812822,0.0054,0.45,4
0.0024051391369164757,0.010773090984598836,0.0,0.0,10.921986505433022,0.0054,0.45,4
0.002412808128873213,0.010788242213458758,0.0,0.0,10.908931525597627,0.0054,0.45,4
0.0024203816765038296,0.010803441376260863,0.0,0.0,10.895302109100097,0.0054,0.45,4
0.002427859480218759,0.010818687871766363,0.0,0.0,10.88109879508421,0.0054,0.45,4
0.002435241244215805,0.0108339810968641,0.0,0.0,10.86632214539561,0.0054,0.45,4
0.0024425266764918543,0.010849320446594429,0.0,0.0,10.854789606948959,0.0054,0.45,4
0.002449715488854419,0.010864705314173124,0.0,0.0,10.844454231786976,0.0054,0.45,4
0.002456807396933043,0.010880135091015406,0.0,0.0,10.833553519946157,0.0054,0.45,4
0.0024638021201905443,0.010895609166759988,0.0,0.0,10.822087902629935,0.0054,0.45,4
0.0024706993819341217,0.010911126929293255,0.0,0.0,10.810057833387873,0.0054,0.45,4
0.0024774989093262886,0.010926687764773438,0.0,0.0,10.807675232082062,0.0054,0.45,4
0.002484200433395676,0.010942291057654931,0.0,0.0,10.80503395734523,0.0054,0.45,4
0.0024908036890476655,0.010957936190712617,0.0,0.0,10.801836484915095,0.0054,0.45,4
0.002497308415074877,0.010973622545066293,0.0,0.0,10.79808294127522,0.0054,0.45,4
0.002503714354167507,0.010989349500205154,0.0,0.0,10.795967596994284,0.0054,0.45,4
0.0025100212529234976,0.011005116434012328,0.0,0.0,10.79956263451562,0.0054,0.45,4
0.0025162288618585694,0.011020922722789504,0.0,0.0,10.802604918783992,0.0054,0.45,4
0.0025223369354160827,0.011036767741281577,0.0,0.0,10.805094329454649,0.0054,0.45,4
0.002528345231976759,0.011052650862701411,0.0,0.0,10.807030768053075,0.0054,0.45,4
0.0025342535138682303,0.011068571458754608,0.0,0.0,10.812838259049776,0.0054,0.45,4
0.0025400615473744493,0.011084528899664381,0.0,0.0,10.821773368910169,0.0054,0.45,4
0.0025457691027449265,0.011100522554196447,0.0,0.0,10.830179495681477,0.0054,0.45,4
0.002551375954203826,0.01111655178968402,0.0,0.0,10.8380563068395,0.0054,0.45,4
0.00255688187995889,0.011132615972052815,0.0,0.0,10.845403490798361,0.0054,0.45,4
0.002562286662210218,0.011148714465846147,0.0,0.0,10.859092984184334,0.0054,0.45,4
0.002567590087158878,0.011164846634250058,0.0,0.0,10.873623920325926,0.0054,0.45,4
0.002572791945015366,0.011181011839118512,0.0,0.0,10.88763763240519,0.0054,0.45,4
0.0025778920300079046,0.01119720944099864,0.0,0.0,10.901133566076636,0.0054,0.45,4
0.0025828901403905816,0.011213438799156025,0.0,0.0,10.91492855627295,0.0054,0.45,4
0.0025877860784513334,0.01122969927160007,0.0,0.0,10.93406157738267,0.0054,0.45,4
0.0025925796505197607,0.011245990215109362,0.0,0.0,10.952689639290387,0.0054,0.45,4
0.002597270666974798,0.011262310985257146,0.0,0.0,10.97081200511912,0.0054,0.45,4
0.0026018589422522028,0.011278660936436796,0.0,0.0,10.988427957995857,0.0054,0.45,4
0.002606344294851909,0.011295039421887365,0.0,0.0,11.009045556395472,0.0054,0.45,4
0.002610726547345195,0.011311445793719165,0.0,0.0,11.034209634754937,0.0054,0.45,4
0.0026150055263817113,0.011327879402939396,0.0,0.0,11.058882808897847,0.0054,0.45,4
0.002619181062696332,0.01134433959947782,0.0,0.0,11.083064102818504,0.0054,0.45,4
0.0026232529911158525,0.011360825732212467,0.0,0.0,11.106752559968688,0.0054,0.45,4
0.0026272211505655244,0.011377337148995416,0.0,0.0,11.133538071715416,0.0054,0.45,4
0.0026310853840754243,0.011393873196678558,0.0,0.0,11.161400302865086,0.0054,0.45,4
0.0026348455387866674,0.011410433221139462,0.0,0.0,11.188788539730577,0.0054,0.45,4
0.0026385014659574485,0.011427016567307232,0.0,0.0,11.215701698905455,0.0054,0.45,4
0.002642053020968933,0.011443622579188434,0.0,0.0,11.24213871577614,0.0054,0.45,4
0.0026455000633309692,0.011460250599893031,0.0,0.0,11.275260459515131,0.0054,0.45,4
0.0026488424566876536,0.011476899971660381,0.0,0.0,11.308030353452374,0.0054,0.45,4
0.0026520800688227195,0.011493570035885243,0.0,0.0,11.340344316487545,0.0054,0.45,4
0.0026552127716647704,0.011510260133143846,0.0,0.0,11.372201070365504,0.0054,0.45,4
0.002658240441292343,0.011526969603219956,0.0,0.0,11.40504774096417,0.0054,0.45,4
0.002661162957938813,0.011543697785131011,0.0,0.0,11.441294738550036,0.0054,0.45,4
0.0026639802059971285,0.01156044401715425,0.0,0.0,11.477102546653684,0.0054,0.45,4
0.0026666920740243865,0.011577207636852898,0.0,0.0,11.512469748812657,0.0054,0.45,4
0.002669298454746241,0.011593987981102375,0.0,0.0,11.547394945993721,0.0054,0.45,4
0.002671799245061144,0.011610784386116516,0.0,0.0,11.584672973454554,0.0054,0.45,4
0.002674194346044426,0.011627596187473839,0.0,0.0,11.623709294850483,0.0054,0.45,4
0.0026764836629522095,0.01164442272014382,0.0,0.0,11.662321959033305,0.0054,0.45,4
0.0026786671052251546,0.011661263318513205,0.0,0.0,11.700509438587861,0.0054,0.45,4
0.0026807445864920443,0.011678117316412336,0.0,0.0,11.738270222918175,0.0054,0.45,4
0.002682716024573198,0.011694984047141508,0.0,0.0,11.779570320793223,0.0054,0.45,4
0.0026845813414837247,0.011711862843497334,0.0,0.0,11.821173850098777,0.0054,0.45,4
0.002686340463436608,0.01172875303779915,0.0,0.0,11.862376062118368,0.0054,0.45,4
0.0026879933208456214,0.011745653961915412,0.0,0.0,11.90317532700114,0.0054,0.45,4
0.002689539848328086,0.011762564947290138,0.0,0.0,11.944231986399755,0.0054,0.45,4
0.0026909799847074528,0.011779485324969348,0.0,0.0,11.989075203298983,0.0054,0.45,4
0.002692313673015725,0.01179641442562752,0.0,0.0,12.033537560210858,0.0054,0.45,4
0.0026935408604957115,0.011813351579594086,0.0,0.0,12.07761729832182,0.0054,0.45,4
0.0026946614986031103,0.011830296116879902,0.0,0.0,12.121312673953671,0.0054,0.45,4
0.0026956755430084345,0.011847247367203766,0.0,0.0,12.165291846937809,0.0054,0.45,4
0.0026965829535987615,0.011864204660018914,0.0,0.0,12.20980904461918,0.0054,0.45,4
0.002697383694479322,0.011881167324539574,0.0,0.0,12.25396158349621,0.0054,0.45,4
0.0026980777339749183,0.011898134689767467,0.0,0.0,12.297747717010894,0.0054,0.45,4
0.0026986650446311784,0.011915106084518378,0.0,0.0,12.34116571309928,0.0054,0.45,4
0.002699145603215641,0.011932080837448688,0.0,0.0,12.385015858470373,0.0054,0.45,4
0.0026995193907186775,0.011949058277081943,0.0,0.0,12.428837773734916,0.0054,0.45,4
0.002699786392354239,0.011966037731835402,0.0,0.0,12.472308980772716,0.0054,0.45,4
0.002699946597560445,0.011983018530046621,0.0,0.0,12.515427759977488,0.0054,0.45,4
0.0027,0.012000000000000005,0.0,0.0,12.558192405684036,0.0054,0.45,4
0.011995754606271523,0.005699996662337213,0.0,0.0,134.0050174102167,0.0054,0.45,4
0.011978773241278438,0.0056999165588429174,0.0,0.0,107.27012877679559,0.0054,0.45,4
0.011961792715959945,0.005699729653770223,0.0,0.0,80.50702642226761,0.0054,0.45,4
0.011944813702020841,0.005699435954512602,0.0,0.0,53.71676902437806,0.0054,0.45,4
0.01192783687110614,0.005699035472688021,0.0,0.0,26.900416335054313,0.0054,0.45,4
0.011910862894774495,0.005698528224138488,0.0,0.0,16.81684960848484,0.0054,0.45,4
0.011893892444471648,0.0056979142289294155,0.0,0.0,21.112197372058805,0.0054,0.45,4
0.011876926191503852,0.0056971935113488345,0.0,0.0,25.382739592259465,0.0054,0.45,4
0.01185996480701133,0.005696366099906433,0.0,0.0,29.62830733769944,0.0054,0.45,4
0.011843008961941718,0.005695432027332425,0.0,0.0,33.84873266491574,0.0054,0.45,4
0.011826059327023528,0.005694391330576257,0.0,0.0,31.284208735161855,0.0054,0.45,4
0.011809116572739618,0.00569324405080515,0.0,0.0,27.29651451291626,0.0054,0.45,4
0.011792181369300658,0.005691990233402464,0.0,0.0,23.317016049340626,0.0054,0.45,4
0.011775254386618635,0.00569062992796591,0.0,0.0,19.345870762899118,0.0054,0.45,4
0.011758336294280343,0.005689163188305583,0.0,0.0,15.877598801204394,0.0054,0.45,4
0.011741427761520892,0.005687590072441835,0.0,0.0,16.281325658638497,0.0054,0.45,4
0.011724529457197245,0.005685910642602981,0.0,0.0,16.683665071944937,0.0054,0.45,4
0.011707642049761754,0.005684124965222837,0.0,0.0,17.084601125637572,0.0054,0.45,4
0.011690766207235722,0.0056822331109380895,0.0,0.0,17.484117959743543,0.0054,0.45,4
0.011673902597182968,0.0056802351545855055,0.0,0.0,17.352114063622775,0.0054,0.45,4
0.01165705188668343,0.0056781311751989685,0.0,0.0,16.427730560730474,0.0054,0.45,4
0.011640214742306776,0.005675921256006354,0.0,0.0,15.503272498570642,0.0054,0.45,4
0.01162339183008603,0.005673605484426237,0.0,0.0,14.578776446265895,0.0054,0.45,4
0.011606583815491232,0.005671183952064433,0.0,0.0,13.654278974441958,0.0054,0.45,4
0.01158979136340311,0.005668656754710377,0.0,0.0,13.354706181213015,0.0054,0.45,4
0.011573015138086782,0.005666023992333331,0.0,0.0,13.337284916757437,0.0054,0.45,4
0.011556255803165476,0.00566328576907843,0.0,0.0,13.319389444127815,0.0054,0.45,4
0.011539514021594281,0.005660442193262566,0.0,0.0,13.301020471221857,0.0054,0.45,4
0.011522790455633921,0.0056574933773700965,0.0,0.0,13.28217872466768,0.0054,0.45,4
0.011506085766824558,0.005654439438048402,0.0,0.0,13.10729904838745,0.0054,0.45,4
0.011489400615959629,0.0056512804961032686,0.0,0.0,12.92819590553715,0.0054,0.45,4
0.011472735663059693,0.005648016676494108,0.0,0.0,12.74865610240499,0.0054,0.45,4
0.011456091567346338,0.0056446481083290145,0.0,0.0,12.568686741112073,0.0054,0.45,4
0.011439468987216093,0.005641174924859663,0.0,0.0,12.445792443830488,0.0054,0.45,4
0.011422868580214388,0.00563759726347603,0.0,0.0,12.482839811553143,0.0054,0.45,4
0.011406291003009543,0.005633915265700965,0.0,0.0,12.519520664231264,0.0054,0.45,4
0.01138973691136679,0.005630129077184588,0.0,0.0,12.555833550867053,0.0054,0.45,4
0.011373206960122336,0.005626238847698533,0.0,0.0,12.591777035018495,0.0054,0.45,4
0.011356701803157458,0.005622244731130016,0.0,0.0,12.630368874454069,0.0054,0.45,4
0.011340222093372631,0.005618146885475758,0.0,0.0,12.67107798848026,0.0054,0.45,4
0.011323768482661718,0.0056139454728357215,0.0,0.0,12.711459920939452,0.0054,0.45,4
0.011307341621886157,0.005609640659406712,0.0,0.0,12.751513074428924,0.0054,0.45,4
0.011290942160849242,0.005605232615475796,0.0,0.0,12.791235864551547,0.0054,0.45,4
0.011274570748270396,0.005600721515413565,0.0,0.0,12.888541376874802,0.0054,0.45,4
0.01125822803175953,0.00559610753766724,0.0,0.0,12.996669787170612,0.0054,0.45,4
0.0112419146577914,0.005591390864753611,0.0,0.0,13.104550277922229,0.0054,0.45,4
0.011225631271680058,0.005586571683251821,0.0,0.0,13.21217858166196,0.0054,0.45,4
0.011209378517553317,0.005581650183795979,0.0,0.0,13.324010704801886,0.0054,0.45,4
0.01119315703832726,0.005576626561067622,0.0,0.0,13.466222642538291,0.0054,0.45,4
0.01117696747568083,0.00557150101378802,0.0,0.0,13.608262002306946,0.0054,0.45,4
0.011160810470030421,0.005566273744710302,0.0,0.0,13.750123165405423,0.0054,0.45,4
0.011144686660504567,0.005560944960611448,0.0,0.0,13.89180052018025,0.0054,0.45,4
0.011128596684918649,0.005555514872284103,0.0,0.0,14.040682195153728,0.0054,0.45,4
0.011112541179749667,0.005549983694528238,0.0,0.0,14.199859191032619,0.0054,0.45,4
0.011096520780111058,0.005544351646142661,0.0,0.0,14.358931119709926,0.0054,0.45,4
0.011080536119727584,0.00553861894991635,0.0,0.0,14.517891688719644,0.0054,0.45,4
0.01106458783091025,0.005532785832619649,0.0,0.0,14.676734610000937,0.0054,0.45,4
0.011048676544531299,0.005526852524995293,0.0,0.0,14.846718793862316,0.0054,0.45,4
0.011032802889999258,0.005520819261749285,0.0,0.0,15.021418651075185,0.0054,0.45,4
0.011016967495234037,0.005514686281541607,0.0,0.0,15.196076277028224,0.0054,0.45,4
0.011001170986642085,0.00550845382697678,0.0,0.0,15.370684762726425,0.0054,0.45,4
0.010985413989091626,0.0055021221445942705,0.0,0.0,15.54523720111856,0.0054,0.45,4
0.010969697125887922,0.0054956914848587335,0.0,0.0,15.730547580995815,0.0054,0.45,4
0.01095402101874863,0.005489162102150108,0.0,0.0,15.915993969108783,0.0054,0.45,4
0.01093838628777921,0.005482534254753556,0.0,0.0,16.101465446443292,0.0054,0.45,4
0.010922793551448378,0.005475808204849237,0.0,0.0,16.286954676236896,0.0054,0.45,4
0.010907243426563663,0.005468984218501949,0.0,0.0,16.47757512718924,0.0054,0.45,4
0.010891736528246996,0.005462062565650592,0.0,0.0,16.681546147946523,0.0054,0.45,4
0.010876273469910372,0.0054550435200974995,0.0,0.0,16.885609268060264,0.0054,0.45,4
0.0108608548632316,0.005447927359497602,0.0,0.0,17.089756415331593,0.0054,0.45,4
0.010845481318130096,0.005440714365347444,0.0,0.0,17.29397951423779,0.0054,0.45,4
0.010830153442742758,0.005433404822974052,0.0,0.0,17.490396561530495,0.0054,0.45,4
0.01081487184339991,0.005425999021523643,0.0,0.0,17.680902892856963,0.0054,0.45,4
0.01079963712460132,0.00541849725395019,0.0,0.0,17.871548649668473,0.0054,0.45,4
0.010784449888992284,0.005410899817003836,0.0,0.0,18.06232629052168,0.0054,0.45,4
0.010769310737339789,0.005403207011219147,0.0,0.0,18.25322826875628,0.0054,0.45,4
0.010754220268508747,0.005395419140903232,0.0,0.0,18.456610579638557,0.0054,0.45,4
0.010739179079438303,0.0053875365141237,0.0,0.0,18.66229917354696,0.0054,0.45,4
0.01072418776511823,0.005379559442696479,0.0,0.0,18.868173224544893,0.0054,0.45,4
0.010709246918565386,0.005371488242173476,0.0,0.0,19.074224588797872,0.0054,0.45,4
0.010694357130800252,0.005363323231830096,0.0,0.0,19.27860307356046,0.0054,0.45,4
0.010679518990823566,0.005355064734652614,0.0,0.0,19.472009732942414,0.0054,0.45,4
0.010664733085593011,0.005346713077325397,0.0,0.0,19.665655743686568,0.0054,0.45,4
0.010650000000000003,0.005338268590217986,0.0,0.0,19.859533445667427,0.0054,0.45,4
0.01063532031684655,0.0053297316073720145,0.0,0.0,20.05363516959448,0.0054,0.45,4
0.0106206946168222,0.005321102466488013,0.0,0.0,20.252725129800176,0.0054,0.45,4
0.010606123478481074,0.0053123815089120355,0.0,0.0,20.45842885716298,0.0054,0.45,4
0.01059160747821898,0.0053035690796221615,0.0,0.0,20.664414419616655,0.0054,0.45,4
0.010577147190250597,0.005294665527214855,0.0,0.0,20.870673668915625,0.0054,0.45,4
0.010562743186586784,0.005285671203891165,0.0,0.0,21.077198445987953,0.0054,0.45,4
0.010548396037011937,0.005276586465442801,0.0,0.0,21.272083849206343,0.0054,0.45,4
0.010534106309061453,0.005267411671238058,0.0,0.0,21.462578559529653,0.0054,0.45,4
0.010519874567999285,0.005258147184207597,0.0,0.0,21.653382544215813,0.0054,0.45,4
0.010505701376795575,0.005248793370830089,0.0,0.0,21.84448825556242,0.0054,0.45,4
0.010491587296104384,0.005239350601117724,0.0,0.0,22.035885807560852,0.0054,0.45,4
0.010477532884241521,0.005229819248601567,0.0,0.0,22.22714403812542,0.0054,0.45,4
0.010463538697162456,0.005220199690316786,0.0,0.0,22.41882740801379,0.0054,0.45,4
0.01044960528844032,0.0052104923067877364,0.0,0.0,22.6109283347374,0.0054,0.45,4
0.010435733209244012,0.005200697482012909,0.0,0.0,22.803439219290233,0.0054,0.45,4
0.010421923008316403,0.005190815603449739,0.0,0.0,22.993770199700094,0.0054,0.45,4
0.010408175231952616,0.0051808470619992796,0.0,0.0,23.178246447359136,0.0054,0.45,4
0.01039449042397843,0.005170792251990741,0.0,0.0,23.363110211239125,0.0054,0.45,4
0.010380869125728751,0.005160651571165888,0.0,0.0,23.548354178617164,0.0054,0.45,4
0.01036731187602622,0.005150425420663309,0.0,0.0,23.733971021730408,0.0054,0.45,4
0.010353819211159873,0.005140114205002549,0.0,0.0,23.919280149455975,0.0054,0.45,4
0.010340391664863953,0.005129718332068106,0.0,0.0,24.10451131691171,0.0054,0.45,4
0.010327029768296775,0.005119238213093293,0.0,0.0,24.290158057491293,0.0054,0.45,4
0.010313734050019728,0.005108674262643978,0.0,0.0,24.476213027499266,0.0054,0.45,4
0.010300505035976359,0.00509802689860218,0.0,0.0,24.66266886709173,0.0054,0.45,4
0.010287343249471578,0.005087296542149539,0.0,0.0,24.836103471857808,0.0054,0.45,4
0.010274249211150943,0.005076483617750656,0.0,0.0,25.00793317426149,0.0054,0.45,4
0.010261223438980078,0.005065588553136304,0.0,0.0,25.180197297504865,0.0054,0.45,4
0.010248266448224175,0.005054611779286504,0.0,0.0,25.352889027273562,0.0054,0.45,4
0.010235378751427618,0.005043553730413479,0.0,0.0,25.5250442725362,0.0054,0.45,4
0.010222560858393702,0.005032414843944479,0.0,0.0,25.69245255591715,0.0054,0.45,4
0.010209813276164468,0.005021195560504475,0.0,0.0,25.86032732629051,0.0054,0.45,4
0.010197136509000651,0.005009896323898732,0.0,0.0,26.028661942973088,0.0054,0.45,4
0.010184531058361727,0.004998517581095248,0.0,0.0,26.197449747091426,0.0054,0.45,4
0.010171997422886075,0.00498705978220708,0.0,0.0,26.36247573571821,0.0054,0.45,4
0.010159536098371263,0.004975523380474533,0.0,0.0,26.52270096313685,0.0054,0.45,4
0.010147147577754421,0.0049639088322472324,0.0,0.0,26.68342019603175,0.0054,0.45,4
0.010134832351092752,0.004952216596966076,0.0,0.0,26.84462707677394,0.0054,0.45,4
0.010122590905544144,0.004940447137145055,0.0,0.0,27.006315228444365,0.0054,0.45,4
0.010110423725347897,0.004928600918352958,0.0,0.0,27.164892205674526,0.0054,0.45,4
0.010098331291805568,0.004916678409194958,0.0,0.0,27.322661763636823,0.0054,0.45,4
0.01008631408326194,0.004904680081294075,0.0,0.0,27.48094354329527,0.0054,0.45,4
0.010074372575086084,0.004892606409272514,0.0,0.0,27.639731283440113,0.0054,0.45,4
0.010062507239652576,0.0048804578707329,0.0,0.0,27.79872165492251,0.0054,0.45,4
0.010050718546322786,0.004868234946239376,0.0,0.0,27.942758097526983,0.0054,0.45,4
0.010039006961426334,0.0048559381192985985,0.0,0.0,28.087375520138753,0.0054,0.45,4
0.010027372948242633,0.004843567876340611,0.0,0.0,28.232568202073978,0.0054,0.45,4
0.010015816966982557,0.0048311247066996,0.0,0.0,28.37833039989311,0.0054,0.45,4
0.01000433947477025,0.0048186091025945385,0.0,0.0,28.522097956985817,0.0054,0.45,4
0.009992940925625034,0.0048060215591097175,0.0,0.0,28.660667969953828,0.0054,0.45,4
0.009981621770443448,0.004793362574175159,0.0,0.0,28.79983905930765,0.0054,0.45,4
0.009970382456981421,0.00478063264854692,0.0,0.0,28.939605719806032,0.0054,0.45,4
0.00995922342983655,0.004767832285787286,0.0,0.0,29.079962422648492,0.0054,0.45,4
0.009948145130430519,0.004754961992244847,0.0,0.0,29.21399904274339,0.0054,0.45,4
0.009937147996991635,0.004742022277034474,0.0,0.0,29.343932812335943,0.0054,0.45,4
0.009926232464537494,0.004729013652017172,0.0,0.0,29.474480348955574,0.0054,0.45,4
0.00991539896485777,0.004715936631779839,0.0,0.0,29.605636488486027,0.0054,0.45,4
0.009904647926497138,0.004702791733614905,0.0,0.0,29.737396042736354,0.0054,0.45,4
0.009893979774738325,0.004689579477499877,0.0,0.0,29.86145556555256,0.0054,0.45,4
0.009883394931585274,0.004676300386076759,0.0,0.0,29.985030045233792,0.0054,0.45,4
0.009872893815746468,0.0046629549846313855,0.0,0.0,30.109226601880824,0.0054,0.45,4
0.009862476842618352,0.004649543801072643,0.0,0.0,30.234040322605416,0.0054,0.45,4
0.00985214442426891,0.004636067365911581,0.0,0.0,30.357288602015284,0.0054,0.45,4
0.009841896969421362,0.004622526212240433,0.0,0.0,30.47051400406871,0.0054,0.45,4
0.009831734883437993,0.004608920875711525,0.0,0.0,30.584377202831366,0.0054,0.45,4
0.009821658568304126,0.004595251894516088,0.0,0.0,30.69887369417542,0.0054,0.45,4
0.009811668422612213,0.004581519809362968,0.0,0.0,30.81399894892163,0.0054,0.45,4
0.00980176484154607,0.004567725163457236,0.0,0.0,30.924471876319046,0.0054,0.45,4
0.009791948216865243,0.0045538685024787045,0.0,0.0,31.02933420900795,0.0054,0.45,4
0.009782218936889514,0.004539950374560336,0.0,0.0,31.134848603012077,0.0054,0.45,4
0.00977257738648354,0.004525971330266562,0.0,0.0,31.2410108844603,0.0054,0.45,4
0.009763023947041628,0.004511931922571508,0.0,0.0,31.347816853852738,0.0054,0.45,4
0.009753558996472645,0.004497832706837117,0.0,0.0,31.444942318741724,0.0054,0.45,4
0.009744182909185075,0.004483674240791177,0.0,0.0,31.539198967342834,0.0054,0.45,4
0.009734896056072199,0.004469457084505264,0.0,0.0,31.634114380098282,0.0054,0.45,4
0.009725698804497435,0.004455181800372586,0.0,0.0,31.72968480240467,0.0054,0.45,4
0.009716591518279801,0.004440848953085732,0.0,0.0,31.825580978197216,0.0054,0.45,4
0.009707574557679517,0.004426459109614341,0.0,0.0,31.912591711801102,0.0054,0.45,4
0.009698648279383767,0.004412012839182668,0.0,0.0,32.00026740542457,0.0054,0.45,4
0.009689813036492577,0.004397510713247073,0.0,0.0,32.08860459084839,0.0054,0.45,4
0.009681069178504852,0.004382953305473411,0.0,0.0,32.17759977368649,0.0054,0.45,4
0.009672417051304555,0.0043683411917143375,0.0,0.0,32.26293360347852,0.0054,0.45,4
0.00966385699714702,0.0043536749499865374,0.0,0.0,32.33977728920166,0.0054,0.45,4
0.009655389354645412,0.004338955160447852,0.0,0.0,32.41726903660981,0.0054,0.45,4
0.009647014458757337,0.004324182405374336,0.0,0.0,32.495405780333805,0.0054,0.45,4
0.009638732640771587,0.0043093572691372175,0.0,0.0,32.57418442949014,0.0054,0.45,4
0.009630544228295042,0.004294480338179788,0.0,0.0,32.64573581241265,0.0054,0.45,4
0.009622449545239702,0.004279552200994198,0.0,0.0,32.7128797532535,0.0054,0.45,4
0.00961444891180988,0.004264573448098184,0.0,0.0,32.78068026065934,0.0054,0.45,4
0.009606542644489536,0.0042495446720117085,0.0,0.0,32.84913465262091,0.0054,0.45,4
0.00959873105602975,0.004234466467233515,0.0,0.0,32.918240221263005,0.0054,0.45,4
0.009591014455436362,0.004219339430217618,0.0,0.0,32.974815730952315,0.0054,0.45,4
0.009583393147957739,0.004204164159349707,0.0,0.0,33.030530993830055,0.0054,0.45,4
0.009575867435072705,0.004188941254923474,0.0,0.0,33.086911529042624,0.0054,0.45,4
0.009568437614478613,0.00417367131911687,0.0,0.0,33.14395510632471,0.0054,0.45,4
0.009561103980079571,0.004158354955968282,0.0,0.0,33.19978283769127,0.0054,0.45,4
0.009553866821974814,0.004142992771352644,0.0,0.0,33.24794763326603,0.0054,0.45,4
0.00954672642644723,0.004127585372957461,0.0,0.0,33.29677744698176,0.0054,0.45,4
0.009539683075952037,0.004112133370258781,0.0,0.0,33.346270347259804,0.0054,0.45,4
0.009532737049105598,0.004096637374497077,0.0,0.0,33.39642437629153,0.0054,0.45,4
0.009525888620674421,0.004081097998653071,0.0,0.0,33.440261495688226,0.0054,0.45,4
0.009519138061564273,0.004065515857423492,0.0,0.0,33.476946893879614,0.0054,0.45,4
0.009512485638809466,0.004049891567196748,0.0,0.0,33.514294985719935,0.0054,0.45,4
0.009505931615562301,0.004034225746028554,0.0,0.0,33.55230429381718,0.0054,0.45,4
0.009499476251082653,0.00401851901361748,0.0,0.0,33.590973314623355,0.0054,0.45,4
0.009493119800727713,0.004002771991280436,0.0,0.0,33.62108736438486,0.0054,0.45,4
0.009486862515941896,0.003986985301928093,0.0,0.0,33.64895054798117,0.0054,0.45,4
0.009480704644246881,0.003971159570040248,0.0,0.0,33.677482225560674,0.0054,0.45,4
0.009474646429231836,0.003955295421641115,0.0,0.0,33.70668126848547,0.0054,0.45,4
0.009468688110543768,0.003939393484274568,0.0,0.0,33.735908628140066,0.0054,0.45,4
0.00946282992387805,0.003923454386979306,0.0,0.0,33.752900975181475,0.0054,0.45,4
0.009457072100969095,0.003907478760263984,0.0,0.0,33.770548272921296,0.0054,0.45,4
0.009451414869581194,0.0038914672360822605,0.0,0.0,33.78884982327899,0.0054,0.45,4
0.009445858453499498,0.0038754204478078026,0.0,0.0,33.807804902293476,0.0054,0.45,4
0.009440403072521175,0.0038593390302092342,0.0,0.0,33.823636120882625,0.0054,0.45,4
0.009435048942446707,0.003843223619425023,0.0,0.0,33.832613067550845,0.0054,0.45,4
0.00942979627507136,0.003827074852938317,0.0,0.0,33.842233883749344,0.0054,0.45,4
0.009424645278176803,0.003810893369551728,0.0,0.0,33.852498188904036,0.0054,0.45,4
0.009419596155522887,0.0037946798093620626,0.0,0.0,33.863405576986054,0.0054,0.45,4
0.009414649106839586,0.0037784348137350006,0.0,0.0,33.86721940057917,0.0054,0.45,4
0.009409804327819103,0.0037621590252797255,0.0,0.0,33.866982413462374,0.0054,0.45,4
0.009405062010108114,0.0037458530878235015,0.0,0.0,33.86738277391543,0.0054,0.45,4
0.009400422341300204,0.0037295176463862127,0.0,0.0,33.868420466101135,0.0054,0.45,4
0.009395885504928432,0.003713153347154838,0.0,0.0,33.87009544897113,0.0054,0.45,4
0.009391451680458083,0.0036967608374578968,0.0,0.0,33.86224328849676,0.0054,0.45,4
0.009387121043279555,0.003680340765739839,0.0,0.0,33.85401408857746,0.0054,0.45,4
0.009382893764701436,0.003663893781535397,0.0,0.0,33.846408404778316,0.0054,0.45,4
0.009378770011943717,0.0036474205354438886,0.0,0.0,33.83942653796013,0.0054,0.45,4
0.009374749948131183,0.003630921679103483,0.0,0.0,33.830697257542,0.0054,0.45,4
0.009370833732286952,0.0036143978651654238,0.0,0.0,33.81297711914368,0.0054,0.45,4
0.009367021519326196,0.003597849747268211,0.0,0.0,33.79585654362441,0.0054,0.45,4
0.009363313460050008,0.0035812779800117457,0.0,0.0,33.77933620822902,0.0054,0.45,4
0.009359709701139432,0.0035646832189314337,0.0,0.0,33.763416766458406,0.0054,0.45,4
0.009356210385149666,0.0035480661204722575,0.0,0.0,33.74277865190135,0.0054,0.45,4
0.00935281565050442,0.0035314273419628055,0.0,0.0,33.71709783498373,0.0054,0.45,4
0.009349525631490444,0.0035147675415892754,0.0,0.0,33.692000893700225,0.0054,0.45,4
0.009346340458252216,0.0034980873783694304,0.0,0.0,33.66748882081964,0.0054,0.45,4
0.009343260256786785,0.0034813875121265363,0.0,0.0,33.64356258597492,0.0054,0.45,4
0.0093402851489388,0.0034646686034632574,0.0,0.0,33.6133157268152,0.0054,0.45,4
0.00933741525239568,0.0034479313137355276,0.0,0.0,33.58161567102296,0.0054,0.45,4
0.009334650680682965,0.003431176305026385,0.0,0.0,33.55048312438753,0.0054,0.45,4
0.009331991543159817,0.0034144042401197854,0.0,0.0,33.51991931843035,0.0054,0.45,4
0.009329437945014707,0.0033976157824743827,0.0,0.0,33.48927644603773,0.0054,0.45,4
0.009326989987261239,0.003380811596197284,0.0,0.0,33.449251007209796,0.0054,0.45,4
0.009324647766734171,0.003363992346017779,0.0,0.0,33.40976705953055,0.0054,0.45,4
0.009322411376085565,0.0033471586972610473,0.0,0.0,33.37082616488079,0.0054,0.45,4
0.009320280903781137,0.003330311315821835,0.0,0.0,33.33242986365962,0.0054,0.45,4
0.009318256434096756,0.0033134508681381225,0.0,0.0,33.29104023798454,0.0054,0.45,4
0.0093163380471151,0.003296578021164751,0.0,0.0,33.24357648954362,0.0054,0.45,4
0.009314525818722502,0.003279693442347047,0.0,0.0,33.196631095187755,0.0054,0.45,4
0.009312819820605934,0.003262797799594418,0.0,0.0,33.150205911952916,0.0054,0.45,4
0.009311220120250185,0.0032458917612539313,0.0,0.0,33.10430277629693,0.0054,0.45,4
0.00930972678093518,0.0032289759960838762,0.0,0.0,33.0563456259665,0.0054,0.45,4
0.009308339861733485,0.0032120511732273093,0.0,0.0,33.007414474482815,0.0054,0.45,4
0.009307059417507967,0.0031951179621855863,0.0,0.0,32.958975120377815,0.0054,0.45,4
0.009305885498909618,0.0031781770327918768,0.0,0.0,32.91102947978458,0.0054,0.45,4
0.009304818152375568,0.0031612290551846682,0.0,0.0,32.86357944930624,0.0054,0.45,4
0.009303857420127227,0.003144274699781257,0.0,0.0,32.80698920969842,0.0054,0.45,4
0.009303003340168628,0.0031273146372512274,0.0,0.0,32.75007692818183,0.0054,0.45,4
0.009302255946284924,0.003110349538489922,0.0,0.0,32.69363032242157,0.0054,0.45,4
0.009301615268041045,0.0030933800745919075,0.0,0.0,32.637651625296506,0.0054,0.45,4
0.009301081330780534,0.00307640691682442,0.0,0.0,32.58225459705295,0.0054,0.45,4
0.009300654155624538,0.0030594307366008156,0.0,0.0,32.527726822381425,0.0054,0.45,4
0.009300333759470982,0.003042452205454012,0.0,0.0,32.47364541892871,0.0054,0.45,4
0.009300120154993891,0.0030254719950099226,0.0,0.0,32.4200125260125,0.0054,0.45,4
0.009300013350642898,0.0030084907769608897,0.0,0.0,32.36683026520858,0.0054,0.45,4
0.009300013350642898,0.0029915092230391135,0.0,0.0,32.30989826218991,0.0054,0.45,4
0.009300120154993891,0.00297452800499008,0.0,0.0,32.24919502482181,0.0054,0.45,4
0.009300333759470982,0.002957547794545991,0.0,0.0,32.18891751767699,0.0054,0.45,4
0.009300654155624538,0.0029405692633991875,0.0,0.0,32.129068125174655,0.0054,0.45,4
0.009301081330780534,0.002923593083175583,0.0,0.0,32.06943184182873,0.0054,0.45,4
0.009301615268041045,0.0029066199254080952,0.0,0.0,32.009168732347916,0.0054,0.45,4
0.009302255946284924,0.0028896504615100794,0.0,0.0,31.94931626036984,0.0054,0.45,4
0.009303003340168627,0.0028726853627487757,0.0,0.0,31.889876793500456,0.0054,0.45,4
0.009303857420127227,0.002855725300218746,0.0,0.0,31.830852683008313,0.0054,0.45,4
0.009304818152375566,0.0028387709448153345,0.0,0.0,31.766901523595664,0.0054,0.45,4
0.009305885498909618,0.002821822967208126,0.0,0.0,31.70235671826003,0.0054,0.45,4
0.009307059417507965,0.0028048820378144164,0.0,0.0,31.638203948126623,0.0054,0.45,4
0.009308339861733485,0.0027879488267726934,0.0,0.0,31.57444575090986,0.0054,0.45,4
0.00930972678093518,0.0027710240039161265,0.0,0.0,31.50836261565942,0.0054,0.45,4
0.009311220120250185,0.0027541082387460714,0.0,0.0,31.440104340208464,0.0054,0.45,4
0.009312819820605934,0.0027372022004055847,0.0,0.0,31.372213559623265,0.0054,0.45,4
0.009314525818722502,0.0027203065576529555,0.0,0.0,31.304692959484065,0.0054,0.45,4
0.0093163380471151,0.0027034219788352517,0.0,0.0,31.23795680688675,0.0054,0.45,4
0.009318256434096756,0.0026865491318618802,0.0,0.0,31.17334255595558,0.0054,0.45,4
0.009320280903781137,0.0026696886841781663,0.0,0.0,31.109066003752705,0.0054,0.45,4
0.009322411376085565,0.0026528413027389554,0.0,0.0,31.04512969288902,0.0054,0.45,4
0.00932464776673417,0.0026360076539822235,0.0,0.0,30.981536152516345,0.0054,0.45,4
0.009326989987261239,0.002619188403802719,0.0,0.0,30.916883060648594,0.0054,0.45,4
0.009329437945014707,0.00260238421752562,0.0,0.0,30.85233809823641,0.0054,0.45,4
0.009331991543159817,0.0025855957598802173,0.0,0.0,30.788130075733932,0.0054,0.45,4
0.009334650680682965,0.002568823694973618,0.0,0.0,30.72426153304119,0.0054,0.45,4
0.00933741525239568,0.0025520686862644756,0.0,0.0,30.67225456352849,0.0054,0.45,4
0.0093402851489388,0.0025353313965367453,0.0,0.0,30.630685903788894,0.0054,0.45,4
0.009343260256786785,0.0025186124878734664,0.0,0.0,30.589461737245248,0.0054,0.45,4
0.009346340458252216,0.0025019126216305723,0.0,0.0,30.548583694616845,0.0054,0.45,4
0.009349525631490444,0.0024852324584107273,0.0,0.0,30.49334822135853,0.0054,0.45,4
0.00935281565050442,0.0024685726580371973,0.0,0.0,30.381363261101875,0.0054,0.45,4
0.009356210385149666,0.0024519338795277452,0.0,0.0,30.269550135161374,0.0054,0.45,4
0.009359709701139432,0.002435316781068569,0.0,0.0,30.157913266569413,0.0054,0.45,4
0.009363313460050008,0.0024187220199882575,0.0,0.0,30.046457071386083,0.0054,0.45,4
0.009367021519326196,0.0024021502527317917,0.0,0.0,30.083297121856504,0.0054,0.45,4
0.009370833732286952,0.002385602134834579,0.0,0.0,30.141626741956742,0.0054,0.45,4
0.009374749948131181,0.0023690783208965196,0.0,0.0,30.200760239524072,0.0054,0.45,4
0.009378770011943717,0.0023525794645561145,0.0,0.0,30.26069527539331,0.0054,0.45,4
0.009382893764701437,0.014336106218464609,0.0,0.0,29.47374753663418,0.0054,0.45,4
0.009387121043279555,0.014319659234260165,0.0,0.0,29.548488743630564,0.0054,0.45,4
0.009391451680458084,0.014303239162542109,0.0,0.0,29.623018845297526,0.0054,0.45,4
0.009395885504928434,0.014286846652845167,0.0,0.0,29.69733489342082,0.0054,0.45,4
0.009400422341300205,0.014270482353613792,0.0,0.0,29.77143394825358,0.0054,0.45,4
0.009405062010108116,0.014254146912176503,0.0,0.0,29.69517798153184,0.0054,0.45,4
0.009409804327819104,0.01423784097472028,0.0,0.0,29.595870126857736,0.0054,0.45,4
0.009414649106839588,0.014221565186265004,0.0,0.0,29.49698380736424,0.0054,0.45,4
0.009419596155522889,0.014205320190637943,0.0,0.0,29.39852293473338,0.0054,0.45,4
0.009424645278176803,0.014189106630448277,0.0,0.0,29.31050888764021,0.0054,0.45,4
0.009429796275071362,0.014172925147061689,0.0,0.0,29.268283158295645,0.0054,0.45,4
0.009435048942446709,0.014156776380574982,0.0,0.0,29.226344866625638,0.0054,0.45,4
0.009440403072521177,0.014140660969790771,0.0,0.0,29.1846956715984,0.0054,0.45,4
0.0094458584534995,0.014124579552192202,0.0,0.0,29.143337220746236,0.0054,0.45,4
0.009451414869581194,0.014108532763917745,0.0,0.0,29.094694862497377,0.0054,0.45,4
0.009457072100969096,0.014092521239736021,0.0,0.0,29.038663797057353,0.0054,0.45,4
0.009462829923878051,0.0140765456130207,0.0,0.0,28.982942045299865,0.0054,0.45,4
0.009468688110543768,0.014060606515725438,0.0,0.0,28.927531811430445,0.0054,0.45,4
0.009474646429231837,0.014044704578358888,0.0,0.0,28.87243528733182,0.0054,0.45,4
0.009480704644246883,0.014028840429959756,0.0,0.0,28.824298019446886,0.0054,0.45,4
0.009486862515941896,0.014013014698071912,0.0,0.0,28.778016331553335,0.0054,0.45,4
0.009493119800727715,0.013997228008719569,0.0,0.0,28.732050815669048,0.0054,0.45,4
0.009499476251082654,0.013981480986382525,0.0,0.0,28.68640329006859,0.0054,0.45,4
0.009505931615562301,0.013965774253971452,0.0,0.0,28.641000762848318,0.0054,0.45,4
0.009512485638809468,0.013950108432803258,0.0,0.0,28.59540729410345,0.0054,0.45,4
0.009519138061564274,0.013934484142576514,0.0,0.0,28.550138120668827,0.0054,0.45,4
0.009525888620674423,0.013918902001346933,0.0,0.0,28.50519503327355,0.0054,0.45,4
0.0095327370491056,0.013903362625502928,0.0,0.0,28.460579809747642,0.0054,0.45,4
0.009539683075952037,0.013887866629741223,0.0,0.0,28.413691915529085,0.0054,0.45,4
0.009546726426447232,0.013872414627042542,0.0,0.0,28.363859311921452,0.0054,0.45,4
0.009553866821974816,0.01385700722864736,0.0,0.0,28.31435846878516,0.0054,0.45,4
0.009561103980079573,0.013841645044031722,0.0,0.0,28.26519134424301,0.0054,0.45,4
0.009568437614478613,0.013826328680883135,0.0,0.0,28.216359883216775,0.0054,0.45,4
0.009575867435072705,0.013811058745076531,0.0,0.0,28.171175253059523,0.0054,0.45,4
0.009583393147957739,0.013795835840650299,0.0,0.0,28.12738697524236,0.0054,0.45,4
0.009591014455436362,0.013780660569782386,0.0,0.0,28.08394255844738,0.0054,0.45,4
0.009598731056029751,0.01376553353276649,0.0,0.0,28.040843721221158,0.0054,0.45,4
0.009606542644489537,0.013750455327988296,0.0,0.0,27.997819627000958,0.0054,0.45,4
0.009614448911809882,0.013735426551901821,0.0,0.0,27.95173642109925,0.0054,0.45,4
0.009622449545239704,0.013720447799005808,0.0,0.0,27.906013793970562,0.0054,0.45,4
0.009630544228295044,0.013705519661820218,0.0,0.0,27.86065355428145,0.0054,0.45,4
0.009638732640771589,0.013690642730862786,0.0,0.0,27.81565749636335,0.0054,0.45,4
0.009647014458757337,0.013675817594625668,0.0,0.0,27.77192885728376,0.0054,0.45,4
0.009655389354645412,0.013661044839552152,0.0,0.0,27.72998630115255,0.0054,0.45,4
0.009663856997147021,0.013646325050013466,0.0,0.0,27.688421299348498,0.0054,0.45,4
0.009672417051304557,0.013631658808285667,0.0,0.0,27.647235496073474,0.0054,0.45,4
0.009681069178504854,0.013617046694526595,0.0,0.0,27.606430520529223,0.0054,0.45,4
0.009689813036492577,0.013602489286752931,0.0,0.0,27.56061718168848,0.0054,0.45,4
0.009698648279383769,0.013587987160817336,0.0,0.0,27.51293899790398,0.0054,0.45,4
0.009707574557679519,0.013573540890385665,0.0,0.0,27.46565288662565,0.0054,0.45,4
0.009716591518279801,0.013559151046914273,0.0,0.0,27.418760718367338,0.0054,0.45,4
0.009725698804497435,0.013544818199627419,0.0,0.0,27.372240433060654,0.0054,0.45,4
0.009734896056072199,0.01353054291549474,0.0,0.0,27.32499454563402,0.0054,0.45,4
0.009744182909185075,0.013516325759208827,0.0,0.0,27.278158537060477,0.0054,0.45,4
0.009753558996472646,0.013502167293162887,0.0,0.0,27.231734260049013,0.0054,0.45,4
0.009763023947041628,0.013488068077428497,0.0,0.0,27.18572355102158,0.0054,0.45,4
0.00977257738648354,0.013474028669733443,0.0,0.0,27.14089290988112,0.0054,0.45,4
0.009782218936889516,0.01346004962543967,0.0,0.0,27.09800360150338,0.0054,0.45,4
0.009791948216865243,0.0134461314975213,0.0,0.0,27.05555587547841,0.0054,0.45,4
0.00980176484154607,0.013432274836542768,0.0,0.0,27.013551410926343,0.0054,0.45,4
0.009811668422612215,0.013418480190637037,0.0,0.0,26.971991869432994,0.0054,0.45,4
0.009821658568304128,0.013404748105483918,0.0,0.0,26.923898753066222,0.0054,0.45,4
0.009831734883437995,0.013391079124288479,0.0,0.0,26.872537312421713,0.0054,0.45,4
0.009841896969421362,0.013377473787759572,0.0,0.0,26.82164007449733,0.0054,0.45,4
0.00985214442426891,0.013363932634088424,0.0,0.0,26.77120905265357,0.0054,0.45,4
0.009862476842618352,0.013350456198927363,0.0,0.0,26.721246241808643,0.0054,0.45,4
0.009872893815746468,0.013337045015368618,0.0,0.0,26.665091128423335,0.0054,0.45,4
0.009883394931585274,0.013323699613923247,0.0,0.0,26.609188882186015,0.0054,0.45,4
0.009893979774738326,0.013310420522500128,0.0,0.0,26.55376663220447,0.0054,0.45,4
0.00990464792649714,0.0132972082663851,0.0,0.0,26.498826570836762,0.0054,0.45,4
0.00991539896485777,0.013284063368220167,0.0,0.0,26.44290607299376,0.0054,0.45,4
0.009926232464537494,0.013270986347982834,0.0,0.0,26.38376658539596,0.0054,0.45,4
0.009937147996991635,0.013257977722965532,0.0,0.0,26.32512827851781,0.0054,0.45,4
0.009948145130430519,0.013245038007755158,0.0,0.0,26.266993471936075,0.0054,0.45,4
0.009959223429836551,0.01323216771421272,0.0,0.0,26.209364465310383,0.0054,0.45,4
0.009970382456981421,0.013219367351453085,0.0,0.0,26.148652957918163,0.0054,0.45,4
0.009981621770443448,0.013206637425824846,0.0,0.0,26.086055696125825,0.0054,0.45,4
0.009992940925625034,0.013193978440890286,0.0,0.0,26.023987880249628,0.0054,0.45,4
0.01000433947477025,0.013181390897405465,0.0,0.0,25.962451965528672,0.0054,0.45,4
0.010015816966982557,0.013168875293300405,0.0,0.0,25.901450386161457,0.0054,0.45,4
0.010027372948242633,0.013156432123659394,0.0,0.0,25.83368085085519,0.0054,0.45,4
0.010039006961426336,0.013144061880701406,0.0,0.0,25.76577422664458,0.0054,0.45,4
0.010050718546322788,0.013131765053760628,0.0,0.0,25.69842074550146,0.0054,0.45,4
0.010062507239652576,0.013119542129267105,0.0,0.0,25.631623071751918,0.0054,0.45,4
0.010074372575086086,0.01310739359072749,0.0,0.0,25.561757086587214,0.0054,0.45,4
0.01008631408326194,0.01309531991870593,0.0,0.0,25.480283808172207,0.0054,0.45,4
0.010098331291805568,0.013083321590805046,0.0,0.0,25.399371649863816,0.0054,0.45,4
0.010110423725347897,0.013071399081647048,0.0,0.0,25.319023812333654,0.0054,0.45,4
0.010122590905544144,0.01305955286285495,0.0,0.0,25.239243473930234,0.0054,0.45,4
0.010134832351092754,0.013047783403033928,0.0,0.0,25.157879190637523,0.0054,0.45,4
0.010147147577754423,0.013036091167752773,0.0,0.0,25.075292296859544,0.0054,0.45,4
0.010159536098371265,0.013024476619525473,0.0,0.0,24.99328332905675,0.0054,0.45,4
0.010171997422886077,0.013012940217792925,0.0,0.0,24.911855531287628,0.0054,0.45,4
0.010184531058361727,0.013001482418904756,0.0,0.0,24.831012124621108,0.0054,0.45,4
0.010197136509000651,0.012990103676101273,0.0,0.0,24.74120439061474,0.0054,0.45,4
0.01020981327616447,0.012978804439495529,0.0,0.0,24.650447506666936,0.0054,0.45,4
0.010222560858393702,0.012967585156055526,0.0,0.0,24.56028938513618,0.0054,0.45,4
0.01023537875142762,0.012956446269586525,0.0,0.0,24.470733592439938,0.0054,0.45,4
0.010248266448224175,0.012945388220713502,0.0,0.0,24.38040438258875,0.0054,0.45,4
0.010261223438980078,0.0129344114468637,0.0,0.0,24.284233092669684,0.0054,0.45,4
0.010274249211150943,0.01292351638224935,0.0,0.0,24.18865288170595,0.0054,0.45,4
0.010287343249471578,0.012912703457850465,0.0,0.0,24.093667530598573,0.0054,0.45,4
0.01030050503597636,0.012901973101397825,0.0,0.0,23.999280796717574,0.0054,0.45,4
0.010313734050019728,0.012891325737356026,0.0,0.0,23.89697724016958,0.0054,0.45,4
0.010327029768296777,0.012880761786906711,0.0,0.0,23.78646924141683,0.0054,0.45,4
0.010340391664863953,0.012870281667931898,0.0,0.0,23.676553884659054,0.0054,0.45,4
0.010353819211159875,0.012859885794997455,0.0,0.0,23.567235517857863,0.0054,0.45,4
0.01036731187602622,0.012849574579336696,0.0,0.0,23.45851846535955,0.0054,0.45,4
0.010380869125728751,0.012839348428834116,0.0,0.0,23.342875268376893,0.0054,0.45,4
0.010394490423978428,0.012829207748009264,0.0,0.0,23.226036500722728,0.0054,0.45,4
0.010408175231952617,0.012819152938000724,0.0,0.0,23.109801444247502,0.0054,0.45,4
0.010421923008316401,0.012809184396550266,0.0,0.0,22.99417469690355,0.0054,0.45,4
0.010435733209244012,0.012799302517987096,0.0,0.0,22.878859148366768,0.0054,0.45,4
0.010449605288440317,0.012789507693212267,0.0,0.0,22.76199245103413,0.0054,0.45,4
0.010463538697162456,0.012779800309683217,0.0,0.0,22.64571676784005,0.0054,0.45,4
0.010477532884241523,0.012770180751398436,0.0,0.0,22.530036698343896,0.0054,0.45,4
0.010491587296104384,0.01276064939888228,0.0,0.0,22.41495681854415,0.0054,0.45,4
0.010505701376795575,0.012751206629169915,0.0,0.0,22.292705231890583,0.0054,0.45,4
0.010519874567999287,0.012741852815792407,0.0,0.0,22.161074148650492,0.0054,0.45,4
0.010534106309061455,0.012732588328761946,0.0,0.0,22.03001232627598,0.0054,0.45,4
0.010548396037011937,0.012723413534557203,0.0,0.0,21.899524949227064,0.0054,0.45,4
0.010562743186586785,0.012714328796108839,0.0,0.0,21.76961717924021,0.0054,0.45,4
0.010577147190250597,0.01270533447278515,0.0,0.0,21.63117646484822,0.0054,0.45,4
0.01059160747821898,0.012696430920377843,0.0,0.0,21.490316100887647,0.0054,0.45,4
0.010606123478481074,0.01268761849108797,0.0,0.0,21.350009295061597,0.0054,0.45,4
0.0106206946168222,0.012678897533511991,0.0,0.0,21.21026159753725,0.0054,0.45,4
0.010635320316846547,0.012670268392627991,0.0,0.0,21.070692703614313,0.0054,0.45,4
0.010650000000000003,0.01266173140978202,0.0,0.0,20.926524510132538,0.0054,0.45,4
0.010664733085593013,0.012653286922674607,0.0,0.0,20.782890579078,0.0054,0.45,4
0.010679518990823566,0.012644935265347391,0.0,0.0,20.639796592230212,0.0054,0.45,4
0.010694357130800254,0.012636676768169909,0.0,0.0,20.49724821000985,0.0054,0.45,4
0.010709246918565386,0.01262851175782653,0.0,0.0,20.353098630229283,0.0054,0.45,4
0.01072418776511823,0.012620440557303525,0.0,0.0,20.206033569151487,0.0054,0.45,4
0.010739179079438303,0.012612463485876304,0.0,0.0,20.05947518010301,0.0054,0.45,4
0.010754220268508747,0.012604580859096772,0.0,0.0,19.913429260547183,0.0054,0.45,4
0.010769310737339789,0.012596792988780858,0.0,0.0,19.76790158767544,0.0054,0.45,4
0.010784449888992284,0.01258910018299617,0.0,0.0,19.620912149076634,0.0054,0.45,4
0.01079963712460132,0.012581502746049814,0.0,0.0,19.47354359714044,0.0054,0.45,4
0.010814871843399911,0.01257400097847636,0.0,0.0,19.32663818641219,0.0054,0.45,4
0.010830153442742756,0.012566595177025953,0.0,0.0,19.18020172808253,0.0054,0.45,4
0.010845481318130096,0.01255928563465256,0.0,0.0,19.034030708135216,0.0054,0.45,4
0.0108608548632316,0.012552072640502402,0.0,0.0,18.875848864629802,0.0054,0.45,4
0.010876273469910372,0.012544956479902504,0.0,0.0,18.718087168191627,0.0054,0.45,4
0.010891736528246996,0.012537937434349411,0.0,0.0,18.560751859457312,0.0054,0.45,4
0.010907243426563663,0.012531015781498057,0.0,0.0,18.403849162196767,0.0054,0.45,4
0.010922793551448378,0.012524191795150767,0.0,0.0,18.25001024431509,0.0054,0.45,4
0.010938386287779208,0.01251746574524645,0.0,0.0,18.101849817474047,0.0054,0.45,4
0.010954021018748632,0.012510837897849895,0.0,0.0,17.954070885785452,0.0054,0.45,4
0.01096969712588792,0.01250430851514127,0.0,0.0,17.80667929499417,0.0054,0.45,4
0.010985413989091626,0.012497877855405733,0.0,0.0,17.65968087552275,0.0054,0.45,4
0.011001170986642085,0.012491546173023223,0.0,0.0,17.51919171081797,0.0054,0.45,4
0.011016967495234037,0.012485313718458397,0.0,0.0,17.382362348242847,0.0054,0.45,4
0.011032802889999258,0.012479180738250719,0.0,0.0,17.245858289687675,0.0054,0.45,4
0.011048676544531299,0.012473147475004711,0.0,0.0,17.10968493489297,0.0054,0.45,4
0.01106458783091025,0.012467214167380355,0.0,0.0,16.97384767051752,0.0054,0.45,4
0.011080536119727584,0.012461381050083653,0.0,0.0,16.842569659822416,0.0054,0.45,4
0.01109652078011106,0.012455648353857342,0.0,0.0,16.71171336424458,0.0054,0.45,4
0.011112541179749667,0.012450016305471765,0.0,0.0,16.581120823542495,0.0054,0.45,4
0.01112859668491865,0.012444485127715902,0.0,0.0,16.450797203612627,0.0054,0.45,4
0.011144686660504567,0.012439055039388556,0.0,0.0,16.326973556515323,0.0054,0.45,4
0.011160810470030421,0.012433726255289702,0.0,0.0,16.21949562191967,0.0054,0.45,4
0.011176967475680828,0.012428498986211985,0.0,0.0,16.112223662852177,0.0054,0.45,4
0.011193157038327262,0.012423373438932381,0.0,0.0,16.005161922708577,0.0054,0.45,4
0.011209378517553315,0.012418349816204027,0.0,0.0,15.898314636569006,0.0054,0.45,4
0.011225631271680058,0.012413428316748184,0.0,0.0,15.799410379999534,0.0054,0.45,4
0.0112419146577914,0.012408609135246391,0.0,0.0,15.705956208806967,0.0054,0.45,4
0.01125822803175953,0.012403892462332766,0.0,0.0,15.61266962819785,0.0054,0.45,4
0.011274570748270398,0.012399278484586438,0.0,0.0,15.51955432834325,0.0054,0.45,4
0.01129094216084924,0.012394767384524209,0.0,0.0,15.426613992638883,0.0054,0.45,4
0.011307341621886157,0.012390359340593292,0.0,0.0,15.402393674985262,0.0054,0.45,4
0.011323768482661716,0.012386054527164281,0.0,0.0,15.385071545833497,0.0054,0.45,4
0.011340222093372633,0.012381853114524246,0.0,0.0,15.367853649243973,0.0054,0.45,4
0.011356701803157456,0.012377755268869988,0.0,0.0,15.350740666311271,0.0054,0.45,4
0.011373206960122336,0.01237376115230147,0.0,0.0,15.330852322866875,0.0054,0.45,4
0.011389736911366789,0.012369870922815416,0.0,0.0,15.301139690733653,0.0054,0.45,4
0.011406291003009543,0.012366084734299038,0.0,0.0,15.271481489750304,0.0054,0.45,4
0.011422868580214388,0.012362402736523974,0.0,0.0,15.241878893117043,0.0054,0.45,4
0.011439468987216093,0.01235882507514034,0.0,0.0,15.212333071834518,0.0054,0.45,4
0.01145609156734634,0.012355351891670988,0.0,0.0,15.302360362930843,0.0054,0.45,4
0.011472735663059693,0.012351983323505896,0.0,0.0,15.493853692213634,0.0054,0.45,4
0.011489400615959629,0.012348719503896734,0.0,0.0,15.685431068527741,0.0054,0.45,4
0.011506085766824558,0.012345560561951602,0.0,0.0,15.877084913577372,0.0054,0.45,4
0.011522790455633921,0.012342506622629907,0.0,0.0,16.068807646041932,0.0054,0.45,4
0.01153951402159428,0.012339557806737438,0.0,0.0,16.10351244539817,0.0054,0.45,4
0.011556255803165476,0.012336714230921574,0.0,0.0,16.111941182371055,0.0054,0.45,4
0.01157301513808678,0.012333976007666673,0.0,0.0,16.120380815679034,0.0054,0.45,4
0.01158979136340311,0.012331343245289627,0.0,0.0,16.128831011472474,0.0054,0.45,4
0.01160658381549123,0.012328816047935572,0.0,0.0,16.287707064531414,0.0054,0.45,4
0.01162339183008603,0.012326394515573767,0.0,0.0,17.170233374737577,0.0054,0.45,4
0.011640214742306774,0.01232407874399365,0.0,0.0,18.05350629639862,0.0054,0.45,4
0.01165705188668343,0.012321868824801036,0.0,0.0,18.937490889567506,0.0054,0.45,4
0.011673902597182968,0.012319764845414497,0.0,0.0,19.822152186145043,0.0054,0.45,4
0.011690766207235722,0.012317766889061913,0.0,0.0,20.108344370492365,0.0054,0.45,4
0.011707642049761756,0.012315875034777168,0.0,0.0,19.765863581650244,0.0054,0.45,4
0.011724529457197245,0.012314089357397022,0.0,0.0,19.424026728034278,0.0054,0.45,4
0.011741427761520892,0.012312409927558169,0.0,0.0,19.082847331808768,0.0054,0.45,4
0.011758336294280343,0.012310836811694422,0.0,0.0,18.74233888913089,0.0054,0.45,4
0.011775254386618637,0.012309370072034094,0.0,0.0,21.856375208553704,0.0054,0.45,4
0.011792181369300657,0.012308009766597539,0.0,0.0,25.815477303170105,0.0054,0.45,4
0.011809116572739618,0.012306755949194854,0.0,0.0,29.773318382198486,0.0054,0.45,4
0.011826059327023528,0.012305608669423746,0.0,0.0,33.72974188388212,0.0054,0.45,4
0.011843008961941718,0.012304567972667579,0.0,0.0,36.7181843057023,0.0054,0.45,4
0.011859964807011328,0.01230363390009357,0.0,0.0,32.54356256996823,0.0054,0.45,4
0.011876926191503852,0.01230280648865117,0.0,0.0,28.378277916353465,0.0054,0.45,4
0.011893892444471648,0.012302085771070588,0.0,0.0,24.222495112534308,0.0054,0.45,4
0.011910862894774495,0.012301471775861515,0.0,0.0,20.07637855031834,0.0054,0.45,4
0.011927836871106141,0.012300964527311982,0.0,0.0,29.04348843045043,0.0054,0.45,4
0.011944813702020841,0.012300564045487402,0.0,0.0,55.05716235510242,0.0054,0.45,4
0.011961792715959945,0.012300270346229781,0.0,0.0,81.04651091472543,0.0054,0.45,4
0.011978773241278438,0.012300083441157086,0.0,0.0,107.01050603923053,0.0054,0.45,4
0.011995754606271525,0.01230000333766279,0.0,0.0,132.9481206614496,0.0054,0.45,4
